0 0.5013525698827773 0.8057553956834532 0.5099188458070334 0.8057553956834532 0.5126239855725879 0.800959232613909 0.5117222723174031 0.7961630695443646 0.5085662759242561 0.7945643485211831 0.49864743011722273 0.7961630695443646 0.4981965734896303 0.8001598721023181 0.5013525698827773 0.8057553956834532
0 0.04643823264201984 0.23741007194244604 0.05365193868349865 0.23741007194244604 0.05725879170423805 0.23421262989608316 0.061316501352569885 0.22302158273381298 0.06402164111812444 0.2006394884092726 0.059513074842200184 0.1918465227817746 0.059963931469792606 0.17985611510791366 0.058160504959422904 0.1750599520383693 0.046889089269612265 0.17346123101518784 0.043733092876465283 0.1750599520383693 0.04328223624887286 0.17985611510791366 0.04328223624887286 0.2334132693844924 0.04643823264201984 0.23741007194244604
0 0.6167718665464382 0.4356514788169465 0.6190261496844004 0.4324540367705836 0.6208295761947701 0.4020783373301359 0.6199278629395851 0.3980815347721823 0.60595130748422 0.39648281374900085 0.5982867448151488 0.4020783373301359 0.5987376014427412 0.43325339728217427 0.6167718665464382 0.4356514788169465
0 0.5027051397655545 0.8225419664268585 0.5085662759242561 0.8225419664268585 0.5112714156898106 0.8169464428457234 0.5112714156898106 0.8137490007993605 0.5085662759242561 0.8105515587529977 0.4995491433724076 0.8121502797761792 0.4995491433724076 0.8201438848920864 0.5027051397655545 0.8225419664268585
0 0.7696122633002704 0.9216626698641087 0.796663660955816 0.9232613908872902 0.7989179440937783 0.9184652278177459 0.7984670874661858 0.9136690647482014 0.793507664562669 0.9104716227018386 0.7732191163210099 0.9072741806554757 0.7655545536519388 0.9096722621902479 0.7655545536519388 0.9184652278177459 0.7696122633002704 0.9216626698641087
0 0.5360685302073941 0.5939248601119105 0.5414788097385032 0.595523581135092 0.5500450856627592 0.5843325339728218 0.5500450856627592 0.5787370103916867 0.5374211000901714 0.5523581135091926 0.5324616771866546 0.5515587529976019 0.5261496844003607 0.5603517186250999 0.5256988277727683 0.5707434052757794 0.5360685302073941 0.5939248601119105
0 0.26149684400360684 0.28377298161470826 0.27051397655545534 0.2797761790567546 0.27366997294860235 0.27098321342925663 0.27412082957619477 0.2478017585931255 0.2723174030658251 0.24460431654676262 0.26149684400360684 0.24300559552358114 0.2569882777276826 0.24460431654676262 0.2556357078449053 0.24860111910471622 0.2560865644724978 0.2797761790567546 0.26149684400360684 0.28377298161470826
0 0.5027051397655545 0.7721822541966427 0.5121731289449956 0.7721822541966427 0.5139765554553652 0.7665867306155076 0.5135256988277728 0.7609912070343725 0.5099188458070334 0.756994404476419 0.5049594229035167 0.756994404476419 0.5013525698827773 0.7617905675459633 0.5004508566275925 0.7689848121502798 0.5027051397655545 0.7721822541966427
0 0.6388638412984671 0.24620303756994405 0.6510369702434625 0.2517985611510791 0.6596032461677187 0.24940047961630699 0.6627592425608656 0.21342925659472425 0.6605049594229035 0.19344524380495606 0.6550946798917944 0.19024780175859313 0.6402164111812444 0.19024780175859313 0.6384129846708747 0.19344524380495606 0.6375112714156899 0.20623501199040767 0.6370604147880974 0.2270183852917666 0.6388638412984671 0.24620303756994405
0 0.3557258791704238 0.3341326938449241 0.3660955816050496 0.3333333333333333 0.3805229936880072 0.33733013589128696 0.3836789900811542 0.32454036770583533 0.38322813345356177 0.302158273381295 0.3805229936880072 0.29576338928856916 0.35662759242560865 0.29576338928856916 0.351668169522092 0.2997601918465228 0.35211902614968443 0.3261390887290168 0.3557258791704238 0.3341326938449241
0 0.5036068530207394 0.7897681854516387 0.5117222723174031 0.7897681854516387 0.5130748422001803 0.7865707434052758 0.5130748422001803 0.7809752198241406 0.5112714156898106 0.7785771382893686 0.5004508566275925 0.7793764988009593 0.5004508566275925 0.7865707434052758 0.5036068530207394 0.7897681854516387
0 0.39224526600541026 0.6906474820143885 0.40486925157799825 0.6930455635491607 0.41027953110910736 0.7034372501998403 0.42425608656447256 0.7034372501998403 0.4269612263300271 0.6986410871302958 0.4292155094679892 0.6746602717825739 0.4292155094679892 0.6706634692246204 0.42741208295761945 0.6682653876898482 0.402614968440036 0.6650679456434853 0.39314697926059516 0.6674660271782575 0.3913435527502254 0.6714628297362111 0.39089269612263305 0.6882494004796164 0.39224526600541026 0.6906474820143885
0 0.7790802524797115 0.9408473221422862 0.7957619477006312 0.9408473221422862 0.7993688007213706 0.9392486011191048 0.8007213706041478 0.9360511590727418 0.7962128043282236 0.9272581934452439 0.7808836789900812 0.9256594724220625 0.7754733994589721 0.929656274980016 0.7750225428313796 0.9352517985611511 0.7790802524797115 0.9408473221422862
0 0.19657348963029758 0.2222222222222222 0.21055004508566277 0.22302158273381298 0.2168620378719567 0.2126298960831335 0.22001803426510372 0.19584332533972823 0.218214607754734 0.18784972022382096 0.2091974752028855 0.1838529176658673 0.19972948602344456 0.1838529176658673 0.1956717763751127 0.18864908073541167 0.1952209197475203 0.21422861710631497 0.19657348963029758 0.2222222222222222
0 0.0351668169522092 0.6410871302957634 0.045987376014427414 0.64828137490008 0.05049594229035167 0.64828137490008 0.05275022542831379 0.6370903277378098 0.05275022542831379 0.6083133493205436 0.04869251577998197 0.6051159072741806 0.03606853020739405 0.60431654676259 0.03381424706943192 0.6099120703437251 0.033363390441839495 0.6266986410871304 0.0351668169522092 0.6410871302957634
0 0.524346257889991 0.7769784172661871 0.5419296663660956 0.7761790567545964 0.5450856627592425 0.7745803357314149 0.5468890892696122 0.7705835331734613 0.5464382326420198 0.7617905675459633 0.542380522993688 0.756994404476419 0.5288548241659152 0.7553956834532374 0.5234445446348062 0.7577937649880097 0.5225428313796213 0.7745803357314149 0.524346257889991 0.7769784172661871
0 0.7308385933273219 0.8553157474020784 0.7479711451758341 0.8585131894484412 0.7515779981965736 0.8561151079136692 0.7529305680793508 0.8513189448441247 0.7547339945897205 0.8313349320543566 0.7479711451758341 0.82414068745004 0.7389540126239856 0.82414068745004 0.7312894499549144 0.8305355715427658 0.729936880072137 0.841726618705036 0.7294860234445446 0.8521183053557154 0.7308385933273219 0.8553157474020784
0 0.6203787195671777 0.8073541167066347 0.6284941388638413 0.8073541167066347 0.633453561767358 0.8041566746602719 0.6375112714156899 0.7825739408473221 0.6370604147880974 0.7785771382893686 0.630297565374211 0.771382893685052 0.6158701532912535 0.7673860911270984 0.6086564472497746 0.7681854516386891 0.6064021641118125 0.7721822541966427 0.6050495942290353 0.78017585931255 0.6045987376014428 0.8033573141486812 0.6203787195671777 0.8073541167066347
0 0.5541027953110911 0.31974420463629094 0.5640216411181245 0.32214228617106316 0.5712353471596032 0.31974420463629094 0.573038773669973 0.3061550759392486 0.5725879170423805 0.2965627498001599 0.566726780883679 0.293365307753797 0.5590622182146078 0.293365307753797 0.5527502254283138 0.2965627498001599 0.5518485121731289 0.31175059952038375 0.5541027953110911 0.31974420463629094
0 0.5252479711451759 0.8249400479616307 0.5387736699729486 0.8257394084732215 0.542380522993688 0.8209432454036771 0.5437330928764653 0.8145483613109513 0.5432822362488728 0.806554756195044 0.5414788097385032 0.8057553956834532 0.5256988277727683 0.8041566746602719 0.5220919747520288 0.8073541167066347 0.5216411181244364 0.8177458033573143 0.5252479711451759 0.8249400479616307