0 0.6375112714156899 0.19984012789768185 0.6406672678088369 0.18784972022382096 0.6406672678088369 0.1654676258992806 0.6266907123534716 0.16386890487609912 0.6230838593327321 0.17026378896882494 0.6230838593327321 0.19904076738609114 0.6375112714156899 0.19984012789768185
0 0.0351668169522092 0.3045563549160672 0.04328223624887286 0.30295763389288566 0.046889089269612265 0.2749800159872102 0.046889089269612265 0.26458832933653076 0.044634806131650134 0.25819344524380494 0.028403967538322816 0.2541966426858513 0.015779981965734897 0.2541966426858513 0.011722272317403066 0.2685851318944844 0.012173128944995492 0.2997601918465228 0.0351668169522092 0.3045563549160672
0 0.4003606853020739 0.21023181454836132 0.4075743913435528 0.21103117505995203 0.41118124436429215 0.20863309352517986 0.4116321009918846 0.19984012789768185 0.40892696122633004 0.19664268585131894 0.4003606853020739 0.1950439648281375 0.3976555455365194 0.19824140687450043 0.3976555455365194 0.20623501199040767 0.4003606853020739 0.21023181454836132
0 0.978809738503156 0.30055955235811355 0.9995491433724076 0.30055955235811355 0.9995491433724076 0.2541966426858513 0.9954914337240758 0.25099920063948844 0.9842200180342651 0.2517985611510791 0.9801623083859333 0.25739408473221426 0.9774571686203787 0.26618705035971224 0.9770063119927863 0.2965627498001599 0.978809738503156 0.30055955235811355
0 0.4138863841298467 0.4268585131894485 0.4328223624887286 0.4292565947242206 0.436429215509468 0.425259792166267 0.4359783588818755 0.407673860911271 0.4206492335437331 0.40447641886490815 0.4143372407574391 0.40527577937649883 0.4129846708746619 0.407673860911271 0.412082957619477 0.4244604316546763 0.4138863841298467 0.4268585131894485
0 0.8097385031559965 0.8345323741007195 0.8137962128043282 0.8353317346123101 0.8174030658250677 0.8321342925659473 0.825067628494139 0.8137490007993605 0.825067628494139 0.8025579536370904 0.8228133453561768 0.7993605115907274 0.8110910730387737 0.7993605115907274 0.8074842200180342 0.806554756195044 0.8070333633904418 0.8265387689848122 0.8097385031559965 0.8345323741007195
0 0.824165915238954 0.7889688249400479 0.8264201983769162 0.7793764988009593 0.8259693417493238 0.762589928057554 0.8246167718665464 0.7601918465227818 0.8169522091974751 0.7601918465227818 0.8133453561767359 0.7689848121502798 0.8133453561767359 0.7857713828936851 0.824165915238954 0.7889688249400479
0 0.35211902614968443 0.4636290967226219 0.3656447249774572 0.4636290967226219 0.3692515779981966 0.4612310151878497 0.37285843101893595 0.4556354916067146 0.37466185752930564 0.44684252597921664 0.37376014427412085 0.43804956035171866 0.3701532912533814 0.4348521183053557 0.3525698827772768 0.434052757793765 0.3471596032461677 0.4444444444444444 0.3471596032461677 0.4596322941646683 0.35211902614968443 0.4636290967226219
0 0.3868349864743012 0.22861710631494805 0.3890892696122633 0.2214228617106315 0.38954012623985573 0.2094324540367706 0.38863841298467083 0.20623501199040767 0.38458070333633904 0.2038369304556355 0.3692515779981966 0.2030375699440448 0.3633904418394951 0.2094324540367706 0.36158701532912535 0.21982414068745004 0.36203787195671777 0.2278177458033573 0.3868349864743012 0.22861710631494805
0 0.20649233543733095 0.2294164668265388 0.21956717763751127 0.2334132693844924 0.23128944995491435 0.23181454836131096 0.2339945897204689 0.2094324540367706 0.23354373309287646 0.20223820943245407 0.21280432822362488 0.2006394884092726 0.20649233543733095 0.20223820943245407 0.20513976555455368 0.20543565147881696 0.20468890892696123 0.21902478017585933 0.20649233543733095 0.2294164668265388
0 0 0.64828137490008 0.013525698827772768 0.6490807354116707 0.02885482416591524 0.6554756195043965 0.03381424706943192 0.6546762589928058 0.035617673579801626 0.6386890487609912 0.034715960324616775 0.6330935251798562 0.005861136158701533 0.6282973621103117 0 0.6282973621103117 0 0.64828137490008
0 0.2236248872858431 0.7346123101518786 0.23083859332732193 0.7354116706634692 0.23354373309287646 0.7266187050359713 0.2321911632100992 0.7130295763389289 0.23309287646528404 0.6826538768984812 0.23038773669972948 0.6786570743405277 0.2231740306582507 0.6786570743405277 0.21911632100991885 0.6818545163868905 0.21866546438232642 0.6874500399680257 0.218214607754734 0.7282174260591526 0.2236248872858431 0.7346123101518786
0 0.8192064923354373 0.5555555555555556 0.8327321911632102 0.5555555555555556 0.8381424706943192 0.5531574740207834 0.8403967538322813 0.548361310951239 0.8412984670874663 0.5315747402078338 0.8381424706943192 0.5203836930455635 0.8205590622182147 0.5227817745803358 0.8183047790802525 0.5331734612310152 0.8174030658250677 0.5539568345323741 0.8192064923354373 0.5555555555555556
0 0.1266907123534716 0.6682653876898482 0.15058611361587015 0.6762589928057555 0.1587015329125338 0.6762589928057555 0.16230838593327324 0.6714628297362111 0.16140667267808836 0.657074340527578 0.1564472497745717 0.6514788169464429 0.1289449954914337 0.642685851318945 0.12037871956717765 0.6434852118305356 0.11587015329125337 0.6498800959232613 0.11632100991884581 0.6610711430855316 0.1266907123534716 0.6682653876898482
0 0.3863841298467087 0.3788968824940048 0.3994589720468891 0.37969624300559557 0.40577096483318303 0.3733013589128697 0.40622182146077546 0.36211031175059955 0.402614968440036 0.35651478816946447 0.39089269612263305 0.354916067146283 0.3859332732191163 0.3557154276578737 0.3836789900811542 0.35891286970423664 0.38322813345356177 0.37250199840127896 0.3863841298467087 0.3788968824940048
0 0.6194770063119928 0.06874500399680256 0.6307484220018034 0.07114308553157474 0.6352569882777277 0.06794564348521183 0.6370604147880974 0.05435651478816946 0.6370604147880974 0.04476418864908074 0.6352569882777277 0.03996802557953637 0.6230838593327321 0.03836930455635491 0.6199278629395851 0.04316546762589928 0.6181244364292156 0.05915267785771383 0.6194770063119928 0.06874500399680256
0 0.5577096483318305 0.40527577937649883 0.5685302073940487 0.40687450039968026 0.5788999098286746 0.40447641886490815 0.5838593327321911 0.39728217426059154 0.5861136158701533 0.3749000799360512 0.5798016230838593 0.37010391686650684 0.5676284941388638 0.37250199840127896 0.5622182146077548 0.3756994404476419 0.5568079350766456 0.3868904876099121 0.5559062218214608 0.4012789768185452 0.5577096483318305 0.40527577937649883
0 0.10820559062218214 0.47242206235011996 0.12984670874661858 0.47002398081534774 0.13345356176735798 0.4572342126298961 0.13300270513976556 0.44604316546762596 0.12984670874661858 0.44124700239808157 0.11000901713255186 0.43884892086330934 0.10775473399458972 0.4404476418864908 0.10504959422903516 0.4476418864908074 0.10504959422903516 0.4676258992805756 0.10820559062218214 0.47242206235011996
0 0.11812443642921551 0.6298960831334932 0.12082957619477007 0.6322941646682655 0.1492335437330929 0.6386890487609912 0.15599639314697925 0.6370903277378098 0.1582506762849414 0.6338928856914469 0.1582506762849414 0.6219024780175859 0.15464382326420198 0.6147082334132695 0.130297565374211 0.6083133493205436 0.11812443642921551 0.6115107913669064 0.11677186654643823 0.6235011990407675 0.11812443642921551 0.6298960831334932
0 0.7705139765554554 0.2094324540367706 0.7718665464382326 0.21103117505995203 0.793507664562669 0.21342925659472425 0.7971145175834086 0.2094324540367706 0.7975653742110009 0.18864908073541167 0.7957619477006312 0.1806554756195044 0.7772768259693417 0.17905675459632295 0.7727682596934174 0.18145483613109514 0.7705139765554554 0.18784972022382096 0.7696122633002704 0.19424460431654678 0.7705139765554554 0.2094324540367706
0 0.36203787195671777 0.1342925659472422 0.37466185752930564 0.13509192645883294 0.37781785392245265 0.1310951239008793 0.37781785392245265 0.11830535571542766 0.3764652840396754 0.11590727418065548 0.3642921550946799 0.11430855315747403 0.36113615870153287 0.11910471622701839 0.3606853020739405 0.1310951239008793 0.36203787195671777 0.1342925659472422
0 0.40802524797114514 0.47801758593125504 0.4147880973850316 0.47801758593125504 0.42110009017132555 0.469224620303757 0.4310189359783589 0.4636290967226219 0.4328223624887286 0.4596322941646683 0.4328223624887286 0.4532374100719425 0.4269612263300271 0.44844124700239807 0.41343552750225426 0.4476418864908074 0.40802524797114514 0.4508393285371703 0.40577096483318303 0.4596322941646683 0.40577096483318303 0.4756195043964829 0.40802524797114514 0.47801758593125504
0 0.47520288548241657 0.5027977617905676 0.49233543733092877 0.5075939248601119 0.4959422903516682 0.5019984012789769 0.4990982867448151 0.47322142286171065 0.4945897204688909 0.47002398081534774 0.47790802524797116 0.469224620303757 0.47565374211000905 0.47322142286171065 0.4743011722272317 0.4828137490007994 0.47385031559963936 0.4948041566746603 0.47520288548241657 0.5027977617905676
0 0.694770063119928 0.800959232613909 0.7028854824165914 0.7993605115907274 0.7028854824165914 0.7753796962430056 0.6974752028854824 0.7721822541966427 0.6902614968440036 0.7721822541966427 0.6884580703336339 0.7769784172661871 0.6889089269612263 0.797761790567546 0.694770063119928 0.800959232613909
0 0.7060414788097384 0.7825739408473221 0.715960324616772 0.7849720223820944 0.7186654643823265 0.7825739408473221 0.7200180342651037 0.7681854516386891 0.7173128944995492 0.7593924860111911 0.7096483318304779 0.7577937649880097 0.7051397655545536 0.7617905675459633 0.7046889089269612 0.7793764988009593 0.7060414788097384 0.7825739408473221
0 0.4855725879170424 0.23501199040767387 0.48782687105500455 0.24300559552358114 0.4882777276825969 0.2717825739408473 0.48692515779981965 0.27577937649880097 0.48872858431018934 0.2797761790567546 0.49504057709648336 0.2805755395683453 0.5009017132551848 0.2749800159872102 0.5036068530207394 0.26298960831334933 0.5040577096483319 0.21342925659472425 0.5013525698827773 0.2070343725019984 0.49413886384129846 0.20623501199040767 0.49008115419296666 0.21103117505995203 0.48692515779981965 0.22062350119904078 0.4855725879170424 0.2270183852917666 0.4855725879170424 0.23501199040767387
0 0.26465284039675385 0.36211031175059955 0.2903516681695221 0.36530775379696245 0.2935076645626691 0.35651478816946447 0.2939585211902615 0.3405275779376499 0.2912533814247069 0.3365307753796963 0.2871956717763751 0.33892885691446845 0.2678088367899008 0.33892885691446845 0.2623985572587917 0.3413269384492406 0.2610459873760144 0.34532374100719426 0.26149684400360684 0.35891286970423664 0.26465284039675385 0.36211031175059955