0 0.03877366997294861 0.18864908073541167 0.04959422903516681 0.19664268585131894 0.05500450856627593 0.19664268585131894 0.058160504959422904 0.19104716227018384 0.06311992786293959 0.17106314948041568 0.06807935076645627 0.15907274180655476 0.06898106402164111 0.14468425259792167 0.06492335437330929 0.13908872901678657 0.05365193868349865 0.13269384492406078 0.045536519386834985 0.1366906474820144 0.035617673579801626 0.17585931254996007 0.0351668169522092 0.18225419664268586 0.03877366997294861 0.18864908073541167
0 0.9247069431920649 0.7889688249400479 0.9355275022542832 0.7905675459632294 0.9382326420198377 0.7865707434052758 0.9400360685302074 0.7753796962430056 0.9359783588818756 0.7681854516386891 0.926961226330027 0.762589928057554 0.9247069431920649 0.7641886490807354 0.9233543733092877 0.7705835331734613 0.9229035166816953 0.7841726618705037 0.9247069431920649 0.7889688249400479
0 0.1744815148782687 0.03996802557953637 0.178990081154193 0.03916866506794565 0.1812443642921551 0.03357314148681055 0.1812443642921551 0.029576338928856916 0.178990081154193 0.02557953637090328 0.17132551848512173 0.018385291766586733 0.1650135256988278 0.016786570743405275 0.16230838593327324 0.019984012789768184 0.16140667267808836 0.02557953637090328 0.1744815148782687 0.03996802557953637
0 0.9305680793507665 0.5771382893685052 0.9310189359783588 0.5811350919264588 0.9418394950405771 0.592326139088729 0.9454463480613166 0.592326139088729 0.9499549143372408 0.5851318944844125 0.95536519386835 0.5683453237410072 0.9540126239855725 0.5555555555555556 0.9504057709648331 0.548361310951239 0.9477006311992787 0.5467625899280576 0.9418394950405771 0.5459632294164669 0.936429215509468 0.5507593924860112 0.9359783588818756 0.5571542765787371 0.9305680793507665 0.5771382893685052
0 0.9129846708746618 0.5667466027178258 0.9152389540126239 0.5707434052757794 0.9251577998196574 0.5755395683453238 0.9292155094679891 0.5667466027178258 0.9350766456266908 0.5419664268585133 0.9323715058611362 0.5363709032773781 0.9211000901713255 0.5347721822541966 0.9174932371505862 0.5387689848121503 0.9143372407574392 0.5515587529976019 0.9125338142470695 0.5611510791366906 0.9129846708746618 0.5667466027178258
0 0.16681695220919746 0.4596322941646683 0.18755635707844906 0.4756195043964829 0.19792605951307485 0.47322142286171065 0.20108205590622183 0.4668265387689848 0.2037871956717764 0.45483613109512394 0.2037871956717764 0.44924060751398887 0.19972948602344456 0.4420463629096723 0.17493237150586113 0.4260591526778577 0.16816952209197475 0.4292565947242206 0.1636609558160505 0.44844124700239807 0.16321009918845808 0.4540367705835332 0.16681695220919746 0.4596322941646683
0 0.7019837691614067 0.8808952837729817 0.7200180342651037 0.8864908073541167 0.7276825969341749 0.871302957633893 0.7294860234445446 0.8585131894484412 0.7294860234445446 0.8545163868904877 0.7276825969341749 0.8513189448441247 0.7060414788097384 0.841726618705036 0.6979260595130748 0.841726618705036 0.6952209197475203 0.8457234212629897 0.694770063119928 0.8729016786570745 0.7019837691614067 0.8808952837729817
0 0.11226330027051398 0.8697042366107114 0.12308385933273219 0.8784972022382095 0.1280432822362489 0.876898481215028 0.13345356176735798 0.8641087130295764 0.1424706943192065 0.8297362110311751 0.14743011722272317 0.8169464428457234 0.14743011722272317 0.8121502797761792 0.1406672678088368 0.8025579536370904 0.1339044183949504 0.797761790567546 0.12939585211902616 0.797761790567546 0.12308385933273219 0.8105515587529977 0.11000901713255186 0.859312549960032 0.10955816050495942 0.8657074340527579 0.11226330027051398 0.8697042366107114
0 0.16230838593327324 0.7937649880095924 0.1650135256988278 0.7937649880095924 0.16862037871956717 0.7881694644284573 0.17538322813345356 0.7649880095923263 0.17538322813345356 0.7617905675459633 0.172678088367899 0.756994404476419 0.1587015329125338 0.7450039968025579 0.15464382326420198 0.7458033573141487 0.1510369702434626 0.7521982414068745 0.14743011722272317 0.753796962430056 0.14517583408476106 0.7617905675459633 0.14382326420198377 0.7761790567545964 0.16230838593327324 0.7937649880095924
0 0.26825969341749323 0.1167066346922462 0.2732191163210099 0.1167066346922462 0.27908025247971147 0.10551558752997602 0.2772768259693417 0.09512390087929656 0.2696122633002705 0.08713029576338929 0.260595130748422 0.08633093525179857 0.2583408476104599 0.08872901678657075 0.25743913435527505 0.09432454036770584 0.2569882777276826 0.10791366906474821 0.26825969341749323 0.1167066346922462
0 0.7678088367899009 0.27737809752198245 0.7889990982867447 0.293365307753797 0.7939585211902616 0.28936850519584334 0.8011722272317404 0.26538768984812156 0.7989179440937783 0.2589928057553957 0.7930568079350766 0.2565947242206235 0.7808836789900812 0.24620303756994405 0.7718665464382326 0.2478017585931255 0.7687105500450856 0.25099920063948844 0.7664562669071235 0.25739408473221426 0.7651036970243462 0.27258193445243806 0.7678088367899009 0.27737809752198245
0 0.20288548241659152 0.37250199840127896 0.2236248872858431 0.3908872901678657 0.23083859332732193 0.3876898481215028 0.23850315599639313 0.3733013589128697 0.23805229936880073 0.3629096722621903 0.23489630297565375 0.3557154276578737 0.215058611361587 0.33812949640287776 0.20874661857529306 0.3413269384492406 0.20198376916140667 0.35331734612310156 0.20108205590622183 0.3581135091926459 0.2006311992786294 0.3669064748201439 0.20288548241659152 0.37250199840127896
0 0.08476104598737601 0.2006394884092726 0.09693417493237151 0.21103117505995203 0.10550045085662758 0.21342925659472425 0.11000901713255186 0.2030375699440448 0.11541929666366096 0.18145483613109514 0.11316501352569883 0.17585931254996007 0.10550045085662758 0.16786570743405277 0.0951307484220018 0.16227018385291767 0.09107303877366997 0.16706634692246206 0.08340847610459873 0.19264588329336532 0.08295761947700632 0.19584332533972823 0.08476104598737601 0.2006394884092726
0 0.08070333633904418 0.7202238209432456 0.0915238954012624 0.7282174260591526 0.09693417493237151 0.7290167865707434 0.11000901713255186 0.6922462030375699 0.10685302073940486 0.6858513189448442 0.10234445446348062 0.6818545163868905 0.08836789900811542 0.6738609112709832 0.08476104598737601 0.6770583533173462 0.07664562669071236 0.7058353317346123 0.07619477006311993 0.7130295763389289 0.08070333633904418 0.7202238209432456
0 0.4197475202885482 0.002398081534772182 0.42019837691614065 0.004796163069544364 0.4386834986474301 0.020783373301358914 0.4431920649233544 0.02158273381294964 0.4499549143372408 0.01598721023181455 0.4526600541027953 0.007993605115907274 0.45311091073038773 0 0.4197475202885482 0 0.4197475202885482 0.002398081534772182
0 0.7403065825067628 0.5811350919264588 0.7623985572587918 0.6027178257394085 0.7655545536519388 0.6019184652278178 0.7727682596934174 0.586730615507594 0.7777276825969343 0.5683453237410072 0.7777276825969343 0.5619504396482814 0.7763751127141569 0.5555555555555556 0.7727682596934174 0.5499600319744204 0.757439134355275 0.5387689848121503 0.7506762849413887 0.5379696243005596 0.7479711451758341 0.5419664268585133 0.7389540126239856 0.5699440447641887 0.7380522993688007 0.574740207833733 0.7403065825067628 0.5811350919264588
0 0.16636609558160506 0.010391686650679457 0.18034265103697025 0.023181454836131096 0.18575293056807937 0.024780175859312553 0.18890892696122633 0.020783373301358914 0.18935978358881875 0.014388489208633094 0.18800721370604148 0.011191047162270184 0.1744815148782687 0 0.1650135256988278 0 0.16411181244364292 0.004796163069544364 0.16636609558160506 0.010391686650679457
0 0.0545536519386835 0.1167066346922462 0.061316501352569885 0.12070343725019984 0.06627592425608657 0.12070343725019984 0.07664562669071236 0.0959232613908873 0.07664562669071236 0.08713029576338929 0.0721370604147881 0.0783373301358913 0.06447249774571685 0.07194244604316548 0.059963931469792606 0.07194244604316548 0.0545536519386835 0.0783373301358913 0.04508566275924256 0.10231814548361312 0.04508566275924256 0.10631494804156676 0.0545536519386835 0.1167066346922462
0 0.47339945897204694 0.007993605115907274 0.48782687105500455 0.020783373301358914 0.4914337240757439 0.02158273381294964 0.4981965734896303 0.007993605115907274 0.4981965734896303 0 0.46844003606853024 0.0007993605115907275 0.47339945897204694 0.007993605115907274
0 0.7750225428313796 0.5083932853717026 0.7826871055004508 0.5147881694644285 0.7862939585211903 0.5139888089528377 0.7894499549143373 0.5083932853717026 0.7912533814247069 0.5003996802557954 0.7971145175834086 0.4908073541167067 0.7939585211902616 0.4804156674660272 0.7822362488728585 0.4708233413269384 0.7777276825969343 0.47641886490807356 0.7723174030658251 0.49880095923261397 0.7723174030658251 0.504396482813749 0.7750225428313796 0.5083932853717026
0 0.5915238954012624 0.1278976818545164 0.5951307484220018 0.12709832134292565 0.6005410279531108 0.11270983213429257 0.5991884580703336 0.10551558752997602 0.5883678990081154 0.09512390087929656 0.5811541929666366 0.0959232613908873 0.5788999098286746 0.10231814548361312 0.5788999098286746 0.11590727418065548 0.5915238954012624 0.1278976818545164
0 0.07980162308385934 0.9096722621902479 0.08566275924256087 0.9088729016786572 0.09558160504959423 0.8776978417266187 0.09918845807033362 0.8553157474020784 0.09873760144274121 0.8489208633093526 0.09242560865644725 0.841726618705036 0.08160504959422904 0.8369304556354917 0.07709648331830478 0.8369304556354917 0.0721370604147881 0.841726618705036 0.06988277727682597 0.844924060751399 0.06762849413886383 0.8561151079136692 0.06853020739404869 0.876898481215028 0.06402164111812444 0.8872901678657075 0.06311992786293959 0.8936850519584333 0.06357078449053201 0.9048760991207034 0.07980162308385934 0.9096722621902479
0 0.736248872858431 0.3836930455635492 0.7398557258791705 0.38848920863309355 0.7479711451758341 0.39168665067945646 0.7524797114517583 0.390087929656275 0.7578899909828674 0.37090327737809753 0.7524797114517583 0.36211031175059955 0.7457168620378719 0.3581135091926459 0.7403065825067628 0.35891286970423664 0.7371505861136158 0.3661071143085532 0.7353471596032463 0.3756994404476419 0.736248872858431 0.3836930455635492
0 0.7799819657348963 0.2214228617106315 0.7835888187556357 0.2222222222222222 0.7862939585211903 0.21822541966426862 0.7862939585211903 0.21342925659472425 0.7835888187556357 0.20863309352517986 0.7759242560865645 0.20223820943245407 0.7687105500450856 0.19904076738609114 0.7651036970243462 0.2030375699440448 0.7655545536519388 0.2094324540367706 0.7799819657348963 0.2214228617106315