0 0.6442741208295762 0.0783373301358913 0.657799819657349 0.0783373301358913 0.6627592425608656 0.0583533173461231 0.6627592425608656 0.031175059952038373 0.6654643823264202 0.018385291766586733 0.6654643823264202 0 0.6433724075743913 0 0.6379621280432822 0.015187849720223821 0.6379621280432822 0.031175059952038373 0.6357078449053201 0.049560351718625106 0.6357078449053201 0.07434052757793765 0.6442741208295762 0.0783373301358913
0 0.5568079350766456 0.2565947242206235 0.5685302073940487 0.2549960031974421 0.5680793507664563 0.24460431654676262 0.5568079350766456 0.24300559552358114 0.5550045085662759 0.24540367705835334 0.5545536519386834 0.25259792166266987 0.5568079350766456 0.2565947242206235
0 0.5108205590622182 0.08553157474020784 0.5320108205590622 0.08792965627498003 0.5347159603246168 0.08313349320543566 0.5351668169522091 0.06554756195043965 0.5333633904418394 0.059952038369304565 0.5130748422001803 0.0583533173461231 0.5103697024346258 0.059952038369304565 0.5081154192966637 0.06634692246203039 0.5076645626690712 0.0783373301358913 0.5108205590622182 0.08553157474020784
0 0.2339945897204689 0.03517186250999201 0.239404869251578 0.0319744204636291 0.2412082957619477 0.023980815347721826 0.24030658250676284 0.01598721023181455 0.23264201983769162 0.013589128697042365 0.22678088367899008 0.013589128697042365 0.2249774571686204 0.01598721023181455 0.2249774571686204 0.03357314148681055 0.2339945897204689 0.03517186250999201
0 0.2479711451758341 0.04796163069544365 0.25473399458972046 0.05115907274180656 0.26194770063119927 0.04876099120703437 0.26375112714156895 0.036770583533173466 0.2623985572587917 0.026378896882494004 0.2511271415689811 0.02557953637090328 0.24661857529305684 0.031175059952038373 0.24571686203787196 0.03996802557953637 0.2479711451758341 0.04796163069544365
0 0.007664562669071236 0.2302158273381295 0.022993688007213707 0.2294164668265388 0.024346257889990983 0.2270183852917666 0.024346257889990983 0.21582733812949642 0.022091974752028856 0.21183053557154277 0.009017132551848512 0.21103117505995203 0.005861136158701533 0.21662669864108713 0.005410279531109108 0.2270183852917666 0.007664562669071236 0.2302158273381295
0 0.21100090171325517 0.5763389288569145 0.23850315599639313 0.5755395683453238 0.242560865644725 0.5707434052757794 0.24165915238954014 0.5667466027178258 0.23805229936880073 0.5643485211830536 0.2236248872858431 0.5635491606714629 0.21009918845807032 0.5667466027178258 0.2091974752028855 0.5739408473221423 0.21100090171325517 0.5763389288569145
0 0.7619477006311993 0.042366107114308556 0.7655545536519388 0.03597122302158274 0.7660054102795312 0.02158273381294964 0.7646528403967539 0.018385291766586733 0.7303877366997296 0.016786570743405275 0.7267808836789902 0.019184652278177457 0.7272317403065826 0.03996802557953637 0.7619477006311993 0.042366107114308556
0 0.8931469792605952 0.3053557154276579 0.9174932371505862 0.3061550759392486 0.9211000901713255 0.30375699440447645 0.9224526600541028 0.2997601918465228 0.9229035166816953 0.28617106314948043 0.9215509467989179 0.2813749000799361 0.8994589720468892 0.2805755395683453 0.8935978358881875 0.2821742605915268 0.8922452660054103 0.2853717026378897 0.891794409377818 0.30295763389288566 0.8931469792605952 0.3053557154276579
0 0.2146077547339946 0.5555555555555556 0.24436429215509467 0.5547561950439649 0.2484220018034265 0.548361310951239 0.2479711451758341 0.5435651478816946 0.24526600541027954 0.5419664268585133 0.21190261496844004 0.542765787370104 0.2096483318304779 0.5459632294164669 0.2096483318304779 0.5531574740207834 0.2146077547339946 0.5555555555555556
0 0.15058611361587015 0.24540367705835334 0.16907123534715962 0.2470023980815348 0.17177637511271418 0.2414068745003997 0.17177637511271418 0.2334132693844924 0.16997294860234446 0.23101518784972022 0.14562669071235346 0.23181454836131096 0.14517583408476106 0.24060751398880897 0.15058611361587015 0.24540367705835334
0 0.21325518485121733 0.5099920063948842 0.24752028854824168 0.5123900879296562 0.25022542831379624 0.5067945643485212 0.25293056807935077 0.49160671462829736 0.25022542831379624 0.4836131095123901 0.24526600541027954 0.4796163069544365 0.21596032461677186 0.4788169464428457 0.21145175834084762 0.4836131095123901 0.21100090171325517 0.5059952038369305 0.21325518485121733 0.5099920063948842
0 0.5049594229035167 0.10871302957633892 0.5261496844003607 0.10871302957633892 0.5311091073038774 0.10311750599520383 0.5302073940486925 0.09512390087929656 0.5207394048692516 0.09112709832134293 0.5049594229035167 0.0903277378097522 0.5018034265103697 0.09432454036770584 0.5013525698827773 0.10391686650679458 0.5049594229035167 0.10871302957633892
0 0.010820559062218215 0.2597921662669864 0.013976555455365193 0.26618705035971224 0.02660054102795311 0.2677857713828937 0.029756537421100092 0.2637889688249401 0.029756537421100092 0.2549960031974421 0.028403967538322816 0.25259792166266987 0.012173128944995492 0.2517985611510791 0.010820559062218215 0.2541966426858513 0.010820559062218215 0.2597921662669864
0 0.013525698827772768 0.2501998401278977 0.029305680793507663 0.25259792166266987 0.029756537421100092 0.24380495603517185 0.027953110910730387 0.23980815347721826 0.022091974752028856 0.23741007194244604 0.012173128944995492 0.23820943245403678 0.010820559062218215 0.24460431654676262 0.013525698827772768 0.2501998401278977
0 0.6456266907123535 0.2557953637090328 0.6550946798917944 0.2589928057553957 0.666366095581605 0.2589928057553957 0.6717763751127143 0.2541966426858513 0.6731289449954915 0.23741007194244604 0.6681695220919748 0.23101518784972022 0.6501352569882777 0.2294164668265388 0.6465284039675383 0.23181454836131096 0.6447249774571686 0.23820943245403678 0.6438232642019839 0.2517985611510791 0.6456266907123535 0.2557953637090328
0 0.2412082957619477 0.460431654676259 0.24932371505861137 0.45803357314148685 0.25473399458972046 0.4420463629096723 0.25022542831379624 0.43645083932853723 0.2430117222723174 0.43645083932853723 0.23715058611361586 0.4396482813749001 0.23715058611361586 0.45643485211830537 0.2412082957619477 0.460431654676259
0 0.12037871956717765 0.718625099920064 0.13210099188458072 0.7210231814548362 0.13435527502254285 0.7178257394084733 0.13345356176735798 0.7090327737809753 0.11902614968440037 0.7074340527577938 0.11857529305680793 0.7162270183852918 0.12037871956717765 0.718625099920064
0 0.6825969341749324 0.07753796962430057 0.690712353471596 0.08792965627498003 0.7078449053201082 0.09112709832134293 0.7128043282236249 0.08872901678657075 0.7150586113615871 0.08473221422861711 0.7137060414788097 0.0783373301358913 0.7105500450856627 0.07513988808952839 0.6893597835888188 0.06874500399680256 0.6848512173128946 0.06954436450839328 0.6821460775473399 0.07434052757793765 0.6825969341749324 0.07753796962430057
0 0.5653742110009017 0.2733812949640288 0.5680793507664563 0.27098321342925663 0.5685302073940487 0.2621902478017586 0.566726780883679 0.2589928057553957 0.5572587917042381 0.25819344524380494 0.5536519386834987 0.2613908872901679 0.5541027953110911 0.27258193445243806 0.5653742110009017 0.2733812949640288
0 0.26916140667267807 0.05115907274180656 0.27862939585211904 0.05355715427657874 0.28268710550045084 0.050359712230215826 0.28539224526600543 0.031175059952038373 0.28403967538322816 0.023980815347721826 0.2745716862037872 0.02238209432454037 0.26825969341749323 0.02557953637090328 0.2678088367899008 0.04716227018385292 0.26916140667267807 0.05115907274180656
0 0.5419296663660956 0.29896083133493206 0.548692515779982 0.30135891286970423 0.5527502254283138 0.2997601918465228 0.5532010820559062 0.293365307753797 0.5513976555455365 0.2869704236610712 0.5414788097385032 0.2853717026378897 0.5387736699729486 0.2877697841726619 0.5387736699729486 0.2949640287769784 0.5419296663660956 0.29896083133493206
0 0.5901713255184852 0.37729816147082335 0.611361587015329 0.37809752198241414 0.6167718665464382 0.37729816147082335 0.6185752930568079 0.3741007194244605 0.6185752930568079 0.36850519584332536 0.6167718665464382 0.3661071143085532 0.59107303877367 0.3645083932853717 0.5874661857529305 0.3669064748201439 0.5874661857529305 0.3733013589128697 0.5901713255184852 0.37729816147082335
0 0.49233543733092877 0.328537170263789 0.4945897204688909 0.3349320543565148 0.5054102795311091 0.3341326938449241 0.5085662759242561 0.3413269384492406 0.5121731289449956 0.328537170263789 0.5108205590622182 0.31734612310151883 0.5004508566275925 0.31574740207833735 0.49368800721370604 0.3181454836131095 0.49233543733092877 0.3205435651478817 0.49233543733092877 0.328537170263789
0 0.594229035166817 0.08233413269384492 0.6199278629395851 0.08233413269384492 0.6244364292155096 0.08073541167066348 0.6266907123534716 0.07593924860111911 0.627141568981064 0.0639488409272582 0.6253381424706943 0.05915267785771383 0.5991884580703336 0.0583533173461231 0.5928764652840397 0.060751398880895285 0.5924256086564473 0.07753796962430057 0.594229035166817 0.08233413269384492
0 0.13345356176735798 0.6994404476418865 0.15058611361587015 0.7018385291766587 0.15509467989179443 0.697841726618705 0.15509467989179443 0.6930455635491607 0.1501352569882777 0.6882494004796164 0.1375112714156898 0.6850519584332534 0.1289449954914337 0.6858513189448442 0.1289449954914337 0.6962430055955237 0.13345356176735798 0.6994404476418865
0 0.5545536519386834 0.2869704236610712 0.5649233543733093 0.2885691446842526 0.5676284941388638 0.28617106314948043 0.5676284941388638 0.2789768185451639 0.5658250676284942 0.2765787370103917 0.5572587917042381 0.2741806554756195 0.5532010820559062 0.27737809752198245 0.5527502254283138 0.28377298161470826 0.5545536519386834 0.2869704236610712
0 0.7376014427412083 0.09832134292565947 0.7430117222723175 0.10071942446043165 0.7538322813345357 0.09912070343725021 0.7542831379621281 0.08073541167066348 0.7380522993688007 0.07993605115907274 0.736248872858431 0.08233413269384492 0.7357980162308386 0.09112709832134293 0.7376014427412083 0.09832134292565947