0 0.8832281334535618 0.05595523581135092 0.8868349864743011 0.05275779376498801 0.8899909828674482 0.03756994404476419 0.8868349864743011 0.02877697841726619 0.8809738503155997 0.024780175859312553 0.8764652840396754 0.02557953637090328 0.871956717763751 0.03597122302158274 0.8710550045085662 0.04636290967226219 0.8832281334535618 0.05595523581135092
0 0.8764652840396754 0.9048760991207034 0.9057709648331831 0.9176658673061552 0.9111812443642923 0.9136690647482014 0.9161406672678089 0.8936850519584333 0.9147880973850315 0.8872901678657075 0.9111812443642923 0.8832933653077538 0.890892696122633 0.8721023181454837 0.8800721370604149 0.8745003996802558 0.876014427412083 0.8904876099120704 0.8746618575293057 0.9008792965627499 0.8764652840396754 0.9048760991207034
0 0.3322813345356177 0.6874500399680257 0.3557258791704238 0.7146282973621104 0.35888187556357076 0.7122302158273383 0.3633904418394951 0.7034372501998403 0.369702434625789 0.6818545163868905 0.357980162308386 0.6674660271782575 0.34220018034265104 0.6546762589928058 0.33814247069431924 0.6578737010391686 0.3313796212804328 0.6786570743405277 0.3309287646528404 0.6850519584332534 0.3322813345356177 0.6874500399680257
0 0.5626690712353472 0.9904076738609113 0.5680793507664563 0.9880095923261392 0.5761947700631199 0.9632294164668266 0.5739404869251578 0.9568345323741008 0.5649233543733093 0.9440447641886491 0.5568079350766456 0.938449240607514 0.5468890892696122 0.9416466826538769 0.5419296663660956 0.9576338928856915 0.5419296663660956 0.9704236610711432 0.5626690712353472 0.9904076738609113
0 0.19972948602344456 0.7961630695443646 0.20829576194770064 0.8057553956834532 0.23715058611361586 0.8297362110311751 0.2412082957619477 0.8289368505195844 0.2479711451758341 0.8161470823341327 0.2538322813345356 0.7937649880095924 0.2538322813345356 0.7865707434052758 0.25247971145175835 0.7841726618705037 0.22633002705139765 0.7585931254996003 0.21731289449954916 0.7466027178257394 0.20243462578899912 0.7338129496402878 0.1988277727682597 0.7338129496402878 0.1952209197475203 0.7386091127098321 0.1848512173128945 0.7681854516386891 0.1848512173128945 0.7761790567545964 0.19972948602344456 0.7961630695443646
0 0.6154192966636609 0.6378896882494005 0.6221821460775473 0.6418864908073542 0.633453561767358 0.642685851318945 0.6406672678088369 0.6314948041566747 0.6474301172227231 0.6107114308553158 0.6483318304779081 0.6027178257394085 0.6339044183949504 0.5811350919264588 0.6284941388638413 0.5803357314148682 0.6194770063119928 0.5931254996003198 0.611361587015329 0.6250999200639489 0.611361587015329 0.6330935251798562 0.6154192966636609 0.6378896882494005
0 0.5694319206492335 0.8745003996802558 0.5874661857529305 0.8824940047961631 0.594229035166817 0.8808952837729817 0.5973850315599639 0.8657074340527579 0.5973850315599639 0.859312549960032 0.5951307484220018 0.8553157474020784 0.5757439134355276 0.8481215027977619 0.5707844905320109 0.8489208633093526 0.5685302073940487 0.8601119104716227 0.5680793507664563 0.8697042366107114 0.5694319206492335 0.8745003996802558
0 0.5022542831379622 0.9272581934452439 0.5090171325518486 0.9264588329336532 0.5121731289449956 0.9224620303756994 0.5207394048692516 0.9000799360511591 0.521190261496844 0.8936850519584333 0.5162308385933273 0.8848920863309353 0.5121731289449956 0.8816946442845724 0.5081154192966637 0.8872901678657075 0.5013525698827773 0.9080735411670664 0.5 0.9248601119104717 0.5022542831379622 0.9272581934452439
0 0.5915238954012624 0.9560351718625101 0.6118124436429215 0.9784172661870505 0.6190261496844004 0.9776179056754596 0.6293958521190262 0.9632294164668266 0.627141568981064 0.9560351718625101 0.6221821460775473 0.9496402877697842 0.5991884580703336 0.9288569144684253 0.5951307484220018 0.9288569144684253 0.5906221821460775 0.9424460431654678 0.5901713255184852 0.9536370903277379 0.5915238954012624 0.9560351718625101
0 0.4630297565374211 0.266986410871303 0.46528403967538323 0.27577937649880097 0.4855725879170424 0.27577937649880097 0.48782687105500455 0.2733812949640288 0.48782687105500455 0.25819344524380494 0.4643823264201984 0.25819344524380494 0.4630297565374211 0.26059152677857716 0.4630297565374211 0.266986410871303
0 0.2678088367899008 0.577937649880096 0.30297565374211 0.6131095123900879 0.3065825067628494 0.6123101518784972 0.30928764652840396 0.6083133493205436 0.32281334535617673 0.574740207833733 0.32146077547339946 0.5691446842525979 0.30883678990081154 0.5555555555555556 0.28268710550045084 0.5323741007194245 0.27908025247971147 0.5323741007194245 0.2763751127141569 0.5355715427657874 0.26690712353471596 0.5699440447641887 0.26645626690712354 0.574740207833733 0.2678088367899008 0.577937649880096