0 0.5653742110009017 0.14388489208633096 0.5761947700631199 0.14468425259792167 0.5784490532010821 0.1398880895283773 0.5798016230838593 0.12230215827338131 0.5775473399458972 0.11910471622701839 0.5676284941388638 0.11750599520383694 0.563570784490532 0.11990407673860913 0.5599639314697926 0.12869704236610713 0.560414788097385 0.14068745003996805 0.5653742110009017 0.14388489208633096
0 0.4860234445446348 0.3133493205435652 0.4977457168620379 0.31175059952038375 0.5004508566275925 0.3061550759392486 0.5027051397655545 0.2685851318944844 0.49729486023444547 0.26538768984812156 0.4833183047790803 0.26538768984812156 0.4806131650135257 0.2741806554756195 0.4810640216411181 0.30935251798561153 0.4860234445446348 0.3133493205435652
0 0.5541027953110911 0.21982414068745004 0.5622182146077548 0.2222222222222222 0.5721370604147881 0.21982414068745004 0.5739404869251578 0.20783373301358915 0.5734896302975654 0.19584332533972823 0.5559062218214608 0.19424460431654678 0.5532010820559062 0.19904076738609114 0.5527502254283138 0.21662669864108713 0.5541027953110911 0.21982414068745004
0 0.04824165915238954 0.4324540367705836 0.06762849413886383 0.43884892086330934 0.07844905320108204 0.43804956035171866 0.07754733994589721 0.4260591526778577 0.05590622182146077 0.4212629896083134 0.046889089269612265 0.4212629896083134 0.045987376014427414 0.42366107114308554 0.045536519386834985 0.42845723421262993 0.04824165915238954 0.4324540367705836
0 0.9274120829576196 0.756994404476419 0.9292155094679891 0.7649880095923263 0.9522091974752029 0.7705835331734613 0.957619477006312 0.7681854516386891 0.9598737601442742 0.7601918465227818 0.960775473399459 0.7410071942446044 0.9562669071235348 0.7290167865707434 0.9517583408476105 0.7266187050359713 0.9495040577096483 0.7202238209432456 0.9458972046889089 0.7170263788968825 0.9409377817853922 0.7162270183852918 0.9319206492335438 0.718625099920064 0.930117222723174 0.7266187050359713 0.9305680793507665 0.7354116706634692 0.9274120829576196 0.756994404476419
0 0.48737601442741213 0.19584332533972823 0.49413886384129846 0.1950439648281375 0.4990982867448151 0.19024780175859313 0.5013525698827773 0.18145483613109514 0.5013525698827773 0.16946442845723422 0.49008115419296666 0.16946442845723422 0.4855725879170424 0.17266187050359713 0.4842200180342651 0.18864908073541167 0.48737601442741213 0.19584332533972823
0 0.29260595130748424 0.2813749000799361 0.3151487826871055 0.2853717026378897 0.32461677186654647 0.28457234212629895 0.32642019837691616 0.2821742605915268 0.32506762849413884 0.2613908872901679 0.32100991884580704 0.2565947242206235 0.3002705139765554 0.25099920063948844 0.29260595130748424 0.25099920063948844 0.2894499549143373 0.2557953637090328 0.2889990982867448 0.27577937649880097 0.29260595130748424 0.2813749000799361
0 0.05049594229035167 0.4188649080735412 0.07348963029756538 0.42286171063149486 0.07799819657348962 0.4212629896083134 0.07799819657348962 0.41167066346922465 0.07529305680793508 0.4092725819344525 0.05725879170423805 0.40367705835331735 0.05139765554553652 0.40367705835331735 0.04824165915238954 0.40687450039968026 0.04733994589720469 0.41486810551558756 0.05049594229035167 0.4188649080735412
0 0.16095581605049597 0.8249400479616307 0.16591523895401264 0.8201438848920864 0.1654643823264202 0.8113509192645884 0.15960324616771868 0.7993605115907274 0.15554553651938682 0.7945643485211831 0.15058611361587015 0.7961630695443646 0.1510369702434626 0.8105515587529977 0.16095581605049597 0.8249400479616307
0 0.5266005410279532 0.2973621103117506 0.5464382326420198 0.2997601918465228 0.5513976555455365 0.2965627498001599 0.5518485121731289 0.2789768185451639 0.5504959422903517 0.2741806554756195 0.5284039675383229 0.2733812949640288 0.5256988277727683 0.27817745803357313 0.5252479711451759 0.2949640287769784 0.5266005410279532 0.2973621103117506
0 0.4359783588818755 0.3061550759392486 0.43913435527502254 0.3085531574740208 0.45130748422001804 0.3069544364508393 0.4549143372407574 0.29416466826538773 0.45626690712353474 0.2621902478017586 0.4522091974752029 0.2589928057553957 0.4386834986474301 0.2589928057553957 0.4346257889990983 0.28377298161470826 0.4341749323715059 0.2973621103117506 0.4359783588818755 0.3061550759392486