0 0.45897204688908927 0.2238209432454037 0.4765554553651939 0.22462030375699443 0.47790802524797116 0.21742605915267785 0.47790802524797116 0.19984012789768185 0.47610459873760147 0.19744204636290968 0.4634806131650135 0.19664268585131894 0.46167718665464386 0.20463629096722624 0.45671776375112716 0.21342925659472425 0.45671776375112716 0.22062350119904078 0.45897204688908927 0.2238209432454037
0 0.8137962128043282 0.6115107913669064 0.8178539224526601 0.6083133493205436 0.8196573489630298 0.586730615507594 0.8178539224526601 0.5731414868105515 0.8106402164111812 0.5667466027178258 0.8070333633904418 0.5675459632294165 0.8034265103697025 0.5859312549960032 0.8034265103697025 0.6075139888089529 0.8137962128043282 0.6115107913669064
0 0.2344454463480613 0.4540367705835332 0.2407574391343553 0.45643485211830537 0.2515779981965735 0.45483613109512394 0.25428313796212804 0.4524380495603517 0.2551848512173129 0.44844124700239807 0.2560865644724978 0.4244604316546763 0.2551848512173129 0.4212629896083134 0.2515779981965735 0.4188649080735412 0.23760144274120829 0.416466826538769 0.23489630297565375 0.42046362909672264 0.23354373309287646 0.4356514788169465 0.23309287646528404 0.44604316546762596 0.2344454463480613 0.4540367705835332
0 0.03291253381424707 0.4660271782573941 0.060414788097385035 0.47002398081534774 0.07123534715960325 0.47002398081534774 0.0739404869251578 0.469224620303757 0.07529305680793508 0.4660271782573941 0.07619477006311993 0.4420463629096723 0.07484220018034266 0.43884892086330934 0.046889089269612265 0.43804956035171866 0.03967538322813345 0.4348521183053557 0.035617673579801626 0.4348521183053557 0.03201082055906222 0.43804956035171866 0.031559963931469794 0.46282973621103124 0.03291253381424707 0.4660271782573941
0 0 0.806554756195044 0.006762849413886384 0.8089528377298163 0.015779981965734897 0.8073541167066347 0.018034265103697024 0.7993605115907274 0.018935978358881875 0.7737809752198243 0.015329125338142471 0.771382893685052 0.0031559963931469793 0.7721822541966427 0 0.7729816147082335 0 0.806554756195044
0 0.1956717763751127 0.2517985611510791 0.20649233543733095 0.25259792166266987 0.2091974752028855 0.24460431654676262 0.20829576194770064 0.23820943245403678 0.20333633904418397 0.23421262989608316 0.1956717763751127 0.23421262989608316 0.19071235347159604 0.23900879296562752 0.19071235347159604 0.2478017585931255 0.1956717763751127 0.2517985611510791
0 0.002705139765554554 0.050359712230215826 0.002254283137962128 0.062350119904076746 0 0.06554756195043965 0 0.08473221422861711 0.02614968440036069 0.08473221422861711 0.027953110910730387 0.08073541167066348 0.032461677186654644 0.0407673860911271 0.022993688007213707 0.036770583533173466 0.0031559963931469793 0.03916866506794565 0 0.042366107114308556 0.002705139765554554 0.050359712230215826
0 0.6298467087466186 0.8784972022382095 0.6316501352569882 0.8896882494004797 0.6379621280432822 0.8936850519584333 0.657799819657349 0.8960831334932055 0.6614066726780884 0.8808952837729817 0.6614066726780884 0.8297362110311751 0.639765554553652 0.827338129496403 0.6352569882777277 0.8297362110311751 0.6325518485121732 0.8369304556354917 0.6321009918845808 0.8601119104716227 0.6298467087466186 0.8784972022382095
0 0.16140667267808836 0.8193445243804957 0.172678088367899 0.8209432454036771 0.18575293056807937 0.8161470823341327 0.19071235347159604 0.8073541167066347 0.19161406672678089 0.7817745803357314 0.19116321009918846 0.7753796962430056 0.18935978358881875 0.7721822541966427 0.17808836789900812 0.7721822541966427 0.17538322813345356 0.7753796962430056 0.16456266907123535 0.7785771382893686 0.16095581605049597 0.7841726618705037 0.15960324616771868 0.8137490007993605 0.16140667267808836 0.8193445243804957
0 0.26194770063119927 0.8209432454036771 0.2655545536519387 0.8225419664268585 0.2687105500450857 0.8177458033573143 0.27186654643823266 0.8041566746602719 0.27412082957619477 0.7729816147082335 0.27006311992786297 0.7681854516386891 0.2655545536519387 0.7697841726618705 0.26194770063119927 0.7753796962430056 0.260595130748422 0.7833733013589129 0.260595130748422 0.8161470823341327 0.26194770063119927 0.8209432454036771
0 0.29621280432822367 0.8033573141486812 0.3043282236248873 0.8041566746602719 0.30703336339044185 0.7969624300559552 0.3097385031559964 0.7729816147082335 0.30928764652840396 0.7617905675459633 0.3002705139765554 0.756994404476419 0.29305680793507666 0.7577937649880097 0.28990081154192965 0.7617905675459633 0.2889990982867448 0.7665867306155076 0.2889990982867448 0.7969624300559552 0.29621280432822367 0.8033573141486812
0 0.8264201983769162 0.3868904876099121 0.8390441839495041 0.38529176658673064 0.8489630297565375 0.37090327737809753 0.8485121731289451 0.3629096722621903 0.8449053201082056 0.35891286970423664 0.8277727682596934 0.3573141486810552 0.8246167718665464 0.3605115907274181 0.824165915238954 0.3836930455635492 0.8264201983769162 0.3868904876099121
0 0.1568981064021641 0.2549960031974421 0.17312894499549145 0.2541966426858513 0.1740306582506763 0.23741007194244604 0.17177637511271418 0.23261390887290168 0.16591523895401264 0.2294164668265388 0.15779981965734896 0.2294164668265388 0.151487826871055 0.23421262989608316 0.1510369702434626 0.2517985611510791 0.1568981064021641 0.2549960031974421
0 0.1582506762849414 0.32214228617106316 0.16230838593327324 0.3165467625899281 0.1654643823264202 0.3061550759392486 0.17177637511271418 0.30135891286970423 0.17177637511271418 0.2965627498001599 0.16140667267808836 0.29096722621902477 0.14743011722272317 0.29096722621902477 0.14382326420198377 0.29896083133493206 0.14292155094679893 0.30935251798561153 0.14337240757439135 0.3213429256594725 0.1582506762849414 0.32214228617106316
0 0.16591523895401264 0.21662669864108713 0.17763751127141567 0.21662669864108713 0.18034265103697025 0.21342925659472425 0.1812443642921551 0.20623501199040767 0.17944093778178538 0.19424460431654678 0.17132551848512173 0.18784972022382096 0.1600541027953111 0.18864908073541167 0.1532912533814247 0.1918465227817746 0.1496844003606853 0.20223820943245407 0.1501352569882777 0.21342925659472425 0.16591523895401264 0.21662669864108713
0 0.03291253381424707 0.5235811350919265 0.05004508566275924 0.5203836930455635 0.06582506762849415 0.5235811350919265 0.0721370604147881 0.5195843325339728 0.07439134355275022 0.5155875299760192 0.07709648331830478 0.48920863309352525 0.0757439134355275 0.4852118305355716 0.07078449053201082 0.4836131095123901 0.03291253381424707 0.4828137490007994 0.030658250676284943 0.4876099120703437 0.029756537421100092 0.5019984012789769 0.029756537421100092 0.5179856115107914 0.03291253381424707 0.5235811350919265
0 0.9283137962128044 0.032773780975219824 0.9386834986474301 0.0319744204636291 0.9445446348061317 0.02238209432454037 0.9436429215509469 0.011990407673860913 0.9400360685302074 0.007194244604316547 0.9292155094679891 0.00639488409272582 0.9274120829576196 0.011191047162270184 0.926961226330027 0.02797761790567546 0.9283137962128044 0.032773780975219824
0 0.9567177637511272 0.37969624300559557 0.9562669071235348 0.3892885691446843 0.9598737601442742 0.39408473221422863 0.9720468890892696 0.39488409272581937 0.9743011722272317 0.39168665067945646 0.9770063119927863 0.3733013589128697 0.9783588818755636 0.3397282174260592 0.9774571686203787 0.32933653077537967 0.9738503155996393 0.32693844924060755 0.9652840396753832 0.32773780975219824 0.9621280432822362 0.3341326938449241 0.9612263300270514 0.36850519584332536 0.9567177637511272 0.37969624300559557
0 0.8525698827772769 0.6035171862509993 0.872858431018936 0.6059152677857713 0.8769161406672679 0.6027178257394085 0.8782687105500451 0.5763389288569145 0.876014427412083 0.5699440447641887 0.8688007213706042 0.5667466027178258 0.8579801623083859 0.5675459632294165 0.8516681695220919 0.5723421262989609 0.8507664562669072 0.5827338129496403 0.8503155996393147 0.5979216626698641 0.8525698827772769 0.6035171862509993
0 0.7168620378719567 0.5091926458832934 0.7231740306582507 0.5123900879296562 0.7312894499549144 0.5123900879296562 0.733092876465284 0.5091926458832934 0.7348963029756538 0.49640287769784175 0.7335437330928765 0.47641886490807356 0.7240757439134355 0.4748201438848921 0.7191163210099188 0.47641886490807356 0.7150586113615871 0.48121502797761795 0.7146077547339945 0.4908073541167067 0.7168620378719567 0.5091926458832934
0 0.42110009017132555 0.30055955235811355 0.44229035166816955 0.302158273381295 0.4449954914337241 0.2997601918465228 0.445897204688909 0.2797761790567546 0.44409377817853923 0.27577937649880097 0.430117222723174 0.2741806554756195 0.42155094679891797 0.2765787370103917 0.4188458070333634 0.2805755395683453 0.418394950405771 0.29256594724220625 0.42110009017132555 0.30055955235811355
0 0.2407574391343553 0.17665867306155078 0.2520288548241659 0.17825739408473223 0.25924256086564473 0.17426059152677859 0.2623985572587917 0.15987210231814547 0.26284941388638416 0.15027977617905677 0.26149684400360684 0.14228617106314947 0.2587917042380523 0.1398880895283773 0.24346257889990983 0.1398880895283773 0.23805229936880073 0.14548361310951238 0.23760144274120829 0.15507593924860114 0.2407574391343553 0.17665867306155078
0 0.4003606853020739 0.8369304556354917 0.42290351668169524 0.8377298161470824 0.42651036970243467 0.8337330135891287 0.4292155094679892 0.8145483613109513 0.4278629395852119 0.8057553956834532 0.4030658250676285 0.800959232613909 0.4008115419296664 0.8017585931254997 0.3990081154192967 0.806554756195044 0.3985572587917043 0.8321342925659473 0.4003606853020739 0.8369304556354917
0 0.04643823264201984 0.060751398880895285 0.06762849413886383 0.060751398880895285 0.07168620378719567 0.05355715427657874 0.06898106402164111 0.04156674660271783 0.06943192064923355 0.031175059952038373 0.0739404869251578 0.023181454836131096 0.08160504959422904 0.019984012789768184 0.08205590622182146 0 0.04959422903516681 0 0.045536519386834985 0.03916866506794565 0.04508566275924256 0.05675459632294165 0.04643823264201984 0.060751398880895285
0 0.4580703336339044 0.07434052757793765 0.4697926059513075 0.0783373301358913 0.4783588818755636 0.0783373301358913 0.4810640216411181 0.07673860911270983 0.4837691614066727 0.07034372501998402 0.48692515779981965 0.05195843325339729 0.48467087466185754 0.045563549160671464 0.46844003606853024 0.04476418864908074 0.4612263300270514 0.04876099120703437 0.45897204688908927 0.05355715427657874 0.46032461677186653 0.06474820143884892 0.4580703336339044 0.07434052757793765
0 0.19386834986474302 0.809752198241407 0.2146077547339946 0.8105515587529977 0.21596032461677186 0.800959232613909 0.21596032461677186 0.7753796962430056 0.19657348963029758 0.7737809752198243 0.19161406672678089 0.7785771382893686 0.19161406672678089 0.8001598721023181 0.19386834986474302 0.809752198241407
0 0.8354373309287646 0.3341326938449241 0.8525698827772769 0.33733013589128696 0.8557258791704238 0.33573141486810554 0.8579801623083859 0.328537170263789 0.8579801623083859 0.3165467625899281 0.8557258791704238 0.31254996003197444 0.8422001803426511 0.31095123900879296 0.8363390441839494 0.3149480415667466 0.8345356176735799 0.3229416466826539 0.8340847610459874 0.3317346123101519 0.8354373309287646 0.3341326938449241
0 0.9495040577096483 0.1342925659472422 0.9517583408476105 0.13029576338928858 0.9535617673579802 0.11191047162270185 0.9504057709648331 0.09912070343725021 0.9486023444544635 0.09832134292565947 0.9283137962128044 0.10551558752997602 0.9256086564472498 0.11910471622701839 0.9256086564472498 0.13029576338928858 0.9495040577096483 0.1342925659472422
0 0.38322813345356177 0.032773780975219824 0.38548241659152394 0.029576338928856916 0.3872858431018936 0.02158273381294964 0.38773669972948605 0 0.37330928764652843 0 0.37060414788097384 0.019984012789768184 0.3710550045085663 0.0319744204636291 0.38322813345356177 0.032773780975219824
0 0.9174932371505862 0.3844924060751399 0.9215509467989179 0.3876898481215028 0.933273219116321 0.3892885691446843 0.939585211902615 0.3836930455635492 0.9413886384129847 0.3629096722621903 0.9391343552750226 0.3525179856115108 0.9278629395852119 0.34852118305355717 0.9179440937781785 0.34852118305355717 0.9147880973850315 0.35411670663469225 0.9143372407574392 0.37729816147082335 0.9174932371505862 0.3844924060751399