0 0.6406672678088369 0.4836131095123901 0.6424706943192064 0.4804156674660272 0.6442741208295762 0.4684252597921663 0.6442741208295762 0.4524380495603517 0.6298467087466186 0.45003996802557955 0.628043282236249 0.45483613109512394 0.6275924256086564 0.4836131095123901 0.6406672678088369 0.4836131095123901
0 0.5302073940486925 0.11270983213429257 0.5563570784490532 0.11590727418065548 0.5640216411181245 0.11510791366906475 0.566726780883679 0.10551558752997602 0.5622182146077548 0.1015187849720224 0.5509467989179441 0.09992006394884093 0.5347159603246168 0.09912070343725021 0.5275022542831379 0.10231814548361312 0.5270513976555455 0.10871302957633892 0.5302073940486925 0.11270983213429257
0 0.8773669972948602 0.39568345323741005 0.9062218214607755 0.3996802557953637 0.9120829576194771 0.39488409272581937 0.9156898106402165 0.3868904876099121 0.9161406672678089 0.3741007194244605 0.9134355275022543 0.3677058353317346 0.9008115419296664 0.3677058353317346 0.897204688908927 0.3645083932853717 0.8818755635707846 0.3629096722621903 0.8778178539224527 0.3629096722621903 0.8751127141568981 0.3661071143085532 0.8746618575293057 0.3932853717026379 0.8773669972948602 0.39568345323741005
0 0.9625788999098286 0.9992006394884093 0.9648331830477908 0.9936051159072742 0.967087466185753 0.9680255795363709 0.9625788999098286 0.9608313349320544 0.9355275022542832 0.9584332533972821 0.9310189359783588 0.9632294164668266 0.9305680793507665 0.9680255795363709 0.9296663660955816 0.9992006394884093 0.9625788999098286 0.9992006394884093
0 0.7069431920649234 0.40687450039968026 0.7272317403065826 0.4100719424460432 0.7303877366997296 0.40527577937649883 0.7308385933273219 0.3868904876099121 0.7087466185752931 0.38529176658673064 0.7055906221821461 0.3892885691446843 0.7051397655545536 0.3996802557953637 0.7069431920649234 0.40687450039968026
0 0.43913435527502254 0.3069544364508393 0.46393146979260597 0.30935251798561153 0.4666366095581605 0.3077537969624301 0.46934174932371503 0.30135891286970423 0.4675383228133454 0.2981614708233413 0.4612263300270514 0.29576338928856916 0.4323715058611362 0.29576338928856916 0.4323715058611362 0.30375699440447645 0.43913435527502254 0.3069544364508393
0 0.2218214607754734 0.442845723421263 0.22633002705139765 0.44604316546762596 0.24030658250676284 0.44604316546762596 0.24436429215509467 0.4404476418864908 0.24481514878268712 0.4276578737010392 0.24706943192064923 0.4180655475619504 0.24706943192064923 0.4140687450039968 0.24526600541027954 0.4108713029576339 0.22678088367899008 0.4084732214228617 0.2236248872858431 0.4132693844924061 0.22137060414788098 0.434052757793765 0.2218214607754734 0.442845723421263
0 0.49098286744815145 0.7018385291766587 0.4977457168620379 0.701039168665068 0.5013525698827773 0.6722621902478018 0.5013525698827773 0.6618705035971224 0.496844003606853 0.657074340527578 0.4914337240757439 0.6578737010391686 0.48737601442741213 0.6610711430855316 0.4860234445446348 0.6666666666666666 0.48647430117222723 0.6994404476418865 0.49098286744815145 0.7018385291766587
0 0.5739404869251578 0.5035971223021583 0.5919747520288549 0.5051958433253397 0.5946798917944094 0.5027977617905676 0.5960324616771866 0.49800159872102323 0.5951307484220018 0.49000799360511593 0.5915238954012624 0.486810551558753 0.5725879170423805 0.4852118305355716 0.569882777276826 0.48840927258193445 0.5707844905320109 0.5011990407673861 0.5739404869251578 0.5035971223021583
0 0.8485121731289451 0.8832933653077538 0.8981064021641119 0.8896882494004797 0.9026149684400361 0.8840927258193446 0.9048692515779982 0.8553157474020784 0.9021641118124436 0.8513189448441247 0.8611361587015329 0.8473221422861711 0.8489630297565375 0.850519584332534 0.8458070333633905 0.8609112709832134 0.8453561767357981 0.8800959232613909 0.8485121731289451 0.8832933653077538
0 0.5076645626690712 0.04716227018385292 0.5081154192966637 0.05595523581135092 0.5117222723174031 0.05915267785771383 0.5256988277727683 0.05755395683453238 0.5306582506762849 0.020783373301358914 0.5306582506762849 0.010391686650679457 0.5256988277727683 0.004796163069544364 0.5144274120829576 0.005595523581135092 0.5094679891794409 0.007993605115907274 0.5090171325518486 0.01598721023181455 0.5103697024346258 0.032773780975219824 0.5076645626690712 0.04716227018385292
0 0.5081154192966637 0.6266986410871304 0.5108205590622182 0.6243005595523582 0.5225428313796213 0.6243005595523582 0.5270513976555455 0.627498001598721 0.5365193868349865 0.6282973621103117 0.5401262398557259 0.6195043964828137 0.5387736699729486 0.6091127098321344 0.5338142470694319 0.6067146282973622 0.5130748422001803 0.6051159072741806 0.5076645626690712 0.6075139888089529 0.5054102795311091 0.6123101518784972 0.5049594229035167 0.6187050359712231 0.5081154192966637 0.6266986410871304
0 0.5649233543733093 0.48121502797761795 0.5928764652840397 0.4852118305355716 0.5964833183047792 0.4804156674660272 0.5969341749323716 0.469224620303757 0.5955816050495942 0.46442845723421267 0.5721370604147881 0.460431654676259 0.5640216411181245 0.460431654676259 0.5622182146077548 0.4636290967226219 0.5617673579801623 0.4748201438848921 0.5649233543733093 0.48121502797761795
0 0.7024346257889991 0.5123900879296562 0.7128043282236249 0.5147881694644285 0.7285843101893598 0.5163868904876099 0.7308385933273219 0.5139888089528377 0.733092876465284 0.5011990407673861 0.7321911632100992 0.4932054356514788 0.729936880072137 0.4908073541167067 0.7042380522993689 0.48840927258193445 0.7006311992786294 0.4940047961630696 0.700180342651037 0.5075939248601119 0.7024346257889991 0.5123900879296562
0 0.48467087466185754 0.12390087929656275 0.49864743011722273 0.12709832134292565 0.5148782687105501 0.12709832134292565 0.5202885482416592 0.12310151878497202 0.5225428313796213 0.09752198241406874 0.5198376916140668 0.09192645883293366 0.5157799819657348 0.08872901678657075 0.5009017132551848 0.08713029576338929 0.4945897204688909 0.09112709832134293 0.48782687105500455 0.09192645883293366 0.4833183047790803 0.09752198241406874 0.4828674481514878 0.11990407673860913 0.48467087466185754 0.12390087929656275
0 0.8494138863841298 0.9840127897681855 0.8742110009017132 0.9864108713029576 0.8800721370604149 0.9808153477218226 0.8814247069431921 0.9536370903277379 0.8814247069431921 0.9456434852118306 0.8800721370604149 0.9440447641886491 0.8593327321911632 0.9400479616306955 0.8539224526600542 0.9424460431654678 0.8507664562669072 0.9520383693045564 0.8485121731289451 0.9760191846522782 0.8494138863841298 0.9840127897681855
0 0.6478809738503156 0.6914468425259792 0.6469792605951307 0.6970423661071143 0.6505861136158702 0.7082334132693845 0.6654643823264202 0.7114308553157473 0.675834084761046 0.7074340527577938 0.6771866546438233 0.6762589928057555 0.6753832281334536 0.6722621902478018 0.6582506762849414 0.6690647482014389 0.6478809738503156 0.6714628297362111 0.6460775473399459 0.6746602717825739 0.6478809738503156 0.6914468425259792
0 0.4914337240757439 0.8433253397282174 0.4954914337240758 0.8257394084732215 0.49504057709648336 0.8145483613109513 0.48872858431018934 0.8113509192645884 0.47790802524797116 0.8129496402877698 0.47700631199278626 0.8385291766586731 0.4914337240757439 0.8433253397282174
0 0.5779981965734896 0.18545163868904876 0.5915238954012624 0.18784972022382096 0.6023444544634806 0.18625099920063948 0.6045987376014428 0.1654676258992806 0.6036970243462578 0.15027977617905677 0.5825067628494138 0.1486810551558753 0.5788999098286746 0.15027977617905677 0.5766456266907123 0.15507593924860114 0.5766456266907123 0.1806554756195044 0.5779981965734896 0.18545163868904876
0 0.65238954012624 0.7290167865707434 0.6618575293056808 0.7314148681055157 0.6654643823264202 0.7274180655475619 0.666366095581605 0.7170263788968825 0.6645626690712354 0.7130295763389289 0.6541929666366095 0.7114308553157473 0.6510369702434625 0.7138289368505196 0.6501352569882777 0.7242206235011991 0.65238954012624 0.7290167865707434
0 0.37736699729486023 0.9992006394884093 0.37781785392245265 0.973621103117506 0.3764652840396754 0.9704236610711432 0.3651938683498648 0.9728217426059154 0.3624887285843102 0.9800159872102319 0.3624887285843102 0.9992006394884093 0.37736699729486023 0.9992006394884093
0 0.2682506762849414 0.10990807354116708 0.2682506762849414 0.10240207833733016 0.23815148782687107 0.10240207833733016 0.23815148782687107 0.10990807354116708 0.2682506762849414 0.10990807354116708
0 0.2760775473399459 0.07711830535571543 0.2760775473399459 0.06462430055955236 0.2492155094679892 0.06462430055955236 0.2492155094679892 0.07711830535571543 0.2760775473399459 0.07711830535571543
0 0.2751036970243463 0.09611910471622702 0.2751036970243463 0.08312949640287771 0.24414788097385032 0.08312949640287771 0.24414788097385032 0.09611910471622702 0.2751036970243463 0.09611910471622702
0 0.36290577096483323 0.9588369304556357 0.36290577096483323 0.9498920863309354 0.358753381424707 0.9498920863309354 0.358753381424707 0.9588369304556357 0.36290577096483323 0.9588369304556357
0 0.3622182146077548 0.9742685851318945 0.3622182146077548 0.9649960031974422 0.3573579801623084 0.9649960031974422 0.3573579801623084 0.9742685851318945 0.3622182146077548 0.9742685851318945
0 0.35588593327321905 0.9741886490807353 0.35588593327321905 0.9656035171862511 0.3514449954914337 0.9656035171862511 0.3514449954914337 0.9741886490807353 0.35588593327321905 0.9741886490807353
0 0.3570040577096484 0.9586091127098322 0.3570040577096484 0.9517026378896885 0.3525 0.9517026378896885 0.3525 0.9586091127098322 0.3570040577096484 0.9586091127098322