0 0.37285843101893595 0.6083133493205436 0.3787195671776375 0.6163069544364509 0.38322813345356177 0.6163069544364509 0.3904418394950406 0.6027178257394085 0.39720468890892696 0.5787370103916867 0.3954012623985573 0.5667466027178258 0.38097385031559966 0.5635491606714629 0.37601442741208296 0.5675459632294165 0.37240757439134353 0.5803357314148682 0.37060414788097384 0.5995203836930456 0.37285843101893595 0.6083133493205436
0 0.48737601442741213 0.3932853717026379 0.5049594229035167 0.4060751398880896 0.5094679891794409 0.4020783373301359 0.5153291253381425 0.390087929656275 0.5171325518485121 0.3764988009592326 0.5117222723174031 0.36530775379696245 0.5049594229035167 0.35891286970423664 0.49413886384129846 0.3557154276578737 0.49098286744815145 0.3613109512390088 0.48692515779981965 0.381294964028777 0.4860234445446348 0.390087929656275 0.48737601442741213 0.3932853717026379
0 0.10955816050495942 0.40687450039968026 0.12263300270513977 0.4260591526778577 0.1266907123534716 0.4292565947242206 0.130297565374211 0.4260591526778577 0.1442741208295762 0.4020783373301359 0.14562669071235346 0.3908872901678657 0.1424706943192065 0.3820943245403677 0.13435527502254285 0.37010391686650684 0.1266907123534716 0.36370903277378097 0.12263300270513977 0.36370903277378097 0.11947700631199279 0.3669064748201439 0.11000901713255186 0.39488409272581937 0.10865644724977458 0.4004796163069545 0.10955816050495942 0.40687450039968026
0 0.8949504057709649 0.8345323741007195 0.9075743913435527 0.8457234212629897 0.9116321009918846 0.844924060751399 0.9174932371505862 0.8369304556354917 0.9220018034265104 0.8249400479616307 0.9220018034265104 0.8169464428457234 0.9156898106402165 0.8105515587529977 0.8981064021641119 0.8137490007993605 0.8958521190261496 0.8177458033573143 0.89404869251578 0.82414068745004 0.8949504057709649 0.8345323741007195
0 0.2687105500450857 0.48441247002398086 0.2727682596934175 0.4852118305355716 0.2781785392245266 0.4772182254196643 0.28268710550045084 0.4660271782573941 0.2844905320108206 0.45003996802557955 0.2795311091073039 0.4420463629096723 0.27186654643823266 0.43884892086330934 0.2651036970243463 0.44604316546762596 0.2610459873760144 0.4588329336530776 0.26149684400360684 0.47641886490807356 0.2687105500450857 0.48441247002398086
0 0.27547339945897203 0.031175059952038373 0.2781785392245266 0.030375699440447643 0.2871956717763751 0.014388489208633094 0.2889990982867448 0.00639488409272582 0.2885482416591524 0 0.2732191163210099 0 0.26825969341749323 0.011191047162270184 0.2687105500450857 0.023980815347721826 0.27547339945897203 0.031175059952038373
0 0.29621280432822367 0.6195043964828137 0.30883678990081154 0.6306954436450839 0.31424706943192066 0.6322941646682655 0.32146077547339946 0.6211031175059952 0.32777276825969337 0.5979216626698641 0.32867448151487827 0.5883293365307755 0.32777276825969337 0.5851318944844125 0.30928764652840396 0.5699440447641887 0.3034265103697024 0.5683453237410072 0.29260595130748424 0.6075139888089529 0.29260595130748424 0.6147082334132695 0.29621280432822367 0.6195043964828137
0 0.3787195671776375 0.1334932054356515 0.38773669972948605 0.13589128697042366 0.39404869251577995 0.12310151878497202 0.4008115419296664 0.09912070343725021 0.4008115419296664 0.09352517985611512 0.3904418394950406 0.08313349320543566 0.3868349864743012 0.08393285371702638 0.3787195671776375 0.09512390087929656 0.37285843101893595 0.1135091926458833 0.37285843101893595 0.12709832134292565 0.3787195671776375 0.1334932054356515
0 0.24211000901713256 0.16866506794564348 0.2484220018034265 0.15907274180655476 0.2515779981965735 0.1510791366906475 0.25293056807935077 0.14148681055155876 0.24436429215509467 0.12549960031974422 0.2412082957619477 0.12709832134292565 0.23264201983769162 0.14388489208633096 0.2339945897204689 0.16067146282973624 0.24211000901713256 0.16866506794564348
0 0.9467989179440939 0.9264588329336532 0.9598737601442742 0.9368505195843326 0.963931469792606 0.9368505195843326 0.9684400360685302 0.9320543565147882 0.9747520288548243 0.9136690647482014 0.9756537421100091 0.8968824940047961 0.9752028854824166 0.8936850519584333 0.9697926059513075 0.8896882494004797 0.9558160504959423 0.8896882494004797 0.9495040577096483 0.8936850519584333 0.9472497745716862 0.9048760991207034 0.9458972046889089 0.9176658673061552 0.9467989179440939 0.9264588329336532
0 0.31154192966636607 0.8984812150279777 0.32867448151487827 0.9112709832134293 0.3331830477908025 0.9112709832134293 0.3367899008115419 0.9008792965627499 0.3318304779080253 0.8952837729816148 0.32822362488728585 0.8792965627498002 0.3201082055906222 0.8689048760991207 0.3174030658250676 0.86810551558753 0.3155996393146979 0.8705035971223022 0.3106402164111813 0.8872901678657075 0.31018935978358886 0.8952837729816148 0.31154192966636607 0.8984812150279777
0 0.4666366095581605 0.9536370903277379 0.47700631199278626 0.9632294164668266 0.48467087466185754 0.9624300559552359 0.48872858431018934 0.9456434852118306 0.48872858431018934 0.9416466826538769 0.48512173128945 0.9360511590727418 0.47700631199278626 0.9280575539568345 0.47024346257889993 0.9264588329336532 0.4657348963029757 0.9376498800959233 0.46393146979260597 0.9496402877697842 0.4666366095581605 0.9536370903277379
0 0.03922452660054102 0.9176658673061552 0.04959422903516681 0.9264588329336532 0.05365193868349865 0.9248601119104717 0.05725879170423805 0.9160671462829737 0.05725879170423805 0.9088729016786572 0.05545536519386835 0.9048760991207034 0.04508566275924256 0.8952837729816148 0.03922452660054102 0.8952837729816148 0.034715960324616775 0.9040767386091128 0.034715960324616775 0.9104716227018386 0.03922452660054102 0.9176658673061552
0 0.19251577998196576 0.4924060751398881 0.20559062218214608 0.4924060751398881 0.2073940486925158 0.49000799360511593 0.2091974752028855 0.4804156674660272 0.20874661857529306 0.47242206235011996 0.20513976555455368 0.4668265387689848 0.19612263300270513 0.46522781774580335 0.19251577998196576 0.47242206235011996 0.19116321009918846 0.48121502797761795 0.19071235347159604 0.48840927258193445 0.19251577998196576 0.4924060751398881
0 0.5365193868349865 0.4740207833733014 0.5405770964833183 0.4772182254196643 0.5536519386834987 0.4804156674660272 0.5572587917042381 0.4676258992805756 0.5554553651938684 0.4556354916067146 0.5432822362488728 0.4452438049560352 0.5401262398557259 0.44604316546762596 0.5356176735798016 0.4588329336530776 0.5342651036970244 0.4684252597921663 0.5365193868349865 0.4740207833733014
0 0.9220018034265104 0.9344524380495605 0.9251577998196574 0.9360511590727418 0.933273219116321 0.9168665067945644 0.9350766456266908 0.906474820143885 0.9328223624887286 0.8968824940047961 0.9211000901713255 0.8848920863309353 0.9179440937781785 0.8872901678657075 0.9129846708746618 0.9080735411670664 0.9134355275022543 0.920863309352518 0.9220018034265104 0.9344524380495605
0 0.6122633002705139 0.9128697042366107 0.6199278629395851 0.9128697042366107 0.627141568981064 0.9008792965627499 0.6311992786293958 0.885691446842526 0.628043282236249 0.8792965627498002 0.6194770063119928 0.8737010391686652 0.6163210099188459 0.8752997601918465 0.6086564472497746 0.9032773780975221 0.608205590622182 0.9080735411670664 0.6122633002705139 0.9128697042366107
0 0.13119927862939584 0.017585931254996006 0.14472497745716864 0.03756994404476419 0.1478809738503156 0.03916866506794565 0.15284039675383226 0.032773780975219824 0.15464382326420198 0.026378896882494004 0.15419296663660956 0.02158273381294964 0.15058611361587015 0.011990407673860913 0.14201983769161408 0 0.13074842200180342 0 0.1289449954914337 0.004796163069544364 0.1284941388638413 0.009592326139088728 0.13119927862939584 0.017585931254996006
0 0.3525698827772768 0.07274180655475619 0.35617673579801623 0.07274180655475619 0.35888187556357076 0.06954436450839328 0.36834986474301173 0.04796163069544365 0.3669972948602344 0.03836930455635491 0.3633904418394951 0.0319744204636291 0.3557258791704238 0.02238209432454037 0.34580703336339047 0.014388489208633094 0.3412984670874662 0.017585931254996006 0.3345356176735798 0.03597122302158274 0.3345356176735798 0.045563549160671464 0.3525698827772768 0.07274180655475619
0 0.6573489630297565 0.9312549960031975 0.6645626690712354 0.9320543565147882 0.6686203787195673 0.9248601119104717 0.669522091974752 0.9104716227018386 0.6659152389540126 0.906474820143885 0.6541929666366095 0.8992805755395684 0.6505861136158702 0.9024780175859313 0.6492335437330929 0.9088729016786572 0.6487826871055005 0.920863309352518 0.6573489630297565 0.9312549960031975
0 0.21009918845807032 0.4540367705835332 0.22091974752028853 0.4660271782573941 0.22587917042380526 0.4668265387689848 0.2339945897204689 0.45003996802557955 0.23805229936880073 0.4372501998401279 0.23805229936880073 0.43165467625899284 0.23669972948602347 0.42206235011990406 0.23309287646528404 0.4140687450039968 0.22633002705139765 0.40687450039968026 0.22001803426510372 0.4060751398880896 0.21596032461677186 0.41167066346922465 0.20784490532010821 0.43804956035171866 0.20694319206492334 0.44684252597921664 0.21009918845807032 0.4540367705835332