0 0.37601442741208296 0.6562749800159873 0.39179440937781784 0.6562749800159873 0.3944995491433724 0.6538768984812151 0.3958521190261497 0.6474820143884892 0.3935978358881876 0.642685851318945 0.3764652840396754 0.6378896882494005 0.37285843101893595 0.6386890487609912 0.3701532912533814 0.6442845723421263 0.3701532912533814 0.6530775379696243 0.37601442741208296 0.6562749800159873
0 0.7443642921550947 0.4180655475619504 0.7587917042380523 0.4156674660271783 0.760595130748422 0.4108713029576339 0.7619477006311993 0.37729816147082335 0.7587917042380523 0.3741007194244605 0.7457168620378719 0.3741007194244605 0.7430117222723175 0.37729816147082335 0.7421100090171326 0.4156674660271783 0.7443642921550947 0.4180655475619504
0 0.5915238954012624 0.5707434052757794 0.5928764652840397 0.5683453237410072 0.5924256086564473 0.5531574740207834 0.5798016230838593 0.5531574740207834 0.5811541929666366 0.5691446842525979 0.5915238954012624 0.5707434052757794
0 0.38322813345356177 0.6370903277378098 0.39269612263300274 0.6378896882494005 0.3958521190261497 0.6330935251798562 0.39495040577096485 0.6266986410871304 0.39314697926059516 0.6250999200639489 0.3827772768259694 0.6243005595523582 0.3796212804328224 0.6266986410871304 0.37917042380523 0.6330935251798562 0.38322813345356177 0.6370903277378098
0 0.5640216411181245 0.5987210231814549 0.5766456266907123 0.5987210231814549 0.5802524797114518 0.5771382893685052 0.5784490532010821 0.5675459632294165 0.5712353471596032 0.5651478816946442 0.5649233543733093 0.5667466027178258 0.5626690712353472 0.5763389288569145 0.5622182146077548 0.5899280575539568 0.5640216411181245 0.5987210231814549
0 0.28043282236248873 0.11270983213429257 0.2939585211902615 0.11510791366906475 0.2966636609558161 0.1135091926458833 0.2980162308385933 0.10951239008792966 0.2984670874661858 0.09752198241406874 0.2971145175834085 0.09352517985611512 0.2781785392245266 0.09512390087929656 0.2781785392245266 0.10951239008792966 0.28043282236248873 0.11270983213429257
0 0.16681695220919746 0.0815347721822542 0.178990081154193 0.08473221422861711 0.18214607754733994 0.08233413269384492 0.18394950405770966 0.07593924860111911 0.1834986474301172 0.07034372501998402 0.16997294860234446 0.06314948041566747 0.15374211000901714 0.059952038369304565 0.1492335437330929 0.0639488409272582 0.1501352569882777 0.07434052757793765 0.16681695220919746 0.0815347721822542
0 0.9806131650135257 0.7426059152677859 0.9878268710550046 0.7458033573141487 0.9995491433724076 0.7442046362909672 0.9995491433724076 0.657074340527578 0.9846708746618575 0.6578737010391686 0.9819657348963029 0.6682653876898482 0.9801623083859333 0.6914468425259792 0.9792605951307485 0.7138289368505196 0.9806131650135257 0.7426059152677859
0 0.3863841298467087 0.6195043964828137 0.4012623985572588 0.6195043964828137 0.40396753832281335 0.6147082334132695 0.4035166816952209 0.6083133493205436 0.39720468890892696 0.6051159072741806 0.38322813345356177 0.60431654676259 0.37917042380523 0.6051159072741806 0.3764652840396754 0.6091127098321344 0.37736699729486023 0.6163069544364509 0.3863841298467087 0.6195043964828137
0 0.14156898106402163 0.05115907274180656 0.17853922452660054 0.059952038369304565 0.18394950405770966 0.055155875299760196 0.1830477908025248 0.04636290967226219 0.16816952209197475 0.03916866506794565 0.14652840396753833 0.03597122302158274 0.1406672678088368 0.03597122302158274 0.13615870153291254 0.03916866506794565 0.13660955816050496 0.04716227018385292 0.14156898106402163 0.05115907274180656
0 0.1704238052299369 0.9072741806554757 0.19251577998196576 0.9080735411670664 0.19431920649233542 0.8776978417266187 0.18214607754733994 0.8752997601918465 0.17132551848512173 0.8800959232613909 0.16952209197475201 0.8832933653077538 0.1704238052299369 0.9072741806554757
0 0.5076645626690712 0.9944044764188649 0.5121731289449956 0.9992006394884093 0.5238954012623985 0.9992006394884093 0.5270513976555455 0.991207034372502 0.5302073940486925 0.9528377298161471 0.5293056807935077 0.9488409272581935 0.5247971145175834 0.9440447641886491 0.5148782687105501 0.9432454036770584 0.5108205590622182 0.9456434852118306 0.5099188458070334 0.9544364508393286 0.5099188458070334 0.9760191846522782 0.5076645626690712 0.9944044764188649