0 0 0.4524380495603517 0 0.47801758593125504 0.00721370604147881 0.4804156674660272 0.018034265103697024 0.4796163069544365 0.019837691614066726 0.47641886490807356 0.02073940486925158 0.4684252597921663 0.021190261496844002 0.4524380495603517 0.023444544634806132 0.43804956035171866 0.023444544634806132 0.4212629896083134 0.018935978358881875 0.4172661870503597 0.008115419296663661 0.4172661870503597 0.004508566275924256 0.42206235011990406 0.002254283137962128 0.45003996802557955 0 0.4524380495603517
0 0.015779981965734897 0.7761790567545964 0.04012623985572588 0.7793764988009593 0.046889089269612265 0.7793764988009593 0.047790802524797116 0.7761790567545964 0.046889089269612265 0.7689848121502798 0.044634806131650134 0.7673860911270984 0.01442741208295762 0.7649880095923263 0.013976555455365193 0.7729816147082335 0.015779981965734897 0.7761790567545964
0 0.03787195671776375 0.3333333333333333 0.04283137962128043 0.33892885691446845 0.05365193868349865 0.33812949640287776 0.05770964833183048 0.3317346123101519 0.06086564472497746 0.30375699440447645 0.05770964833183048 0.29576338928856916 0.044634806131650134 0.29416466826538773 0.03787195671776375 0.30055955235811355 0.0369702434625789 0.31175059952038375 0.03651938683498648 0.32933653077537967 0.03787195671776375 0.3333333333333333
0 0.20018034265103696 0.586730615507594 0.20423805229936878 0.6083133493205436 0.21055004508566277 0.6091127098321344 0.22001803426510372 0.6059152677857713 0.2249774571686204 0.6027178257394085 0.2285843101893598 0.5971223021582733 0.23083859332732193 0.5883293365307755 0.23083859332732193 0.5819344524380495 0.2290351668169522 0.5723421262989609 0.22768259693417492 0.5451638689048761 0.22407574391343554 0.5355715427657874 0.21100090171325517 0.5387689848121503 0.19747520288548243 0.5467625899280576 0.19702434625788998 0.5555555555555556 0.20018034265103696 0.586730615507594
0 0.7439134355275022 0.9272581934452439 0.7515779981965736 0.9264588329336532 0.7533814247069431 0.915267785771383 0.7529305680793508 0.8960831334932055 0.7515779981965736 0.8912869704236611 0.7412082957619477 0.8928856914468426 0.7389540126239856 0.9024780175859313 0.7376014427412083 0.9240607513988809 0.7439134355275022 0.9272581934452439
0 0.060414788097385035 0.4796163069544365 0.062218214607754736 0.47641886490807356 0.06627592425608657 0.45483613109512394 0.06492335437330929 0.4444444444444444 0.05049594229035167 0.442845723421263 0.04283137962128043 0.44604316546762596 0.042380522993688004 0.4772182254196643 0.060414788097385035 0.4796163069544365
0 0.06492335437330929 0.9960031974420465 0.06762849413886383 0.991207034372502 0.06582506762849415 0.9840127897681855 0.06627592425608657 0.973621103117506 0.0703336339044184 0.9672262190247802 0.08160504959422904 0.9648281374900081 0.08205590622182146 0.9424460431654678 0.0793507664562669 0.9392486011191048 0.0721370604147881 0.938449240607514 0.05139765554553652 0.9400479616306955 0.04643823264201984 0.947242206235012 0.044634806131650134 0.959232613908873 0.044634806131650134 0.9944044764188649 0.06492335437330929 0.9960031974420465
0 0.08070333633904418 0.48441247002398086 0.08881875563570783 0.486810551558753 0.0951307484220018 0.4828137490007994 0.09693417493237151 0.4660271782573941 0.09467989179440937 0.4596322941646683 0.08836789900811542 0.45643485211830537 0.0793507664562669 0.45803357314148685 0.07889990982867448 0.4804156674660272 0.08070333633904418 0.48441247002398086
0 0.0369702434625789 0.689048760991207 0.04057709648331831 0.6818545163868905 0.04283137962128043 0.6618705035971224 0.04283137962128043 0.6554756195043965 0.04102795311091073 0.6522781774580336 0.031559963931469794 0.6498800959232613 0.01442741208295762 0.6506794564348523 0.004508566275924256 0.657074340527578 0.004959422903516681 0.6866506794564349 0.0369702434625789 0.689048760991207
0 0.46167718665464386 0.9040767386091128 0.4833183047790803 0.906474820143885 0.48872858431018934 0.9016786570743406 0.4905320108205591 0.8752997601918465 0.4882777276825969 0.8649080735411672 0.4806131650135257 0.8601119104716227 0.47339945897204694 0.8601119104716227 0.4643823264201984 0.8641087130295764 0.46032461677186653 0.8697042366107114 0.45987376014427417 0.8992805755395684 0.46167718665464386 0.9040767386091128
0 0.3710550045085663 0.973621103117506 0.3787195671776375 0.9744204636290967 0.3836789900811542 0.9720223820943246 0.3863841298467087 0.9648281374900081 0.38773669972948605 0.9536370903277379 0.3868349864743012 0.938449240607514 0.3818755635707845 0.9360511590727418 0.37285843101893595 0.9376498800959233 0.3710550045085663 0.9416466826538769 0.369702434625789 0.959232613908873 0.3692515779981966 0.9664268585131894 0.3710550045085663 0.973621103117506
0 0.044634806131650134 0.7993605115907274 0.04733994589720469 0.7961630695443646 0.047790802524797116 0.7897681854516387 0.04643823264201984 0.7857713828936851 0.032461677186654644 0.7865707434052758 0.03291253381424707 0.7993605115907274 0.044634806131650134 0.7993605115907274
0 0.4860234445446348 0.9992006394884093 0.48647430117222723 0.9944044764188649 0.4855725879170424 0.9856115107913669 0.47790802524797116 0.9832134292565947 0.4657348963029757 0.9840127897681855 0.4625788999098287 0.9872102318145485 0.4612263300270514 0.9936051159072742 0.46077547339945896 0.9992006394884093 0.4860234445446348 0.9992006394884093