0 0.05139765554553652 0.4188649080735412 0.05184851217312895 0.4348521183053557 0.05365193868349865 0.4372501998401279 0.0703336339044184 0.4396482813749001 0.0739404869251578 0.4372501998401279 0.07980162308385934 0.4212629896083134 0.07980162308385934 0.3836930455635492 0.07439134355275022 0.37969624300559557 0.058160504959422904 0.37969624300559557 0.05590622182146077 0.38609112709832133 0.05545536519386835 0.39728217426059154 0.05139765554553652 0.4188649080735412
0 0.8417493237150586 0.6882494004796164 0.8471596032461677 0.695443645083933 0.8584310189359784 0.7050359712230216 0.8624887285843102 0.7050359712230216 0.8638412984670875 0.7026378896882494 0.8660955816050496 0.6930455635491607 0.8651938683498648 0.689048760991207 0.8552750225428314 0.6762589928057555 0.8458070333633905 0.6682653876898482 0.8417493237150586 0.6682653876898482 0.8381424706943192 0.6730615507593926 0.8381424706943192 0.6786570743405277 0.8417493237150586 0.6882494004796164
0 0.13345356176735798 0.5059952038369305 0.14472497745716864 0.5083932853717026 0.1478809738503156 0.5051958433253397 0.1496844003606853 0.47641886490807356 0.14743011722272317 0.4660271782573941 0.13796212804328223 0.4660271782573941 0.13435527502254285 0.4684252597921663 0.13255184851217314 0.48441247002398086 0.13210099188458072 0.5019984012789769 0.13345356176735798 0.5059952038369305
0 0.004959422903516681 0.7002398081534772 0.00721370604147881 0.701039168665068 0.045536519386834985 0.7058353317346123 0.0509467989179441 0.7002398081534772 0.05320108205590622 0.6874500399680257 0.05275022542831379 0.6762589928057555 0.04733994589720469 0.6722621902478018 0.011722272317403066 0.6698641087130296 0.0063119927862939585 0.6714628297362111 0.0040577096483318306 0.6746602717825739 0.0040577096483318306 0.6970423661071143 0.004959422903516681 0.7002398081534772
0 0.8155996393146979 0.7553956834532374 0.8106402164111812 0.7721822541966427 0.8128944995491433 0.78017585931255 0.8183047790802525 0.7825739408473221 0.825067628494139 0.7777777777777778 0.8291253381424708 0.7777777777777778 0.8394950405770965 0.7833733013589129 0.8444544634806133 0.7777777777777778 0.8489630297565375 0.7681854516386891 0.8485121731289451 0.7474020783373301 0.8385933273219116 0.7346123101518786 0.8349864743011722 0.7346123101518786 0.825067628494139 0.7282174260591526 0.8178539224526601 0.7274180655475619 0.8133453561767359 0.7306155075939249 0.8128944995491433 0.7442046362909672 0.8155996393146979 0.7553956834532374
0 0.15238954012623987 0.3317346123101519 0.16050495942290352 0.33573141486810554 0.1650135256988278 0.33253397282174263 0.16681695220919746 0.31894484412470026 0.16681695220919746 0.31254996003197444 0.1650135256988278 0.3085531574740208 0.15464382326420198 0.3061550759392486 0.1496844003606853 0.31015187849720227 0.1492335437330929 0.32454036770583533 0.15238954012623987 0.3317346123101519
0 0.24481514878268712 0.1047162270183853 0.2844905320108206 0.10951239008792966 0.2912533814247069 0.10551558752997602 0.29531109107303877 0.08233413269384492 0.2912533814247069 0.07753796962430057 0.26194770063119927 0.07434052757793765 0.2479711451758341 0.07513988808952839 0.24346257889990983 0.07753796962430057 0.242560865644725 0.1015187849720224 0.24481514878268712 0.1047162270183853
0 0.059513074842200184 0.6658673061550759 0.062218214607754736 0.6674660271782575 0.10550045085662758 0.6714628297362111 0.1127141568981064 0.6610711430855316 0.11316501352569883 0.6402877697841727 0.10820559062218214 0.6330935251798562 0.0721370604147881 0.6322941646682655 0.06357078449053201 0.6346922462030377 0.058611361587015326 0.6402877697841727 0.058160504959422904 0.6618705035971224 0.059513074842200184 0.6658673061550759
0 0.8453561767357981 0.8385291766586731 0.8516681695220919 0.8473221422861711 0.8660955816050496 0.8569144684252599 0.8701532912533815 0.8569144684252599 0.872858431018936 0.8529176658673061 0.8737601442741209 0.8473221422861711 0.8710550045085662 0.8433253397282174 0.8449053201082056 0.8249400479616307 0.8440036068530207 0.8321342925659473 0.8453561767357981 0.8385291766586731
0 0.18530207394048692 0.293365307753797 0.20829576194770064 0.29256594724220625 0.2096483318304779 0.2877697841726619 0.2096483318304779 0.27098321342925663 0.2073940486925158 0.26059152677857716 0.20243462578899912 0.25739408473221426 0.19116321009918846 0.2557953637090328 0.18575293056807937 0.2589928057553957 0.18394950405770966 0.266986410871303 0.1834986474301172 0.28936850519584334 0.18530207394048692 0.293365307753797
0 0 0.7745803357314149 0.014878268710550046 0.7785771382893686 0.02254283137962128 0.7761790567545964 0.02569882777276826 0.7585931254996003 0.02569882777276826 0.7442046362909672 0.02164111812443643 0.7410071942446044 0.01036970243462579 0.7394084732214229 0 0.7394084732214229 0 0.7745803357314149
0 0.9427412082957619 0.3828936850519585 0.9634806131650135 0.4012789768185452 0.9666366095581606 0.39728217426059154 0.9702434625789 0.38609112709832133 0.9729486023444545 0.36930455635491605 0.9715960324616773 0.3661071143085532 0.9580703336339044 0.354916067146283 0.9454463480613166 0.35091926458832934 0.9400360685302074 0.3581135091926459 0.936429215509468 0.37250199840127896 0.9350766456266908 0.37969624300559557 0.9427412082957619 0.3828936850519585
0 0.01848512173128945 0.018385291766586733 0.05365193868349865 0.02158273381294964 0.059513074842200184 0.018385291766586733 0.06086564472497746 0.01278976818545164 0.06086564472497746 0.003996802557953637 0.059513074842200184 0 0.016230838593327322 0 0.015779981965734897 0.015187849720223821 0.01848512173128945 0.018385291766586733
0 0.8890892696122633 0.3733013589128697 0.8967538322813345 0.3788968824940048 0.9012623985572588 0.3749000799360512 0.9071235347159603 0.35891286970423664 0.8935978358881875 0.34532374100719426 0.8890892696122633 0.34612310151878495 0.8863841298467088 0.3525179856115108 0.8841298467087467 0.3661071143085532 0.8890892696122633 0.3733013589128697
0 0.8836789900811541 0.5171862509992007 0.8895401262398558 0.5187849720223822 0.8976555455365194 0.4948041566746603 0.9012623985572588 0.4788169464428457 0.9008115419296664 0.4708233413269384 0.8922452660054103 0.46203037569944044 0.8845807033363391 0.4588329336530776 0.8800721370604149 0.4596322941646683 0.871956717763751 0.49000799360511593 0.871956717763751 0.5059952038369305 0.8836789900811541 0.5171862509992007