0 0.1650135256988278 0.5851318944844125 0.16862037871956717 0.5859312549960032 0.1744815148782687 0.5771382893685052 0.1762849413886384 0.5675459632294165 0.175834084761046 0.5643485211830536 0.17222723174030657 0.5603517186250999 0.16771866546438233 0.5603517186250999 0.1636609558160505 0.5635491606714629 0.16050495942290352 0.5699440447641887 0.16095581605049597 0.5795363709032775 0.1650135256988278 0.5851318944844125
0 0.04328223624887286 0.18545163868904876 0.06086564472497746 0.18625099920063948 0.06492335437330929 0.17985611510791366 0.06762849413886383 0.16946442845723422 0.06898106402164111 0.1510791366906475 0.06807935076645627 0.1398880895283773 0.06176735798016231 0.1366906474820144 0.05229936880072138 0.1366906474820144 0.049143372407574396 0.13908872901678657 0.045536519386834985 0.14388489208633096 0.04508566275924256 0.15827338129496404 0.04283137962128043 0.16946442845723422 0.04192966636609558 0.18145483613109514 0.04328223624887286 0.18545163868904876
0 0.7705139765554554 0.026378896882494004 0.7790802524797115 0.032773780975219824 0.7858431018935979 0.015187849720223821 0.7889990982867447 0 0.7741208295761948 0 0.7691614066726781 0.01598721023181455 0.7687105500450856 0.023181454836131096 0.7705139765554554 0.026378896882494004
0 0.4765554553651939 0.3445243804956035 0.496844003606853 0.3645083932853717 0.5022542831379622 0.3605115907274181 0.5058611361587015 0.3525179856115108 0.5058611361587015 0.34852118305355717 0.5022542831379622 0.3413269384492406 0.49098286744815145 0.32933653077537967 0.481965734896303 0.3237410071942446 0.4792605951307485 0.32454036770583533 0.47475202885482415 0.3349320543565148 0.47475202885482415 0.3413269384492406 0.4765554553651939 0.3445243804956035
0 0.009918845807033363 0.6035171862509993 0.009918845807033363 0.6147082334132695 0.012173128944995492 0.6211031175059952 0.024797114517583405 0.6203037569944045 0.030207394048692517 0.6163069544364509 0.030658250676284943 0.6115107913669064 0.02885482416591524 0.6027178257394085 0.022091974752028856 0.5827338129496403 0.019386834986474304 0.5787370103916867 0.01127141568981064 0.5787370103916867 0.004959422903516681 0.5891286970423661 0.004959422903516681 0.5947242206235012 0.009918845807033363 0.6035171862509993
0 0.20288548241659152 0.2214228617106315 0.20694319206492334 0.2222222222222222 0.21325518485121733 0.21183053557154277 0.2168620378719567 0.18784972022382096 0.20333633904418397 0.17905675459632295 0.20018034265103696 0.1806554756195044 0.19837691614066724 0.1838529176658673 0.1956717763751127 0.2006394884092726 0.1952209197475203 0.21342925659472425 0.20288548241659152 0.2214228617106315
0 0.02660054102795311 0.6930455635491607 0.030658250676284943 0.6946442845723421 0.03606853020739405 0.6922462030375699 0.04328223624887286 0.6858513189448442 0.04643823264201984 0.6802557953637091 0.04824165915238954 0.6746602717825739 0.047790802524797116 0.6650679456434853 0.043733092876465283 0.657074340527578 0.03381424706943192 0.6610711430855316 0.029756537421100092 0.6674660271782575 0.02569882777276826 0.6818545163868905 0.025247971145175834 0.689048760991207 0.02660054102795311 0.6930455635491607
0 0.40396753832281335 0.6019184652278178 0.40892696122633004 0.6011191047162271 0.4161406672678088 0.5883293365307755 0.4143372407574391 0.5811350919264588 0.4008115419296664 0.565947242206235 0.39404869251577995 0.5651478816946442 0.38954012623985573 0.5755395683453238 0.3890892696122633 0.5859312549960032 0.40396753832281335 0.6019184652278178
0 0.7096483318304779 0.841726618705036 0.7150586113615871 0.8457234212629897 0.7204688908926962 0.8457234212629897 0.7240757439134355 0.8401278976818546 0.7276825969341749 0.8289368505195844 0.7281334535617674 0.8209432454036771 0.7245266005410279 0.8113509192645884 0.7182146077547341 0.8089528377298163 0.7100991884580703 0.8209432454036771 0.7087466185752931 0.827338129496403 0.7082957619477006 0.8385291766586731 0.7096483318304779 0.841726618705036
0 0.47385031559963936 0.9992006394884093 0.47565374211000905 0.9952038369304558 0.47565374211000905 0.9904076738609113 0.4670874661857529 0.9768185451638689 0.4580703336339044 0.9696243005595524 0.4522091974752029 0.9704236610711432 0.4449954914337241 0.9880095923261392 0.44454463480613166 0.9992006394884093 0.47385031559963936 0.9992006394884093
0 0.45671776375112716 0.9512390087929657 0.4666366095581605 0.9600319744204637 0.47024346257889993 0.9600319744204637 0.47745716862037874 0.9448441247002399 0.4824165915238954 0.9272581934452439 0.47745716862037874 0.9176658673061552 0.4666366095581605 0.9104716227018386 0.4630297565374211 0.915267785771383 0.4558160504959423 0.9416466826538769 0.45536519386834984 0.9480415667466028 0.45671776375112716 0.9512390087929657
0 0.045536519386834985 0.7274180655475619 0.06402164111812444 0.7346123101518786 0.06717763751127143 0.7330135891286971 0.06988277727682597 0.7266187050359713 0.06988277727682597 0.718625099920064 0.06537421100090171 0.7130295763389289 0.04824165915238954 0.7058353317346123 0.042380522993688004 0.7082334132693845 0.03967538322813345 0.7130295763389289 0.03967538322813345 0.7202238209432456 0.045536519386834985 0.7274180655475619
0 0.23354373309287646 0.8960831334932055 0.24030658250676284 0.9048760991207034 0.24706943192064923 0.906474820143885 0.2533814247069432 0.8936850519584333 0.25428313796212804 0.8824940047961631 0.2511271415689811 0.8760991207034373 0.24165915238954014 0.8665067945643485 0.23760144274120829 0.8673061550759393 0.23624887285843102 0.8705035971223022 0.23264201983769162 0.8896882494004797 0.23354373309287646 0.8960831334932055
0 0.08746618575293057 0.007194244604316547 0.0915238954012624 0.015187849720223821 0.09197475202885483 0.02557953637090328 0.09783588818755636 0.03357314148681055 0.1036970243462579 0.03437250199840128 0.109107303877367 0.0319744204636291 0.11992786293958521 0.03836930455635491 0.12398557258791705 0.029576338928856916 0.1248872858431019 0.014388489208633094 0.12218214607754734 0.007194244604316547 0.11496844003606854 0 0.08746618575293057 0 0.08746618575293057 0.007194244604316547
0 0.30522993688007216 0.1894484412470024 0.3106402164111813 0.19264588329336532 0.3169522091974752 0.19264588329336532 0.32100991884580704 0.17985611510791366 0.32100991884580704 0.1774580335731415 0.31154192966636607 0.1630695443645084 0.30703336339044185 0.16386890487609912 0.3034265103697024 0.17266187050359713 0.30297565374211 0.18545163868904876 0.30522993688007216 0.1894484412470024
0 0.48016230838593327 0.3788968824940048 0.4842200180342651 0.3788968824940048 0.4860234445446348 0.37250199840127896 0.4842200180342651 0.3645083932853717 0.4666366095581605 0.3493205435651479 0.4630297565374211 0.3477218225419665 0.4594229035166817 0.35411670663469225 0.45987376014427417 0.36211031175059955 0.48016230838593327 0.3788968824940048
0 0.24887285843101895 0.05355715427657874 0.2583408476104599 0.0639488409272582 0.2623985572587917 0.0639488409272582 0.2687105500450857 0.04716227018385292 0.2651036970243463 0.03597122302158274 0.2551848512173129 0.02557953637090328 0.2511271415689811 0.02877697841726619 0.2479711451758341 0.03996802557953637 0.24752028854824168 0.04796163069544365 0.24887285843101895 0.05355715427657874
0 0.5180342651036971 0.2565947242206235 0.5284039675383229 0.26538768984812156 0.5342651036970244 0.26538768984812156 0.5378719567177638 0.2613908872901679 0.5383228133453561 0.2541966426858513 0.5365193868349865 0.24060751398880897 0.5090171325518486 0.21502797761790568 0.5049594229035167 0.21582733812949642 0.5013525698827773 0.22302158273381298 0.5018034265103697 0.23741007194244604 0.5180342651036971 0.2565947242206235
0 0.5329125338142471 0.4636290967226219 0.545536519386835 0.4748201438848921 0.5495942290351669 0.47322142286171065 0.5563570784490532 0.45643485211830537 0.5432822362488728 0.4420463629096723 0.5365193868349865 0.4444444444444444 0.5320108205590622 0.45483613109512394 0.5315599639314699 0.4596322941646683 0.5329125338142471 0.4636290967226219
0 0.4837691614066727 0.13029576338928858 0.4891794409377818 0.13189448441247004 0.49323715058611367 0.12310151878497202 0.49323715058611367 0.1167066346922462 0.48512173128945 0.10791366906474821 0.478809738503156 0.10791366906474821 0.4765554553651939 0.11191047162270185 0.4765554553651939 0.12310151878497202 0.4837691614066727 0.13029576338928858