0 0.6686203787195673 0.34532374100719426 0.6821460775473399 0.3493205435651479 0.700180342651037 0.3493205435651479 0.7028854824165914 0.3405275779376499 0.7051397655545536 0.31734612310151883 0.7024346257889991 0.31414868105515587 0.694770063119928 0.31175059952038375 0.6740306582506763 0.31095123900879296 0.669522091974752 0.31414868105515587 0.6677186654643824 0.3261390887290168 0.6668169522091975 0.3413269384492406 0.6686203787195673 0.34532374100719426
0 0.8286744815148782 0.8928856914468426 0.8588818755635708 0.8968824940047961 0.8620378719567178 0.8928856914468426 0.8651938683498648 0.8760991207034373 0.8629395852119026 0.8721023181454837 0.8494138863841298 0.8705035971223022 0.8309287646528404 0.8729016786570745 0.827321911632101 0.8784972022382095 0.8268710550045085 0.8904876099120704 0.8286744815148782 0.8928856914468426
0 0.44229035166816955 0.17905675459632295 0.4495040577096483 0.18225419664268586 0.4634806131650135 0.18545163868904876 0.4670874661857529 0.17985611510791366 0.4648331830477908 0.17426059152677859 0.445897204688909 0.16786570743405277 0.44048692515779986 0.17026378896882494 0.44003606853020744 0.17426059152677859 0.44229035166816955 0.17905675459632295
0 0.7808836789900812 0.019184652278177457 0.7971145175834086 0.016786570743405275 0.8011722272317404 0.007993605115907274 0.8011722272317404 0 0.7790802524797115 0 0.7786293958521191 0.014388489208633094 0.7808836789900812 0.019184652278177457
0 0.0175834084761046 0.862509992006395 0.023444544634806132 0.8649080735411672 0.0509467989179441 0.86810551558753 0.058160504959422904 0.8585131894484412 0.059963931469792606 0.8489208633093526 0.059062218214607755 0.8377298161470824 0.05725879170423805 0.8345323741007195 0.04733994589720469 0.8321342925659473 0.025247971145175834 0.8305355715427658 0.017132551848512173 0.8345323741007195 0.015329125338142471 0.8401278976818546 0.01442741208295762 0.850519584332534 0.0175834084761046 0.862509992006395
0 0.37285843101893595 0.08233413269384492 0.39404869251577995 0.08313349320543566 0.3976555455365194 0.0815347721822542 0.3999098286744815 0.07513988808952839 0.3990081154192967 0.0671462829736211 0.39224526600541026 0.06314948041566747 0.37285843101893595 0.06155075939248601 0.37060414788097384 0.0671462829736211 0.369702434625789 0.07753796962430057 0.37285843101893595 0.08233413269384492
0 0.35527502254283133 0.12390087929656275 0.3692515779981966 0.12709832134292565 0.37376014427412085 0.12310151878497202 0.3751127141568981 0.10231814548361312 0.37330928764652843 0.09672262190247803 0.35888187556357076 0.09512390087929656 0.35617673579801623 0.09672262190247803 0.35437330928764654 0.10231814548361312 0.3539224526600541 0.11990407673860913 0.35527502254283133 0.12390087929656275
0 0.130297565374211 0.32773780975219824 0.13570784490532012 0.33013589128697046 0.15193868349864742 0.33013589128697046 0.15509467989179443 0.3253397282174261 0.15374211000901714 0.3213429256594725 0.1496844003606853 0.31974420463629094 0.13615870153291254 0.3181454836131095 0.1289449954914337 0.3205435651478817 0.1284941388638413 0.32454036770583533 0.130297565374211 0.32773780975219824
0 0.1266907123534716 0.293365307753797 0.14382326420198377 0.29416466826538773 0.14743011722272317 0.2885691446842526 0.14833183047790804 0.28377298161470826 0.1478809738503156 0.2789768185451639 0.14562669071235346 0.27737809752198245 0.13074842200180342 0.27737809752198245 0.12533814247069433 0.2797761790567546 0.1248872858431019 0.28936850519584334 0.1266907123534716 0.293365307753797
0 0.013525698827772768 0.8209432454036771 0.015779981965734897 0.8257394084732215 0.05545536519386835 0.8313349320543566 0.060414788097385035 0.8313349320543566 0.06266907123534717 0.8257394084732215 0.062218214607754736 0.8137490007993605 0.05725879170423805 0.809752198241407 0.027953110910730387 0.806554756195044 0.017132551848512173 0.8105515587529977 0.013525698827772768 0.8169464428457234 0.013525698827772768 0.8209432454036771
0 0.3606853020739405 0.04796163069544365 0.3823264201983769 0.050359712230215826 0.3872858431018936 0.04396482813749002 0.38954012623985573 0.029576338928856916 0.3890892696122633 0.018385291766586733 0.3872858431018936 0.014388489208633094 0.3800721370604148 0.011990407673860913 0.3656447249774572 0.01278976818545164 0.3629395852119026 0.014388489208633094 0.36158701532912535 0.019984012789768184 0.35978358881875566 0.03916866506794565 0.3606853020739405 0.04796163069544365
0 0.9134355275022543 0.4356514788169465 0.9256086564472498 0.4372501998401279 0.936429215509468 0.434052757793765 0.9377817853922452 0.4212629896083134 0.9350766456266908 0.416466826538769 0.9174932371505862 0.4132693844924061 0.9129846708746618 0.4180655475619504 0.9120829576194771 0.4324540367705836 0.9134355275022543 0.4356514788169465
0 0.6361587015329125 0.5787370103916867 0.6393146979260594 0.5787370103916867 0.6442741208295762 0.5739408473221423 0.6447249774571686 0.5675459632294165 0.6370604147880974 0.5475619504396483 0.633453561767358 0.5475619504396483 0.6289449954914338 0.5523581135091926 0.628043282236249 0.5595523581135092 0.6361587015329125 0.5787370103916867
0 0.2060414788097385 0.023980815347721826 0.21731289449954916 0.026378896882494004 0.22046889089269614 0.02238209432454037 0.22046889089269614 0.011990407673860913 0.21911632100991885 0.007993605115907274 0.21190261496844004 0.00639488409272582 0.20468890892696123 0.011191047162270184 0.20333633904418397 0.018385291766586733 0.2060414788097385 0.023980815347721826
0 0.44229035166816955 0.16067146282973624 0.46077547339945896 0.16626698641087131 0.4661857529305681 0.17026378896882494 0.4688908926961226 0.1630695443645084 0.4679891794409378 0.1574740207833733 0.4504057709648332 0.15027977617905677 0.445897204688909 0.14948041566746603 0.44048692515779986 0.1542765787370104 0.44003606853020744 0.1574740207833733 0.44229035166816955 0.16067146282973624
0 0.654643823264202 0.34532374100719426 0.6654643823264202 0.34372501998401284 0.6668169522091975 0.3237410071942446 0.6650135256988278 0.31894484412470026 0.6528403967538323 0.31894484412470026 0.6474301172227231 0.3237410071942446 0.6474301172227231 0.3429256594724221 0.654643823264202 0.34532374100719426