0 0.7168620378719567 0.46522781774580335 0.7421100090171326 0.4684252597921663 0.7443642921550947 0.4668265387689848 0.7466185752930569 0.4556354916067146 0.7461677186654645 0.4420463629096723 0.74165915238954 0.43804956035171866 0.7150586113615871 0.4396482813749001 0.7110009017132553 0.4420463629096723 0.7105500450856627 0.4444444444444444 0.7100991884580703 0.4596322941646683 0.7168620378719567 0.46522781774580335
0 0.7687105500450856 0.5579536370903277 0.7808836789900812 0.5587529976019185 0.7871956717763752 0.5555555555555556 0.7889990982867447 0.5355715427657874 0.7889990982867447 0.5291766586730615 0.7876465284039675 0.5267785771382895 0.7709648331830479 0.5235811350919265 0.7687105500450856 0.5243804956035172 0.7673579801623084 0.5291766586730615 0.766907123534716 0.5531574740207834 0.7687105500450856 0.5579536370903277
0 0.7137060414788097 0.5291766586730615 0.7155094679891795 0.525179856115108 0.7164111812443643 0.5171862509992007 0.7150586113615871 0.5107913669064749 0.7015329125338142 0.5107913669064749 0.7019837691614067 0.5291766586730615 0.7137060414788097 0.5291766586730615
0 0.7475202885482417 0.3557154276578737 0.7687105500450856 0.35651478816946447 0.7709648331830479 0.35171862509992013 0.7723174030658251 0.33573141486810554 0.7741208295761948 0.29096722621902477 0.7732191163210099 0.2797761790567546 0.7714156898106402 0.27737809752198245 0.7538322813345357 0.27817745803357313 0.7502254283137962 0.2821742605915268 0.7479711451758341 0.29416466826538773 0.7493237150586113 0.3149480415667466 0.7475202885482417 0.3557154276578737
0 0.02164111812443643 0.7577937649880097 0.04418394950405771 0.7593924860111911 0.04643823264201984 0.7561950439648283 0.04824165915238954 0.7394084732214229 0.045536519386834985 0.7330135891286971 0.030207394048692517 0.7306155075939249 0.022993688007213707 0.7330135891286971 0.02073940486925158 0.7442046362909672 0.020288548241659154 0.7545963229416467 0.02164111812443643 0.7577937649880097
0 0.7556357078449053 0.6618705035971224 0.7601442741208296 0.6562749800159873 0.7619477006311993 0.6386890487609912 0.7560865644724978 0.6354916067146283 0.7443642921550947 0.636290967226219 0.74165915238954 0.6402877697841727 0.7407574391343553 0.6458832933653078 0.7412082957619477 0.6594724220623502 0.7556357078449053 0.6618705035971224
0 0.025247971145175834 0.6794564348521184 0.03967538322813345 0.6802557953637091 0.04192966636609558 0.6730615507593926 0.04147880973850316 0.6650679456434853 0.03832281334535618 0.6634692246203038 0.030207394048692517 0.6634692246203038 0.023895401262398558 0.6682653876898482 0.023444544634806132 0.6746602717825739 0.025247971145175834 0.6794564348521184
0 0.5351668169522091 0.24940047961630699 0.5464382326420198 0.2517985611510791 0.5491433724075744 0.24540367705835334 0.548692515779982 0.2414068745003997 0.5464382326420198 0.23980815347721826 0.5306582506762849 0.23980815347721826 0.5306582506762849 0.24540367705835334 0.5351668169522091 0.24940047961630699
0 0.17357980162308384 0.7250199840127898 0.18169522091974755 0.7226219024780176 0.1834986474301172 0.7170263788968825 0.1834986474301172 0.6938449240607514 0.18214607754733994 0.6914468425259792 0.1708746618575293 0.6906474820143885 0.16907123534715962 0.6946442845723421 0.16816952209197475 0.7218225419664269 0.17357980162308384 0.7250199840127898
0 0.7619477006311993 0.521982414068745 0.7714156898106402 0.5243804956035172 0.7772768259693417 0.5227817745803358 0.7795311091073039 0.5195843325339728 0.7804328223624887 0.5027977617905676 0.7790802524797115 0.49960031974420466 0.7651036970243462 0.49720223820943243 0.7619477006311993 0.49960031974420466 0.760595130748422 0.504396482813749 0.7601442741208296 0.5155875299760192 0.7619477006311993 0.521982414068745
0 0.5707844905320109 0.4924060751398881 0.5779981965734896 0.49160671462829736 0.5811541929666366 0.4772182254196643 0.5802524797114518 0.4588329336530776 0.5784490532010821 0.4556354916067146 0.5712353471596032 0.45643485211830537 0.5694319206492335 0.46282973621103124 0.5694319206492335 0.49000799360511593 0.5707844905320109 0.4924060751398881
0 0.47339945897204694 0.7338129496402878 0.4860234445446348 0.7362110311750599 0.4914337240757439 0.7346123101518786 0.4954914337240758 0.7218225419664269 0.49368800721370604 0.709832134292566 0.481965734896303 0.7066346922462031 0.47520288548241657 0.7106314948041567 0.4720468890892696 0.7194244604316546 0.4715960324616772 0.7266187050359713 0.47339945897204694 0.7338129496402878
0 0.109107303877367 0.7202238209432456 0.12759242560865644 0.7202238209432456 0.12984670874661858 0.709832134292566 0.13074842200180342 0.6922462030375699 0.12939585211902616 0.689048760991207 0.11136158701532912 0.6882494004796164 0.10775473399458972 0.6906474820143885 0.10685302073940486 0.7122302158273383 0.109107303877367 0.7202238209432456
0 0.6550946798917944 0.6410871302957634 0.6672678088367898 0.642685851318945 0.6731289449954915 0.6402877697841727 0.675834084761046 0.6338928856914469 0.6771866546438233 0.592326139088729 0.6708746618575293 0.5883293365307755 0.6609558160504959 0.5891286970423661 0.657799819657349 0.5915267785771383 0.6537421100090172 0.6282973621103117 0.6532912533814247 0.6370903277378098 0.6550946798917944 0.6410871302957634
0 0.6789900811541929 0.9520383693045564 0.6893597835888188 0.9520383693045564 0.6916140667267809 0.9352517985611511 0.6916140667267809 0.9144684252597922 0.6898106402164111 0.9080735411670664 0.6803426510369702 0.9072741806554757 0.6780883678990081 0.9096722621902479 0.6744815148782687 0.9216626698641087 0.674932371505861 0.9488409272581935 0.6789900811541929 0.9520383693045564
0 0.5788999098286746 0.6171063149480416 0.602795311091073 0.6258992805755397 0.6064021641118125 0.6227018385291766 0.609107303877367 0.6139088729016786 0.6104598737601443 0.5883293365307755 0.6050495942290353 0.5827338129496403 0.5825067628494138 0.5803357314148682 0.5802524797114518 0.5843325339728218 0.5779981965734896 0.5971223021582733 0.5775473399458972 0.6139088729016786 0.5788999098286746 0.6171063149480416
0 0.6140667267808837 0.29416466826538773 0.6420198376916141 0.2965627498001599 0.6474301172227231 0.293365307753797 0.6487826871055005 0.28936850519584334 0.6501352569882777 0.26538768984812156 0.6483318304779081 0.2613908872901679 0.6194770063119928 0.26059152677857716 0.6127141568981065 0.26298960831334933 0.6122633002705139 0.28936850519584334 0.6140667267808837 0.29416466826538773
0 0.7186654643823265 0.6378896882494005 0.7312894499549144 0.6394884092725819 0.7385031559963932 0.6386890487609912 0.74165915238954 0.6354916067146283 0.7421100090171326 0.60431654676259 0.7407574391343553 0.6011191047162271 0.7240757439134355 0.6003197442046363 0.7182146077547341 0.6035171862509993 0.7173128944995492 0.6075139888089529 0.7186654643823265 0.6378896882494005
0 0.7276825969341749 0.5371702637889688 0.7380522993688007 0.5379696243005596 0.7412082957619477 0.5363709032773781 0.7430117222723175 0.5323741007194245 0.7434625788999099 0.5211830535571543 0.74165915238954 0.5179856115107914 0.7267808836789902 0.5163868904876099 0.7254283137962128 0.5187849720223822 0.7254283137962128 0.533972821742606 0.7276825969341749 0.5371702637889688
0 0.7687105500450856 0.4860111910471623 0.7903516681695222 0.48840927258193445 0.7944093778178539 0.4876099120703437 0.7971145175834086 0.4836131095123901 0.7984670874661858 0.469224620303757 0.796663660955816 0.4660271782573941 0.7691614066726781 0.46442845723421267 0.7678088367899009 0.4668265387689848 0.7687105500450856 0.4860111910471623
0 0.05770964833183048 0.7969624300559552 0.06311992786293959 0.7993605115907274 0.07484220018034266 0.7993605115907274 0.08160504959422904 0.7961630695443646 0.08431018935978359 0.7745803357314149 0.08385933273219116 0.7641886490807354 0.07980162308385934 0.7617905675459633 0.06357078449053201 0.7609912070343725 0.059062218214607755 0.7649880095923263 0.058160504959422904 0.7681854516386891 0.05680793507664563 0.7817745803357314 0.05770964833183048 0.7969624300559552
0 0.5311091073038774 0.2294164668265388 0.5509467989179441 0.23181454836131096 0.5527502254283138 0.2278177458033573 0.5527502254283138 0.22462030375699443 0.5495942290351669 0.2214228617106315 0.5293056807935077 0.21982414068745004 0.5288548241659152 0.22541966426858515 0.5311091073038774 0.2294164668265388