0 0.47024346257889993 0.7306155075939249 0.47745716862037874 0.7330135891286971 0.4842200180342651 0.7194244604316546 0.48872858431018934 0.6994404476418865 0.48512173128945 0.6818545163868905 0.47610459873760147 0.6746602717825739 0.4711451758340848 0.6794564348521184 0.4630297565374211 0.7034372501998403 0.4630297565374211 0.7210231814548362 0.47024346257889993 0.7306155075939249
0 0.5838593327321911 0.78017585931255 0.5928764652840397 0.7897681854516387 0.5996393146979261 0.7913669064748201 0.6023444544634806 0.7865707434052758 0.6041478809738504 0.7761790567545964 0.6045987376014428 0.7721822541966427 0.602795311091073 0.7649880095923263 0.5883678990081154 0.7521982414068745 0.584761045987376 0.7521982414068745 0.5838593327321911 0.7545963229416467 0.5807033363390443 0.7649880095923263 0.5838593327321911 0.78017585931255
0 0.9914337240757439 0.4908073541167067 0.9995491433724076 0.495603517186251 0.9995491433724076 0.4612310151878497 0.9945897204688909 0.460431654676259 0.9896302975653742 0.4796163069544365 0.9891794409377818 0.486810551558753 0.9914337240757439 0.4908073541167067
0 0.4914337240757439 0.4292565947242206 0.4981965734896303 0.4324540367705836 0.5022542831379622 0.4260591526778577 0.5040577096483319 0.4132693844924061 0.5018034265103697 0.40367705835331735 0.4981965734896303 0.39728217426059154 0.4882777276825969 0.3876898481215028 0.4837691614066727 0.3868904876099121 0.4792605951307485 0.39408473221422863 0.4765554553651939 0.40447641886490815 0.47700631199278626 0.41486810551558756 0.4914337240757439 0.4292565947242206
0 0.11587015329125337 0.44924060751398887 0.11947700631199279 0.4524380495603517 0.12353471596032461 0.45003996802557955 0.13210099188458072 0.42286171063149486 0.13119927862939584 0.416466826538769 0.12308385933273219 0.4004796163069545 0.11361587015329126 0.3908872901678657 0.10865644724977458 0.39488409272581937 0.1018935978358882 0.416466826538769 0.1018935978358882 0.4260591526778577 0.11587015329125337 0.44924060751398887
0 0.5256988277727683 0.4908073541167067 0.5405770964833183 0.5011990407673861 0.5468890892696122 0.49880095923261397 0.5491433724075744 0.48920863309352525 0.5464382326420198 0.47641886490807356 0.5360685302073941 0.4660271782573941 0.5324616771866546 0.4660271782573941 0.5288548241659152 0.47322142286171065 0.524346257889991 0.4828137490007994 0.5256988277727683 0.4908073541167067
0 0.13119927862939584 0.33013589128697046 0.1339044183949504 0.3317346123101519 0.1375112714156898 0.32933653077537967 0.14382326420198377 0.3181454836131095 0.14382326420198377 0.3077537969624301 0.13931469792605952 0.30055955235811355 0.12984670874661858 0.293365307753797 0.12578899909828675 0.2949640287769784 0.12308385933273219 0.3133493205435652 0.13119927862939584 0.33013589128697046
0 0.7853922452660055 0.8073541167066347 0.7926059513074842 0.8145483613109513 0.796663660955816 0.8121502797761792 0.8020739404869252 0.7945643485211831 0.7993688007213706 0.7777777777777778 0.7962128043282236 0.7745803357314149 0.7876465284039675 0.7729816147082335 0.7853922452660055 0.7761790567545964 0.7840396753832282 0.7841726618705037 0.7835888187556357 0.7961630695443646 0.7853922452660055 0.8073541167066347
0 0.9044183949504058 0.9440447641886491 0.9179440937781785 0.9512390087929657 0.9220018034265104 0.9496402877697842 0.9256086564472498 0.9352517985611511 0.9247069431920649 0.9248601119104717 0.9224526600541028 0.9176658673061552 0.9075743913435527 0.906474820143885 0.9008115419296664 0.9224620303756994 0.900360685302074 0.9280575539568345 0.9044183949504058 0.9440447641886491
0 0.8868349864743011 0.8529176658673061 0.8895401262398558 0.8577138289368506 0.9008115419296664 0.8673061550759393 0.9062218214607755 0.8657074340527579 0.9075743913435527 0.8521183053557154 0.903516681695221 0.8441247002398081 0.8944995491433724 0.8361310951239008 0.8890892696122633 0.8369304556354917 0.8868349864743011 0.844924060751399 0.8868349864743011 0.8529176658673061
0 0.30928764652840396 0.8105515587529977 0.30793507664562675 0.827338129496403 0.3106402164111813 0.8337330135891287 0.3174030658250676 0.8409272581934453 0.31875563570784493 0.8401278976818546 0.32461677186654647 0.8313349320543566 0.32551848512173126 0.8249400479616307 0.32281334535617673 0.8017585931254997 0.3205590622182146 0.7961630695443646 0.31424706943192066 0.7913669064748201 0.3097385031559964 0.7921662669864108 0.30793507664562675 0.7953637090327739 0.30748422001803427 0.8025579536370904 0.30928764652840396 0.8105515587529977
0 0.44183949504057707 0.9256594724220625 0.4517583408476105 0.9280575539568345 0.45852119026149685 0.920863309352518 0.45852119026149685 0.9128697042366107 0.45626690712353474 0.9032773780975221 0.4499549143372408 0.8928856914468426 0.44409377817853923 0.8936850519584333 0.43913435527502254 0.9080735411670664 0.43778178539224527 0.9216626698641087 0.44183949504057707 0.9256594724220625
0 0.010820559062218215 0.5155875299760192 0.022091974752028856 0.5315747402078338 0.02660054102795311 0.5299760191846523 0.031109107303877368 0.5195843325339728 0.030658250676284943 0.5083932853717026 0.018935978358881875 0.4948041566746603 0.013074842200180344 0.4932054356514788 0.009017132551848512 0.5035971223021583 0.008566275924256087 0.5091926458832934 0.010820559062218215 0.5155875299760192
0 0.9995491433724076 0.46522781774580335 0.9995491433724076 0.46282973621103124 0.9977457168620378 0.46282973621103124 0.996844003606853 0.4636290967226219 0.9995491433724076 0.46522781774580335
0 0.2515779981965735 0.5011990407673861 0.2610459873760144 0.5091926458832934 0.2655545536519387 0.5091926458832934 0.2723174030658251 0.4908073541167067 0.27366997294860235 0.4804156674660272 0.2696122633002705 0.4660271782573941 0.26194770063119927 0.4588329336530776 0.25743913435527505 0.4612310151878497 0.25067628494138866 0.4852118305355716 0.25022542831379624 0.49800159872102323 0.2515779981965735 0.5011990407673861
0 0.03967538322813345 0.5683453237410072 0.04328223624887286 0.5683453237410072 0.04643823264201984 0.5651478816946442 0.05004508566275924 0.5539568345323741 0.049143372407574396 0.5467625899280576 0.044634806131650134 0.5379696243005596 0.03606853020739405 0.5291766586730615 0.03291253381424707 0.5315747402078338 0.027502254283137965 0.5443645083932854 0.027953110910730387 0.5531574740207834 0.03967538322813345 0.5683453237410072
0 0.26825969341749323 0.04476418864908074 0.2727682596934175 0.04636290967226219 0.27682596934174936 0.0407673860911271 0.2777276825969342 0.02557953637090328 0.2745716862037872 0.018385291766586733 0.2678088367899008 0.014388489208633094 0.26284941388638416 0.023980815347721826 0.26194770063119927 0.03437250199840128 0.26825969341749323 0.04476418864908074
0 0.5739404869251578 0.5771382893685052 0.5856627592425608 0.5851318944844125 0.5883678990081154 0.5851318944844125 0.5933273219116322 0.577937649880096 0.5933273219116322 0.5715427657873702 0.5901713255184852 0.565947242206235 0.5779981965734896 0.5571542765787371 0.573038773669973 0.5571542765787371 0.5712353471596032 0.5643485211830536 0.5739404869251578 0.5771382893685052
0 0.8660955816050496 0.10551558752997602 0.8863841298467088 0.12070343725019984 0.9075743913435527 0.14068745003996805 0.9120829576194771 0.1366906474820144 0.9125338142470695 0.12709832134292565 0.9057709648331831 0.11910471622701839 0.866546438232642 0.08553157474020784 0.8624887285843102 0.08473221422861711 0.860234445446348 0.09112709832134293 0.860234445446348 0.09832134292565947 0.8660955816050496 0.10551558752997602
0 0.11857529305680793 0.14068745003996805 0.1266907123534716 0.15507593924860114 0.1339044183949504 0.16067146282973624 0.1406672678088368 0.15187849720223823 0.14156898106402163 0.14228617106314947 0.14021641118124437 0.1366906474820144 0.13119927862939584 0.12230215827338131 0.12623985572587917 0.11830535571542766 0.12353471596032461 0.11990407673860913 0.11992786293958521 0.12709832134292565 0.11812443642921551 0.1334932054356515 0.11857529305680793 0.14068745003996805
0 0.22407574391343554 0.1750599520383693 0.2339945897204689 0.18625099920063948 0.23895401262398558 0.1838529176658673 0.24391343552750228 0.17106314948041568 0.24346257889990983 0.1654676258992806 0.2339945897204689 0.1542765787370104 0.23083859332732193 0.1542765787370104 0.22723174030658252 0.15907274180655476 0.2236248872858431 0.16866506794564348 0.22407574391343554 0.1750599520383693
0 0.32822362488728585 0.5939248601119105 0.33047790802524796 0.6011191047162271 0.3345356176735798 0.6067146282973622 0.34220018034265104 0.6107114308553158 0.34986474301172227 0.6027178257394085 0.3525698827772768 0.5883293365307755 0.3494138863841299 0.5811350919264588 0.33543733092876465 0.5731414868105515 0.3322813345356177 0.574740207833733 0.3295761947700631 0.5811350919264588 0.32777276825969337 0.5883293365307755 0.32822362488728585 0.5939248601119105
0 0.8688007213706042 0.12869704236610713 0.8868349864743011 0.14388489208633096 0.890892696122633 0.14468425259792167 0.8926961226330028 0.14228617106314947 0.8935978358881875 0.1366906474820144 0.8890892696122633 0.13029576338928858 0.8706041478809738 0.11510791366906475 0.8660955816050496 0.11750599520383694 0.8656447249774571 0.12310151878497202 0.8688007213706042 0.12869704236610713
0 0.5410279531109107 0.7793764988009593 0.5513976555455365 0.7889688249400479 0.5572587917042381 0.7985611510791367 0.5644724977457168 0.7985611510791367 0.5676284941388638 0.7937649880095924 0.5712353471596032 0.7809752198241406 0.5703336339044184 0.771382893685052 0.5500450856627592 0.748201438848921 0.5464382326420198 0.748201438848921 0.5428313796212805 0.7545963229416467 0.5396753832281335 0.7681854516386891 0.539224526600541 0.7753796962430056 0.5410279531109107 0.7793764988009593
0 0.30297565374211 0.6594724220623502 0.30793507664562675 0.6546762589928058 0.3133453561767358 0.6346922462030377 0.3128944995491434 0.6227018385291766 0.2944093778178539 0.6019184652278178 0.2885482416591524 0.6059152677857713 0.2822362488728584 0.627498001598721 0.2813345356176736 0.6402877697841727 0.30297565374211 0.6594724220623502
0 0.6388638412984671 0.871302957633893 0.6438232642019839 0.86810551558753 0.6474301172227231 0.8513189448441247 0.6474301172227231 0.844924060751399 0.6451758340847611 0.8377298161470824 0.633453561767358 0.8249400479616307 0.628043282236249 0.8217426059152678 0.6226330027051398 0.8249400479616307 0.6185752930568079 0.8441247002398081 0.6190261496844004 0.8553157474020784 0.6388638412984671 0.871302957633893
0 0.23669972948602347 0.2885691446842526 0.2520288548241659 0.31015187849720227 0.25969341749323716 0.3165467625899281 0.2655545536519387 0.3085531574740208 0.2687105500450857 0.2965627498001599 0.26645626690712354 0.28377298161470826 0.26194770063119927 0.27737809752198245 0.25428313796212804 0.27098321342925663 0.2479711451758341 0.2621902478017586 0.24436429215509467 0.2621902478017586 0.23715058611361586 0.27577937649880097 0.2357980162308386 0.2813749000799361 0.23669972948602347 0.2885691446842526
0 0.3629395852119026 0.6322941646682655 0.3692515779981966 0.6410871302957634 0.37330928764652843 0.642685851318945 0.38097385031559966 0.6250999200639489 0.3841298467087466 0.6115107913669064 0.3841298467087466 0.6019184652278178 0.3805229936880072 0.5939248601119105 0.37376014427412085 0.586730615507594 0.36880072137060416 0.586730615507594 0.3651938683498648 0.5971223021582733 0.35978358881875566 0.6227018385291766 0.3629395852119026 0.6322941646682655
0 0.38999098286744815 0.7218225419664269 0.4008115419296664 0.7282174260591526 0.4044183949504058 0.7250199840127898 0.41118124436429215 0.7026378896882494 0.40847610459873757 0.6818545163868905 0.3976555455365194 0.6794564348521184 0.38954012623985573 0.704236610711431 0.38818755635707847 0.7146282973621104 0.38999098286744815 0.7218225419664269
0 0.9837691614066727 0.23101518784972022 0.9878268710550046 0.2270183852917666 0.9941388638412986 0.2070343725019984 0.993688007213706 0.19904076738609114 0.9878268710550046 0.18864908073541167 0.9815148782687105 0.1838529176658673 0.9779080252479712 0.18545163868904876 0.9688908926961226 0.2030375699440448 0.9688908926961226 0.21662669864108713 0.9837691614066727 0.23101518784972022
0 0.4030658250676285 0.6003197442046363 0.4161406672678088 0.6099120703437251 0.42155094679891797 0.6075139888089529 0.42560865644724977 0.5987210231814549 0.42515779981965734 0.5827338129496403 0.4129846708746619 0.5731414868105515 0.40667267808836793 0.5739408473221423 0.40171325518485124 0.5891286970423661 0.4012623985572588 0.595523581135092 0.4030658250676285 0.6003197442046363
0 0.7312894499549144 0.5035971223021583 0.7376014427412083 0.5083932853717026 0.7452660054102795 0.5083932853717026 0.7475202885482417 0.504396482813749 0.7475202885482417 0.4924060751398881 0.7434625788999099 0.4804156674660272 0.7344454463480614 0.4756195043964829 0.7303877366997296 0.47641886490807356 0.7263300270513976 0.4876099120703437 0.7267808836789902 0.49800159872102323 0.7312894499549144 0.5035971223021583
0 0.09918845807033362 0.6131095123900879 0.10550045085662758 0.6203037569944045 0.109107303877367 0.6195043964828137 0.11722272317403065 0.6019184652278178 0.11722272317403065 0.5963229416466826 0.11406672678088368 0.5891286970423661 0.10595130748422002 0.5803357314148682 0.10279531109107304 0.5827338129496403 0.09828674481514879 0.5931254996003198 0.09603246167718665 0.6051159072741806 0.09918845807033362 0.6131095123900879
0 0.1848512173128945 0.5123900879296562 0.19296663660955815 0.5163868904876099 0.19702434625788998 0.5163868904876099 0.1988277727682597 0.5139888089528377 0.19972948602344456 0.49720223820943243 0.19612263300270513 0.48920863309352525 0.18890892696122633 0.4860111910471623 0.18530207394048692 0.4932054356514788 0.1830477908025248 0.5011990407673861 0.1848512173128945 0.5123900879296562
0 0.5126239855725879 0.30055955235811355 0.5220919747520288 0.3085531574740208 0.5261496844003607 0.3085531574740208 0.5302073940486925 0.30375699440447645 0.5261496844003607 0.28617106314948043 0.5225428313796213 0.2789768185451639 0.5180342651036971 0.2765787370103917 0.5144274120829576 0.2805755395683453 0.5103697024346258 0.29256594724220625 0.5126239855725879 0.30055955235811355
0 0.6627592425608656 0.7242206235011991 0.6681695220919748 0.7250199840127898 0.6744815148782687 0.7090327737809753 0.6735798016230838 0.6994404476418865 0.666366095581605 0.6882494004796164 0.6636609558160506 0.6874500399680257 0.6609558160504959 0.6898481215027978 0.657799819657349 0.7002398081534772 0.6568981064021642 0.7178257394084733 0.6627592425608656 0.7242206235011991
0 0.3525698827772768 0.3924860111910472 0.3660955816050496 0.4028776978417266 0.3701532912533814 0.3996802557953637 0.37601442741208296 0.3844924060751399 0.37601442741208296 0.37729816147082335 0.3742110009017133 0.37170263788968827 0.3692515779981966 0.36370903277378097 0.36384129846708746 0.3597122302158273 0.35933273219116324 0.3597122302158273 0.35617673579801623 0.3645083932853717 0.35211902614968443 0.37969624300559557 0.35121731289449953 0.390087929656275 0.3525698827772768 0.3924860111910472
0 0.45671776375112716 0.9904076738609113 0.46393146979260597 0.9952038369304558 0.4711451758340848 0.9944044764188649 0.47475202885482415 0.9864108713029576 0.4765554553651939 0.9752198241406874 0.47610459873760147 0.9704236610711432 0.47339945897204694 0.9656274980015987 0.46167718665464386 0.9536370903277379 0.4594229035166817 0.9536370903277379 0.4558160504959423 0.959232613908873 0.4526600541027953 0.9704236610711432 0.4526600541027953 0.9848121502797762 0.45671776375112716 0.9904076738609113
0 0.012173128944995492 0.9560351718625101 0.0175834084761046 0.9712230215827339 0.025247971145175834 0.9760191846522782 0.030207394048692517 0.9744204636290967 0.033363390441839495 0.9632294164668266 0.03291253381424707 0.9456434852118306 0.031109107303877368 0.9416466826538769 0.009918845807033363 0.9280575539568345 0.004959422903516681 0.929656274980016 0.003606853020739405 0.9344524380495605 0.003606853020739405 0.9480415667466028 0.012173128944995492 0.9560351718625101
0 0.9319206492335438 0.16386890487609912 0.9454463480613166 0.17346123101518784 0.9495040577096483 0.17186250999200642 0.9513074842200181 0.16786570743405277 0.9517583408476105 0.1630695443645084 0.9490532010820559 0.1574740207833733 0.9377817853922452 0.14708233413269386 0.9314697926059514 0.14388489208633096 0.9283137962128044 0.14948041566746603 0.9274120829576196 0.15827338129496404 0.9319206492335438 0.16386890487609912
0 0.9400360685302074 0.9456434852118306 0.9422903516681695 0.9496402877697842 0.9558160504959423 0.9568345323741008 0.960775473399459 0.9520383693045564 0.9625788999098286 0.9264588329336532 0.9621280432822362 0.9216626698641087 0.9589720468890893 0.915267785771383 0.9454463480613166 0.9088729016786572 0.9422903516681695 0.91207034372502 0.9404869251577999 0.9224620303756994 0.9391343552750226 0.9392486011191048 0.9400360685302074 0.9456434852118306
0 0.5045085662759243 0.7146282973621104 0.5121731289449956 0.7250199840127898 0.5157799819657348 0.7266187050359713 0.5189359783588818 0.7242206235011991 0.5247971145175834 0.7018385291766587 0.524346257889991 0.6914468425259792 0.5189359783588818 0.6858513189448442 0.5117222723174031 0.6842525979216627 0.5072137060414789 0.6922462030375699 0.5040577096483319 0.7066346922462031 0.5045085662759243 0.7146282973621104
0 0.6343552750225429 0.9456434852118306 0.6451758340847611 0.9528377298161471 0.6510369702434625 0.9608313349320544 0.6559963931469793 0.9560351718625101 0.657799819657349 0.9408473221422862 0.6550946798917944 0.9336530775379696 0.6411181244364292 0.920863309352518 0.6370604147880974 0.9216626698641087 0.6330027051397656 0.9312549960031975 0.6325518485121732 0.9424460431654678 0.6343552750225429 0.9456434852118306
0 0.1920649233543733 0.7234212629896084 0.20243462578899912 0.7298161470823342 0.20649233543733095 0.7258193445243806 0.20829576194770064 0.718625099920064 0.20784490532010821 0.7058353317346123 0.20649233543733095 0.697841726618705 0.20423805229936878 0.6938449240607514 0.19927862939585214 0.689048760991207 0.1956717763751127 0.689048760991207 0.19071235347159604 0.704236610711431 0.19071235347159604 0.7178257394084733 0.1920649233543733 0.7234212629896084
0 0.2984670874661858 0.02557953637090328 0.3043282236248873 0.031175059952038373 0.3083859332732191 0.02877697841726619 0.31154192966636607 0.016786570743405275 0.31109107303877365 0.004796163069544364 0.29981965734896304 0 0.2944093778178539 0.007993605115907274 0.2944093778178539 0.01598721023181455 0.2984670874661858 0.02557953637090328
0 0.1339044183949504 0.05115907274180656 0.13931469792605952 0.05675459632294165 0.1442741208295762 0.05435651478816946 0.14517583408476106 0.04636290967226219 0.14021641118124437 0.03437250199840128 0.1284941388638413 0.020783373301358914 0.12533814247069433 0.019984012789768184 0.12263300270513977 0.023181454836131096 0.12308385933273219 0.0319744204636291 0.1339044183949504 0.05115907274180656
0 0.6014427412082958 0.9288569144684253 0.6050495942290353 0.9328537170263789 0.6127141568981065 0.9344524380495605 0.6163210099188459 0.929656274980016 0.6212804328223626 0.9144684252597922 0.6284941388638413 0.9040767386091128 0.6298467087466186 0.8936850519584333 0.6230838593327321 0.8760991207034373 0.6167718665464382 0.8697042366107114 0.6127141568981065 0.8689048760991207 0.608205590622182 0.8784972022382095 0.602795311091073 0.9008792965627499 0.6032461677186655 0.9128697042366107 0.6014427412082958 0.9288569144684253
0 0.366546438232642 0.1574740207833733 0.37060414788097384 0.16147082334132695 0.3764652840396754 0.16227018385291767 0.3796212804328224 0.15907274180655476 0.3836789900811542 0.14948041566746603 0.3868349864743012 0.1374900079936051 0.3868349864743012 0.12629896083133493 0.3818755635707845 0.11510791366906475 0.3742110009017133 0.10791366906474821 0.3692515779981966 0.10711430855315748 0.36158701532912535 0.1366906474820144 0.36158701532912535 0.14708233413269386 0.366546438232642 0.1574740207833733
0 0.5202885482416592 0.19584332533972823 0.5288548241659152 0.2038369304556355 0.5329125338142471 0.2038369304556355 0.542380522993688 0.17905675459632295 0.5410279531109107 0.16626698641087131 0.5329125338142471 0.1566746602717826 0.5261496844003607 0.1566746602717826 0.5189359783588818 0.18625099920063948 0.5184851217312895 0.1918465227817746 0.5202885482416592 0.19584332533972823
0 0.7087466185752931 0.4676258992805756 0.7168620378719567 0.4740207833733014 0.7209197475202885 0.4716227018385292 0.7240757439134355 0.45483613109512394 0.7195671776375113 0.44364508393285373 0.7141568981064021 0.43804956035171866 0.7100991884580703 0.43804956035171866 0.7069431920649234 0.45003996802557955 0.7055906221821461 0.4612310151878497 0.7087466185752931 0.4676258992805756
0 0.5568079350766456 0.8920863309352519 0.5689810640216412 0.8968824940047961 0.5716862037871957 0.8936850519584333 0.5779981965734896 0.8737010391686652 0.5802524797114518 0.8577138289368506 0.5761947700631199 0.8457234212629897 0.5680793507664563 0.8297362110311751 0.5631199278629396 0.82414068745004 0.5595130748422003 0.8233413269384493 0.5536519386834987 0.8289368505195844 0.5459873760144275 0.8649080735411672 0.5464382326420198 0.8792965627498002 0.5568079350766456 0.8920863309352519
0 0.7087466185752931 0.3149480415667466 0.7240757439134355 0.32693844924060755 0.7272317403065826 0.32693844924060755 0.7285843101893598 0.32454036770583533 0.7312894499549144 0.31095123900879296 0.7267808836789902 0.30135891286970423 0.7168620378719567 0.29256594724220625 0.7128043282236249 0.293365307753797 0.7091974752028855 0.2997601918465228 0.7078449053201082 0.3069544364508393 0.7087466185752931 0.3149480415667466
0 0.9247069431920649 0.17825739408473223 0.9386834986474301 0.19024780175859313 0.9440937781785392 0.1894484412470024 0.9449954914337241 0.1830535571542766 0.9436429215509469 0.17905675459632295 0.9283137962128044 0.1654676258992806 0.9233543733092877 0.16786570743405277 0.9224526600541028 0.17266187050359713 0.9247069431920649 0.17825739408473223
0 0.20784490532010821 0.4804156674660272 0.23624887285843102 0.5123900879296562 0.24211000901713256 0.5115907274180655 0.24481514878268712 0.504396482813749 0.24436429215509467 0.4932054356514788 0.23624887285843102 0.47641886490807356 0.2344454463480613 0.4676258992805756 0.2285843101893598 0.4588329336530776 0.22452660054102797 0.44844124700239807 0.21911632100991885 0.44124700239808157 0.2091974752028855 0.4372501998401279 0.20559062218214608 0.44124700239808157 0.20198376916140667 0.45163868904876103 0.20108205590622183 0.4636290967226219 0.20784490532010821 0.4804156674660272
0 0.20829576194770064 0.8936850519584333 0.2096483318304779 0.897681854516387 0.22993688007213708 0.9128697042366107 0.23354373309287646 0.91207034372502 0.24165915238954014 0.8968824940047961 0.2430117222723174 0.8912869704236611 0.24165915238954014 0.8649080735411672 0.23805229936880073 0.859312549960032 0.2236248872858431 0.8481215027977619 0.22001803426510372 0.850519584332534 0.2164111812443643 0.8569144684252599 0.2096483318304779 0.8776978417266187 0.20829576194770064 0.8848920863309353 0.20829576194770064 0.8936850519584333
0 0.9900811541929667 0.7210231814548362 0.9918845807033364 0.7242206235011991 0.9995491433724076 0.7266187050359713 0.9995491433724076 0.6962430055955237 0.9909828674481516 0.6930455635491607 0.9896302975653742 0.6986410871302958 0.9887285843101894 0.709832134292566 0.9900811541929667 0.7210231814548362
0 0.6555455365193867 0.8521183053557154 0.6672678088367898 0.8633093525179857 0.6731289449954915 0.862509992006395 0.6767357980162308 0.8545163868904877 0.6771866546438233 0.8481215027977619 0.6753832281334536 0.8393285371702638 0.6699729486023445 0.8313349320543566 0.6596032461677187 0.8265387689848122 0.6573489630297565 0.8289368505195844 0.654643823264202 0.8385291766586731 0.6541929666366095 0.8489208633093526 0.6555455365193867 0.8521183053557154
0 0.32596934174932374 0.07434052757793765 0.3440036068530208 0.09672262190247803 0.3462578899909829 0.09672262190247803 0.34986474301172227 0.09112709832134293 0.35482416591523896 0.07434052757793765 0.3534715960324617 0.0639488409272582 0.3489630297565374 0.055155875299760196 0.33543733092876465 0.042366107114308556 0.33047790802524796 0.04476418864908074 0.32416591523895405 0.0639488409272582 0.32416591523895405 0.07114308553157474 0.32596934174932374 0.07434052757793765