0 0.9693417493237151 0.04396482813749002 0.9797114517583408 0.04476418864908074 0.9864743011722273 0.042366107114308556 0.9873760144274121 0.029576338928856916 0.9842200180342651 0.011990407673860913 0.9684400360685302 0.011191047162270184 0.9661857529305681 0.013589128697042365 0.9657348963029756 0.02557953637090328 0.9693417493237151 0.04396482813749002
0 0.9107303877366997 0.9664268585131894 0.9215509467989179 0.9632294164668266 0.9220018034265104 0.9496402877697842 0.9201983769161407 0.9352517985611511 0.9183949504057709 0.9320543565147882 0.9138863841298467 0.9320543565147882 0.9102795311091073 0.9336530775379696 0.9084761045987376 0.938449240607514 0.9089269612263301 0.9632294164668266 0.9107303877366997 0.9664268585131894
0 0.9310189359783588 0.9744204636290967 0.936429215509468 0.973621103117506 0.9431920649233544 0.9672262190247802 0.9427412082957619 0.9584332533972821 0.9400360685302074 0.9488409272581935 0.9323715058611362 0.9488409272581935 0.9287646528403968 0.9520383693045564 0.9287646528403968 0.9632294164668266 0.9310189359783588 0.9744204636290967
0 0.7917042380522994 0.9976019184652279 0.7917042380522994 0.9904076738609113 0.7894499549143373 0.9864108713029576 0.7817853922452661 0.9864108713029576 0.7786293958521191 0.9896083133493206 0.7781785392245266 0.9992006394884093 0.7917042380522994 0.9976019184652279
0 0.218214607754734 0.9248601119104717 0.22001803426510372 0.9272581934452439 0.2249774571686204 0.9272581934452439 0.2556357078449053 0.9216626698641087 0.25743913435527505 0.9184652278177459 0.2560865644724978 0.8840927258193446 0.25247971145175835 0.8441247002398081 0.25022542831379624 0.7961630695443646 0.24706943192064923 0.7721822541966427 0.24481514878268712 0.7681854516386891 0.23760144274120829 0.7681854516386891 0.2146077547339946 0.7721822541966427 0.20829576194770064 0.7761790567545964 0.2073940486925158 0.7865707434052758 0.218214607754734 0.9248601119104717
0 0.9634806131650135 0.23101518784972022 0.9661857529305681 0.23421262989608316 0.9733994589720468 0.23101518784972022 0.9738503155996393 0.21103117505995203 0.9706943192064924 0.2070343725019984 0.9616771866546439 0.2094324540367706 0.9612263300270514 0.21662669864108713 0.9634806131650135 0.23101518784972022
0 0.9873760144274121 0.3165467625899281 0.9909828674481516 0.3205435651478817 0.9995491433724076 0.3181454836131095 0.9995491433724076 0.29576338928856916 0.9963931469792606 0.293365307753797 0.9869251577998197 0.29576338928856916 0.9860234445446348 0.3077537969624301 0.9873760144274121 0.3165467625899281
0 0.8809738503155997 0.9992006394884093 0.8895401262398558 0.9992006394884093 0.8935978358881875 0.991207034372502 0.890892696122633 0.9712230215827339 0.8832281334535618 0.9688249400479617 0.8791704238052299 0.9744204636290967 0.8787195671776376 0.9856115107913669 0.8809738503155997 0.9992006394884093
0 0.7592425608656448 0.9144684252597922 0.7623985572587918 0.9160671462829737 0.7705139765554554 0.9128697042366107 0.7709648331830479 0.9024780175859313 0.7682596934174932 0.8888888888888888 0.7651036970243462 0.8872901678657075 0.7565374211000901 0.8904876099120704 0.7569882777276826 0.9080735411670664 0.7592425608656448 0.9144684252597922
0 0.48512173128945 0.4684252597921663 0.4954914337240758 0.4684252597921663 0.5018034265103697 0.46442845723421267 0.5004508566275925 0.4420463629096723 0.4981965734896303 0.4348521183053557 0.4891794409377818 0.43325339728217427 0.48512173128945 0.42845723421262993 0.4806131650135257 0.4292565947242206 0.48016230838593327 0.43165467625899284 0.4806131650135257 0.44924060751398887 0.48512173128945 0.4684252597921663
0 0.7236248872858432 0.28457234212629895 0.7344454463480614 0.2821742605915268 0.736248872858431 0.27737809752198245 0.736248872858431 0.2717825739408473 0.7344454463480614 0.2685851318944844 0.7272317403065826 0.2685851318944844 0.7204688908926962 0.2733812949640288 0.7204688908926962 0.2813749000799361 0.7236248872858432 0.28457234212629895
0 0.6442741208295762 0.09272581934452438 0.6582506762849414 0.09192645883293366 0.6614066726780884 0.08792965627498003 0.6618575293056808 0.07913669064748202 0.6582506762849414 0.06474820143884892 0.6438232642019839 0.06554756195043965 0.6420198376916141 0.06794564348521183 0.6415689810640216 0.0783373301358913 0.6442741208295762 0.09272581934452438
0 0.7236248872858432 0.30135891286970423 0.7344454463480614 0.29896083133493206 0.7380522993688007 0.2949640287769784 0.7376014427412083 0.28936850519584334 0.733092876465284 0.2853717026378897 0.7218214607754734 0.28936850519584334 0.721370604147881 0.2965627498001599 0.7236248872858432 0.30135891286970423
0 0.8724075743913436 0.5027977617905676 0.8805229936880072 0.5019984012789769 0.8836789900811541 0.49800159872102323 0.8827772768259693 0.48441247002398086 0.8800721370604149 0.4748201438848921 0.8724075743913436 0.4748201438848921 0.8692515779981966 0.4772182254196643 0.869702434625789 0.4948041566746603 0.8724075743913436 0.5027977617905676