0 0.25969341749323716 0.9928057553956835 0.26420198376916143 0.9904076738609113 0.26465284039675385 0.9800159872102319 0.2633002705139766 0.9768185451638689 0.2515779981965735 0.9760191846522782 0.2515779981965735 0.991207034372502 0.25969341749323716 0.9928057553956835
0 0.9012623985572588 0.14788169464428458 0.9174932371505862 0.16227018385291767 0.9215509467989179 0.16067146282973624 0.9256086564472498 0.15347721822541965 0.9292155094679891 0.13908872901678657 0.930117222723174 0.1278976818545164 0.9251577998196574 0.11750599520383694 0.9093778178539225 0.10311750599520383 0.9062218214607755 0.10391686650679458 0.8990081154192966 0.11590727418065548 0.8990081154192966 0.14308553157474022 0.9012623985572588 0.14788169464428458
0 0.13931469792605952 0.5507593924860112 0.15779981965734896 0.5627498001598722 0.1618575293056808 0.5595523581135092 0.16275924256086563 0.5459632294164669 0.15599639314697925 0.5283772981614708 0.13660955816050496 0.5115907274180655 0.13300270513976556 0.5107913669064749 0.1284941388638413 0.5163868904876099 0.1280432822362489 0.5307753796962431 0.13931469792605952 0.5507593924860112
0 0.42335437330928766 0.0407673860911271 0.43056807935076646 0.050359712230215826 0.4449954914337241 0.062350119904076746 0.4495040577096483 0.06155075939248601 0.45446348061316505 0.045563549160671464 0.45446348061316505 0.03597122302158274 0.45130748422001804 0.02797761790567546 0.4323715058611362 0.014388489208633094 0.42560865644724977 0.01598721023181455 0.42200180342651034 0.02797761790567546 0.42110009017132555 0.032773780975219824 0.42335437330928766 0.0407673860911271
0 0.45761947700631195 0.2222222222222222 0.45987376014427417 0.2238209432454037 0.4670874661857529 0.21502797761790568 0.4688908926961226 0.2014388489208633 0.4634806131650135 0.18625099920063948 0.4463480613165014 0.17026378896882494 0.44274120829576197 0.17266187050359713 0.4386834986474301 0.18545163868904876 0.4386834986474301 0.19904076738609114 0.45761947700631195 0.2222222222222222
0 0.6266907123534716 0.24460431654676262 0.6402164111812444 0.2533972821742606 0.6442741208295762 0.25099920063948844 0.6478809738503156 0.23820943245403678 0.6456266907123535 0.23101518784972022 0.627141568981064 0.21342925659472425 0.6230838593327321 0.2126298960831335 0.6194770063119928 0.21822541966426862 0.6181244364292156 0.2270183852917666 0.6266907123534716 0.24460431654676262
0 0.2894499549143373 0.27817745803357313 0.29621280432822367 0.28617106314948043 0.30297565374211 0.2877697841726619 0.3065825067628494 0.2805755395683453 0.30703336339044185 0.26458832933653076 0.29621280432822367 0.25259792166266987 0.29260595130748424 0.2517985611510791 0.2871956717763751 0.26538768984812156 0.2867448151487827 0.26938449240607515 0.2894499549143373 0.27817745803357313
0 0.08476104598737601 0.3868904876099121 0.0951307484220018 0.3876898481215028 0.09783588818755636 0.3836930455635492 0.09738503155996393 0.36850519584332536 0.09558160504959423 0.36530775379696245 0.08701532912533815 0.36370903277378097 0.08385933273219116 0.3661071143085532 0.08340847610459873 0.38049560351718625 0.08476104598737601 0.3868904876099121
0 0.633453561767358 0.9560351718625101 0.636609558160505 0.9632294164668266 0.6433724075743913 0.9624300559552359 0.6478809738503156 0.9568345323741008 0.6469792605951307 0.9504396482813751 0.6442741208295762 0.9464428457234213 0.6361587015329125 0.9496402877697842 0.633453561767358 0.9528377298161471 0.633453561767358 0.9560351718625101
0 0.04102795311091073 0.495603517186251 0.059963931469792606 0.513189448441247 0.06447249774571685 0.5115907274180655 0.06492335437330929 0.5059952038369305 0.06357078449053201 0.5027977617905676 0.04824165915238954 0.4860111910471623 0.04328223624887286 0.4836131095123901 0.03967538322813345 0.486810551558753 0.03922452660054102 0.49160671462829736 0.04102795311091073 0.495603517186251
0 0.1898106402164112 0.13029576338928858 0.1956717763751127 0.14308553157474022 0.19972948602344456 0.14468425259792167 0.2037871956717764 0.1374900079936051 0.20694319206492334 0.12549960031974422 0.2096483318304779 0.1015187849720224 0.2037871956717764 0.08872901678657075 0.19927862939585214 0.08792965627498003 0.19431920649233542 0.09192645883293366 0.18890892696122633 0.10631494804156676 0.18800721370604148 0.11830535571542766 0.1898106402164112 0.13029576338928858
0 0.8101893597835889 0.2741806554756195 0.8169522091974751 0.27737809752198245 0.8246167718665464 0.28617106314948043 0.8286744815148782 0.2789768185451639 0.8300270513976555 0.26298960831334933 0.8214607754733995 0.25259792166266987 0.8124436429215509 0.24940047961630699 0.8106402164111812 0.2501998401278977 0.8074842200180342 0.25819344524380494 0.8070333633904418 0.266986410871303 0.8101893597835889 0.2741806554756195
0 0.07078449053201082 0.3525179856115108 0.08025247971145176 0.35411670663469225 0.08205590622182146 0.35171862509992013 0.08385933273219116 0.3413269384492406 0.08160504959422904 0.33253397282174263 0.07123534715960325 0.33013589128697046 0.06943192064923355 0.3341326938449241 0.06943192064923355 0.34852118305355717 0.07078449053201082 0.3525179856115108
0 0.8751127141568981 0.27577937649880097 0.8868349864743011 0.2869704236610712 0.8904418394950405 0.28377298161470826 0.8931469792605952 0.27098321342925663 0.8904418394950405 0.2597921662669864 0.8796212804328223 0.2533972821742606 0.8751127141568981 0.2613908872901679 0.872858431018936 0.2685851318944844 0.8751127141568981 0.27577937649880097
0 0.12984670874661858 0.8673061550759393 0.1568981064021641 0.8904876099120704 0.16140667267808836 0.8904876099120704 0.1650135256988278 0.8848920863309353 0.16816952209197475 0.8745003996802558 0.1708746618575293 0.8553157474020784 0.16952209197475201 0.8489208633093526 0.16681695220919746 0.844924060751399 0.1406672678088368 0.8233413269384493 0.13660955816050496 0.82414068745004 0.13345356176735798 0.8297362110311751 0.1266907123534716 0.8529176658673061 0.12623985572587917 0.8601119104716227 0.12984670874661858 0.8673061550759393
0 0.26284941388638416 0.7513988808952838 0.2795311091073039 0.7649880095923263 0.28268710550045084 0.7617905675459633 0.2867448151487827 0.7505995203836932 0.2903516681695221 0.7330135891286971 0.2894499549143373 0.7282174260591526 0.28358881875563574 0.7194244604316546 0.2723174030658251 0.7146282973621104 0.2610459873760144 0.7418065547561951 0.2610459873760144 0.748201438848921 0.26284941388638416 0.7513988808952838
0 0.4170423805229937 0.16466826538768983 0.4386834986474301 0.15987210231814547 0.4449954914337241 0.1542765787370104 0.44409377817853923 0.13908872901678657 0.43913435527502254 0.12310151878497202 0.4323715058611362 0.12310151878497202 0.42425608656447256 0.13509192645883294 0.4129846708746619 0.13828936850519585 0.4138863841298467 0.15907274180655476 0.4170423805229937 0.16466826538768983
0 0.2867448151487827 0.7194244604316546 0.30703336339044185 0.7386091127098321 0.3119927862939585 0.7386091127098321 0.31785392245266003 0.7250199840127898 0.31785392245266003 0.7058353317346123 0.3056807935076645 0.689048760991207 0.3011722272317403 0.6866506794564349 0.2939585211902615 0.6874500399680257 0.2889990982867448 0.701039168665068 0.28584310189359785 0.7130295763389289 0.2867448151487827 0.7194244604316546
0 0.6402164111812444 0.9864108713029576 0.6478809738503156 0.9856115107913669 0.6519386834986475 0.9808153477218226 0.6510369702434625 0.973621103117506 0.6474301172227231 0.9696243005595524 0.6388638412984671 0.9728217426059154 0.636609558160505 0.9776179056754596 0.6402164111812444 0.9864108713029576
0 0.8309287646528404 0.19424460431654678 0.8354373309287646 0.2006394884092726 0.8570784490532011 0.21582733812949642 0.8620378719567178 0.21342925659472425 0.8669972948602345 0.2030375699440448 0.8656447249774571 0.18784972022382096 0.863390441839495 0.1806554756195044 0.8449053201082056 0.16466826538768983 0.8381424706943192 0.16067146282973624 0.8349864743011722 0.1630695443645084 0.8291253381424708 0.17426059152677859 0.8286744815148782 0.1830535571542766 0.8309287646528404 0.19424460431654678
0 0.45626690712353474 0.0671462829736211 0.45897204688908927 0.07194244604316548 0.49008115419296666 0.09912070343725021 0.4959422903516682 0.09432454036770584 0.4981965734896303 0.08792965627498003 0.49864743011722273 0.07993605115907274 0.4945897204688909 0.07034372501998402 0.4670874661857529 0.03836930455635491 0.4625788999098287 0.03996802557953637 0.45897204688908927 0.04796163069544365 0.45626690712353474 0.06314948041566747 0.45626690712353474 0.0671462829736211
0 0.19792605951307485 0.6666666666666666 0.22001803426510372 0.6898481215027978 0.2236248872858431 0.6898481215027978 0.22768259693417492 0.6834532374100719 0.23309287646528404 0.6642685851318945 0.23309287646528404 0.6578737010391686 0.2290351668169522 0.6498800959232613 0.2073940486925158 0.6282973621103117 0.20243462578899912 0.6290967226219025 0.1956717763751127 0.6506794564348523 0.1952209197475203 0.6610711430855316 0.19792605951307485 0.6666666666666666
0 0.6005410279531108 0.5291766586730615 0.6086564472497746 0.5371702637889688 0.6127141568981065 0.5387689848121503 0.6167718665464382 0.5363709032773781 0.6185752930568079 0.5187849720223822 0.6266907123534716 0.4908073541167067 0.6266907123534716 0.4836131095123901 0.6244364292155096 0.4740207833733014 0.6163210099188459 0.46522781774580335 0.6086564472497746 0.46442845723421267 0.6018935978358882 0.4772182254196643 0.5946798917944094 0.5115907274180655 0.5946798917944094 0.5203836930455635 0.6005410279531108 0.5291766586730615
0 0.26825969341749323 0.2517985611510791 0.2777276825969342 0.2597921662669864 0.281785392245266 0.2589928057553957 0.2966636609558161 0.21982414068745004 0.2975653742110009 0.21342925659472425 0.29531109107303877 0.20783373301358915 0.2939585211902615 0.19744204636290968 0.2862939585211903 0.19104716227018384 0.281785392245266 0.19344524380495606 0.2723174030658251 0.21662669864108713 0.26690712353471596 0.23820943245403678 0.26645626690712354 0.2470023980815348 0.26825969341749323 0.2517985611510791
0 0.32146077547339946 0.8073541167066347 0.33498647430117223 0.8201438848920864 0.33949504057709645 0.815347721822542 0.3412984670874662 0.8041566746602719 0.33543733092876465 0.7945643485211831 0.32506762849413884 0.7849720223820944 0.3205590622182146 0.7929656274980017 0.3201082055906222 0.8033573141486812 0.32146077547339946 0.8073541167066347
0 0.18575293056807937 0.2901678657074341 0.18935978358881875 0.29256594724220625 0.1952209197475203 0.29096722621902477 0.1988277727682597 0.2877697841726619 0.20108205590622183 0.2821742605915268 0.19972948602344456 0.26538768984812156 0.19747520288548243 0.26298960831334933 0.18214607754733994 0.26059152677857716 0.178990081154193 0.26538768984812156 0.178990081154193 0.2813749000799361 0.18575293056807937 0.2901678657074341
0 0.12623985572587917 0.6123101518784972 0.1375112714156898 0.6227018385291766 0.1411181244364292 0.6235011990407675 0.14382326420198377 0.6203037569944045 0.1460775473399459 0.6099120703437251 0.14562669071235346 0.6019184652278178 0.1289449954914337 0.5835331734612311 0.12398557258791705 0.5723421262989609 0.11947700631199279 0.577937649880096 0.11587015329125337 0.5907274180655476 0.11587015329125337 0.5987210231814549 0.12623985572587917 0.6123101518784972
0 0.9242560865644726 0.07513988808952839 0.9341749323715058 0.08872901678657075 0.9413886384129847 0.08952837729816147 0.9481514878268711 0.08073541167066348 0.9467989179440939 0.07593924860111911 0.9283137962128044 0.0583533173461231 0.9251577998196574 0.05675459632294165 0.9229035166816953 0.062350119904076746 0.9215509467989179 0.0671462829736211 0.9242560865644726 0.07513988808952839
0 0.9756537421100091 0.5051958433253397 0.9941388638412986 0.5227817745803358 0.9995491433724076 0.5235811350919265 0.9995491433724076 0.495603517186251 0.9954914337240758 0.4908073541167067 0.9801623083859333 0.4804156674660272 0.9770063119927863 0.48441247002398086 0.9756537421100091 0.4924060751398881 0.9738503155996393 0.4948041566746603 0.9733994589720468 0.49960031974420466 0.9756537421100091 0.5051958433253397
0 0.8764652840396754 0.23900879296562752 0.8935978358881875 0.2565947242206235 0.8967538322813345 0.2565947242206235 0.8981064021641119 0.2541966426858513 0.9030658250676284 0.23421262989608316 0.8985572587917042 0.22302158273381298 0.8904418394950405 0.21822541966426862 0.8868349864743011 0.21342925659472425 0.8818755635707846 0.21582733812949642 0.8755635707844905 0.2294164668265388 0.8746618575293057 0.23421262989608316 0.8764652840396754 0.23900879296562752
0 0.46844003606853024 0.15587529976019188 0.48692515779981965 0.1774580335731415 0.49098286744815145 0.1774580335731415 0.4977457168620379 0.16147082334132695 0.4981965734896303 0.1486810551558753 0.48467087466185754 0.1310951239008793 0.47520288548241657 0.12310151878497202 0.47069431920649235 0.12310151878497202 0.4688908926961226 0.13029576338928858 0.4666366095581605 0.14228617106314947 0.46844003606853024 0.15587529976019188
0 0.633453561767358 0.9416466826538769 0.6442741208295762 0.9392486011191048 0.6460775473399459 0.9360511590727418 0.6456266907123535 0.9280575539568345 0.6438232642019839 0.9240607513988809 0.6388638412984671 0.9240607513988809 0.6321009918845808 0.9280575539568345 0.6311992786293958 0.9336530775379696 0.633453561767358 0.9416466826538769
0 0.3340847610459874 0.26938449240607515 0.345356176735798 0.2789768185451639 0.3489630297565374 0.2797761790567546 0.35211902614968443 0.2717825739408473 0.35527502254283133 0.2517985611510791 0.351668169522092 0.24220623501199043 0.33859332732191166 0.23181454836131096 0.3340847610459874 0.24060751398880897 0.3295761947700631 0.25739408473221426 0.3295761947700631 0.26298960831334933 0.3340847610459874 0.26938449240607515
0 0.8832281334535618 0.09752198241406874 0.8881875563570785 0.09272581934452438 0.8913435527502254 0.08393285371702638 0.8913435527502254 0.07753796962430057 0.8868349864743011 0.06954436450839328 0.876014427412083 0.0583533173461231 0.8692515779981966 0.05755395683453238 0.8678990081154194 0.060751398880895285 0.8674481514878268 0.08473221422861711 0.8832281334535618 0.09752198241406874
0 0.5509467989179441 0.6722621902478018 0.5563570784490532 0.6826538768984812 0.5676284941388638 0.6930455635491607 0.5743913435527502 0.6962430055955237 0.5779981965734896 0.695443645083933 0.5820559062218215 0.6898481215027978 0.5843101893597836 0.6778577138289369 0.5775473399458972 0.6650679456434853 0.560414788097385 0.64828137490008 0.5568079350766456 0.6490807354116707 0.5532010820559062 0.6578737010391686 0.5504959422903517 0.6682653876898482 0.5509467989179441 0.6722621902478018
0 0.37601442741208296 0.2869704236610712 0.3935978358881876 0.2997601918465228 0.39720468890892696 0.30135891286970423 0.3990081154192967 0.29896083133493206 0.40171325518485124 0.28936850519584334 0.3994589720468891 0.27817745803357313 0.39314697926059516 0.27098321342925663 0.3787195671776375 0.2613908872901679 0.37285843101893595 0.26298960831334933 0.37240757439134353 0.2805755395683453 0.37601442741208296 0.2869704236610712
0 0.2164111812443643 0.16067146282973624 0.21866546438232642 0.15987210231814547 0.22407574391343554 0.14788169464428458 0.22227231740306583 0.1366906474820144 0.21776375112714155 0.1310951239008793 0.21370604147880973 0.13269384492406078 0.2096483318304779 0.14468425259792167 0.2096483318304779 0.1566746602717826 0.2164111812443643 0.16067146282973624
0 0.40802524797114514 0.8737010391686652 0.4125338142470695 0.8745003996802558 0.418394950405771 0.8569144684252599 0.4206492335437331 0.844924060751399 0.4197475202885482 0.8377298161470824 0.412082957619477 0.8281374900079936 0.40802524797114514 0.8265387689848122 0.4044183949504058 0.8337330135891287 0.4012623985572588 0.8457234212629897 0.4008115419296664 0.8657074340527579 0.40802524797114514 0.8737010391686652
0 0.0915238954012624 0.019184652278177457 0.10955816050495942 0.03517186250999201 0.1127141568981064 0.030375699440447643 0.11902614968440037 0.007993605115907274 0.11947700631199279 0 0.09242560865644725 0 0.09017132551848513 0.007993605115907274 0.08972046889089269 0.01598721023181455 0.0915238954012624 0.019184652278177457
0 0.44183949504057707 0.5051958433253397 0.47385031559963936 0.533972821742606 0.47700631199278626 0.5347721822541966 0.48016230838593327 0.5299760191846523 0.4842200180342651 0.5155875299760192 0.48467087466185754 0.5059952038369305 0.4806131650135257 0.49800159872102323 0.4670874661857529 0.48121502797761795 0.45311091073038773 0.4684252597921663 0.44905320108205593 0.4684252597921663 0.4431920649233544 0.4772182254196643 0.43958521190261496 0.4932054356514788 0.43913435527502254 0.49880095923261397 0.44183949504057707 0.5051958433253397
0 0.5919747520288549 0.9648281374900081 0.60595130748422 0.9600319744204637 0.6284941388638413 0.9456434852118306 0.6284941388638413 0.9344524380495605 0.627141568981064 0.9312549960031975 0.6248872858431019 0.9312549960031975 0.6163210099188459 0.9352517985611511 0.5906221821460775 0.9536370903277379 0.5897204688908927 0.959232613908873 0.5919747520288549 0.9648281374900081
0 0.7132551848512173 0.2549960031974421 0.7339945897204688 0.27577937649880097 0.7371505861136158 0.27817745803357313 0.7407574391343553 0.27737809752198245 0.7452660054102795 0.26538768984812156 0.7466185752930569 0.2549960031974421 0.7461677186654645 0.2478017585931255 0.74165915238954 0.23501199040767387 0.7339945897204688 0.22462030375699443 0.7308385933273219 0.22541966426858515 0.7272317403065826 0.2222222222222222 0.7236248872858432 0.2238209432454037 0.7204688908926962 0.21982414068745004 0.7164111812443643 0.21982414068745004 0.7141568981064021 0.2270183852917666 0.7128043282236249 0.2334132693844924 0.7132551848512173 0.2549960031974421
0 0.48963029756537424 0.8952837729816148 0.5022542831379622 0.9016786570743406 0.5126239855725879 0.9040767386091128 0.5166816952209198 0.8992805755395684 0.5144274120829576 0.8936850519584333 0.503155996393147 0.8864908073541167 0.48872858431018934 0.8872901678657075 0.4882777276825969 0.8928856914468426 0.48963029756537424 0.8952837729816148
0 0.25969341749323716 0.9672262190247802 0.28088367899008115 0.9672262190247802 0.2867448151487827 0.9632294164668266 0.2885482416591524 0.959232613908873 0.2844905320108206 0.9528377298161471 0.2795311091073039 0.9504396482813751 0.2551848512173129 0.9488409272581935 0.25247971145175835 0.9512390087929657 0.25293056807935077 0.9632294164668266 0.25969341749323716 0.9672262190247802
0 0.6221821460775473 0.9728217426059154 0.630297565374211 0.9712230215827339 0.6357078449053201 0.9632294164668266 0.6343552750225429 0.9568345323741008 0.6311992786293958 0.9536370903277379 0.6262398557258791 0.9544364508393286 0.6199278629395851 0.959232613908873 0.6194770063119928 0.9624300559552359 0.6221821460775473 0.9728217426059154