0 0.4688908926961226 0.7386091127098321 0.47745716862037874 0.7466027178257394 0.4810640216411181 0.7474020783373301 0.4842200180342651 0.7450039968025579 0.48647430117222723 0.7266187050359713 0.4837691614066727 0.7194244604316546 0.47610459873760147 0.7130295763389289 0.4715960324616772 0.7122302158273383 0.4675383228133454 0.7234212629896084 0.4670874661857529 0.7338129496402878 0.4688908926961226 0.7386091127098321
0 0.35933273219116324 0.7346123101518786 0.36880072137060416 0.7394084732214229 0.3719567177637511 0.7386091127098321 0.37466185752930564 0.7346123101518786 0.37466185752930564 0.7274180655475619 0.37240757439134353 0.7194244604316546 0.3669972948602344 0.709832134292566 0.357980162308386 0.7090327737809753 0.3530207394048692 0.718625099920064 0.3530207394048692 0.7258193445243806 0.35933273219116324 0.7346123101518786
0 0.674932371505861 0.4636290967226219 0.6816952209197475 0.4636290967226219 0.6857529305680793 0.4540367705835332 0.6862037871956718 0.44924060751398887 0.6825969341749324 0.4420463629096723 0.6740306582506763 0.434052757793765 0.6677186654643824 0.4324540367705836 0.6650135256988278 0.43884892086330934 0.6641118124436429 0.4532374100719425 0.674932371505861 0.4636290967226219
0 0.15058611361587015 0.13828936850519585 0.16591523895401264 0.1510791366906475 0.17132551848512173 0.15827338129496404 0.17673579801623085 0.15507593924860114 0.17944093778178538 0.15027977617905677 0.17944093778178538 0.1374900079936051 0.16140667267808836 0.11830535571542766 0.15419296663660956 0.1167066346922462 0.14878268710550044 0.12709832134292565 0.14878268710550044 0.1334932054356515 0.15058611361587015 0.13828936850519585
0 0 0.17825739408473223 0.005410279531109108 0.1830535571542766 0.015329125338142471 0.17186250999200642 0.0175834084761046 0.1574740207833733 0.016230838593327322 0.1486810551558753 0.013525698827772768 0.14308553157474022 0.002254283137962128 0.1334932054356515 0 0.1334932054356515 0 0.17825739408473223
0 0.2520288548241659 0.6434852118305356 0.2551848512173129 0.6442845723421263 0.25969341749323716 0.6338928856914469 0.260595130748422 0.6235011990407675 0.2515779981965735 0.6131095123900879 0.24481514878268712 0.6123101518784972 0.2412082957619477 0.6203037569944045 0.2412082957619477 0.6330935251798562 0.2520288548241659 0.6434852118305356
0 0.5072137060414789 0.04396482813749002 0.5103697024346258 0.042366107114308556 0.5112714156898106 0.03597122302158274 0.5148782687105501 0.02797761790567546 0.5184851217312895 0.02797761790567546 0.5202885482416592 0.032773780975219824 0.5220919747520288 0.032773780975219824 0.5293056807935077 0.02158273381294964 0.5329125338142471 0.011191047162270184 0.5329125338142471 0 0.5085662759242561 0 0.5013525698827773 0.02877697841726619 0.5009017132551848 0.03916866506794565 0.5072137060414789 0.04396482813749002
0 0.20829576194770064 0.5891286970423661 0.21596032461677186 0.595523581135092 0.22001803426510372 0.595523581135092 0.2254283137962128 0.5739408473221423 0.22407574391343554 0.5675459632294165 0.22091974752028853 0.5627498001598722 0.21280432822362488 0.5563549160671463 0.2096483318304779 0.5603517186250999 0.20649233543733095 0.574740207833733 0.2060414788097385 0.5843325339728218 0.20829576194770064 0.5891286970423661
0 0.6862037871956718 0.4212629896083134 0.6929666366095582 0.42206235011990406 0.6965734896302976 0.41486810551558756 0.6961226330027052 0.4004796163069545 0.6848512173128946 0.390087929656275 0.6798917944093779 0.390087929656275 0.6767357980162308 0.4004796163069545 0.6767357980162308 0.41167066346922465 0.6862037871956718 0.4212629896083134
0 0.10459873760144275 0.32454036770583533 0.12263300270513977 0.3397282174260592 0.12533814247069433 0.33812949640287776 0.1284941388638413 0.3317346123101519 0.130297565374211 0.3253397282174261 0.12984670874661858 0.3213429256594725 0.11677186654643823 0.3045563549160672 0.10595130748422002 0.2973621103117506 0.10324616771866547 0.302158273381295 0.1018935978358882 0.3181454836131095 0.10459873760144275 0.32454036770583533
0 0.029756537421100092 0.37729816147082335 0.0509467989179441 0.39408473221422863 0.05770964833183048 0.3932853717026379 0.06086564472497746 0.37969624300559557 0.06086564472497746 0.37090327737809753 0.059062218214607755 0.3661071143085532 0.032461677186654644 0.3413269384492406 0.027953110910730387 0.3413269384492406 0.02569882777276826 0.34612310151878495 0.024346257889990983 0.3557154276578737 0.024346257889990983 0.36850519584332536 0.029756537421100092 0.37729816147082335
0 0.7168620378719567 0.12629896083133493 0.7231740306582507 0.11910471622701839 0.7258791704238052 0.10551558752997602 0.7258791704238052 0.09832134292565947 0.7245266005410279 0.09512390087929656 0.7119026149684401 0.08473221422861711 0.706492335437331 0.08633093525179857 0.7015329125338142 0.09912070343725021 0.7015329125338142 0.1111111111111111 0.7168620378719567 0.12629896083133493
0 0.5982867448151488 0.5667466027178258 0.6118124436429215 0.577937649880096 0.6158701532912535 0.577937649880096 0.6199278629395851 0.5651478816946442 0.6163210099188459 0.5523581135091926 0.602795311091073 0.5419664268585133 0.5991884580703336 0.542765787370104 0.5960324616771866 0.5539568345323741 0.5955816050495942 0.5603517186250999 0.5982867448151488 0.5667466027178258
0 0.33543733092876465 0.8872901678657075 0.348512173128945 0.8984812150279777 0.3534715960324617 0.8912869704236611 0.35752930568079355 0.8760991207034373 0.35211902614968443 0.8585131894484412 0.345356176735798 0.850519584332534 0.3412984670874662 0.850519584332534 0.3376916140667268 0.8561151079136692 0.3336339044183949 0.8737010391686652 0.3331830477908025 0.8808952837729817 0.33543733092876465 0.8872901678657075
0 0.49323715058611367 0.6474820143884892 0.5049594229035167 0.6466826538768985 0.5085662759242561 0.636290967226219 0.5094679891794409 0.6243005595523582 0.5045085662759243 0.6139088729016786 0.4981965734896303 0.6075139888089529 0.4945897204688909 0.6147082334132695 0.48963029756537424 0.6386890487609912 0.4891794409377818 0.6434852118305356 0.49323715058611367 0.6474820143884892
0 0.4981965734896303 0.2302158273381295 0.5387736699729486 0.24060751398880897 0.5450856627592425 0.24060751398880897 0.5473399458972047 0.23820943245403678 0.5473399458972047 0.21902478017585933 0.5437330928764653 0.20623501199040767 0.5410279531109107 0.2038369304556355 0.5144274120829576 0.2014388489208633 0.5013525698827773 0.19584332533972823 0.4977457168620379 0.19664268585131894 0.49504057709648336 0.2014388489208633 0.4945897204688909 0.2222222222222222 0.4981965734896303 0.2302158273381295
0 0.757439134355275 0.1334932054356515 0.7619477006311993 0.1334932054356515 0.7660054102795312 0.11830535571542766 0.7646528403967539 0.1111111111111111 0.7538322813345357 0.1015187849720224 0.7470694319206492 0.10311750599520383 0.7443642921550947 0.11430855315747403 0.7448151487826871 0.12629896083133493 0.757439134355275 0.1334932054356515
0 0.19657348963029758 0.34532374100719426 0.2060414788097385 0.35171862509992013 0.21009918845807032 0.3469224620303757 0.21325518485121733 0.32773780975219824 0.2060414788097385 0.3165467625899281 0.20153291253381425 0.31254996003197444 0.19612263300270513 0.31175059952038375 0.1902614968440036 0.32454036770583533 0.18935978358881875 0.3349320543565148 0.19657348963029758 0.34532374100719426
0 0.7069431920649234 0.4188649080735412 0.7096483318304779 0.4212629896083134 0.7137060414788097 0.42046362909672264 0.7191163210099188 0.4060751398880896 0.7195671776375113 0.39728217426059154 0.7177637511271415 0.38848920863309355 0.7128043282236249 0.3828936850519585 0.7037871956717764 0.390087929656275 0.7028854824165914 0.4108713029576339 0.7069431920649234 0.4188649080735412