0 0.062218214607754736 0.2749800159872102 0.08746618575293057 0.27737809752198245 0.09377817853922453 0.2741806554756195 0.09738503155996393 0.266986410871303 0.09603246167718665 0.25819344524380494 0.09197475202885483 0.2549960031974421 0.07303877366997295 0.25259792166266987 0.060414788097385035 0.2541966426858513 0.05680793507664563 0.25739408473221426 0.05725879170423805 0.27098321342925663 0.062218214607754736 0.2749800159872102
0 0.13300270513976556 0.6826538768984812 0.16275924256086563 0.6882494004796164 0.17493237150586113 0.6882494004796164 0.17853922452660054 0.6802557953637091 0.17944093778178538 0.6642685851318945 0.17853922452660054 0.6578737010391686 0.1762849413886384 0.6538768984812151 0.14743011722272317 0.6458832933653078 0.13570784490532012 0.64828137490008 0.130297565374211 0.645083932853717 0.13119927862939584 0.6762589928057555 0.13300270513976556 0.6826538768984812
0 0.8047790802524797 0.8521183053557154 0.8313796212804329 0.8577138289368506 0.8422001803426511 0.8577138289368506 0.8444544634806133 0.8553157474020784 0.8449053201082056 0.8481215027977619 0.8426510369702435 0.8441247002398081 0.824165915238954 0.8433253397282174 0.8083859332732191 0.8393285371702638 0.8038773669972948 0.8353317346123101 0.80297565374211 0.8369304556354917 0.8020739404869252 0.8465227817745804 0.8047790802524797 0.8521183053557154
0 0.5622182146077548 0.3645083932853717 0.5811541929666366 0.3661071143085532 0.5820559062218215 0.33253397282174263 0.5807033363390443 0.32933653077537967 0.5784490532010821 0.32693844924060755 0.5676284941388638 0.3253397282174261 0.5631199278629396 0.3261390887290168 0.560414788097385 0.3317346123101519 0.560414788097385 0.3597122302158273 0.5622182146077548 0.3645083932853717
0 0.5229936880072137 0.2621902478017586 0.5320108205590622 0.2685851318944844 0.545536519386835 0.2685851318944844 0.5468890892696122 0.2613908872901679 0.5464382326420198 0.23261390887290168 0.5378719567177638 0.22541966426858515 0.5220919747520288 0.2270183852917666 0.5216411181244364 0.2565947242206235 0.5229936880072137 0.2621902478017586
0 0.9806131650135257 0.37969624300559557 0.9914337240757439 0.3836930455635492 0.9995491433724076 0.3828936850519585 0.9995491433724076 0.35331734612310156 0.9855725879170424 0.3493205435651479 0.9810640216411182 0.3493205435651479 0.9792605951307485 0.3525179856115108 0.978809738503156 0.3733013589128697 0.9806131650135257 0.37969624300559557
0 0.8597835888187556 0.6994404476418865 0.8751127141568981 0.7018385291766587 0.8836789900811541 0.7002398081534772 0.8854824165915239 0.6658673061550759 0.8832281334535618 0.6546762589928058 0.872858431018936 0.6506794564348523 0.8620378719567178 0.6498800959232613 0.8593327321911632 0.6554756195043965 0.8579801623083859 0.6706634692246204 0.8575293056807936 0.6922462030375699 0.8597835888187556 0.6994404476418865
0 0.23805229936880073 0.020783373301358914 0.2551848512173129 0.023181454836131096 0.2587917042380523 0.02238209432454037 0.2610459873760144 0.01598721023181455 0.25924256086564473 0 0.23534715960324618 0 0.23309287646528404 0.003996802557953637 0.2321911632100992 0.01598721023181455 0.23805229936880073 0.020783373301358914
0 0.8034265103697025 0.30295763389288566 0.8192064923354373 0.3053557154276579 0.8282236248872858 0.30375699440447645 0.8313796212804329 0.29896083133493206 0.8313796212804329 0.2877697841726619 0.8277727682596934 0.27817745803357313 0.8097385031559965 0.27258193445243806 0.80297565374211 0.27258193445243806 0.8011722272317404 0.2749800159872102 0.8011722272317404 0.2973621103117506 0.8034265103697025 0.30295763389288566
0 0.7267808836789902 0.6690647482014389 0.7587917042380523 0.6730615507593926 0.7642019837691614 0.6722621902478018 0.7660054102795312 0.6690647482014389 0.7660054102795312 0.6554756195043965 0.7619477006311993 0.6506794564348523 0.742560865644725 0.6458832933653078 0.7308385933273219 0.6402877697841727 0.7267808836789902 0.6410871302957634 0.7240757439134355 0.6466826538768985 0.7236248872858432 0.6642685851318945 0.7267808836789902 0.6690647482014389
0 0.9138863841298467 0.4660271782573941 0.9323715058611362 0.47002398081534774 0.939585211902615 0.47002398081534774 0.9404869251577999 0.4676258992805756 0.9418394950405771 0.45483613109512394 0.9382326420198377 0.44604316546762596 0.9161406672678089 0.44124700239808157 0.9111812443642923 0.4452438049560352 0.9107303877366997 0.45803357314148685 0.9138863841298467 0.4660271782573941
0 0.3007213706041479 0.6378896882494005 0.3196573489630297 0.6418864908073542 0.32281334535617673 0.6386890487609912 0.32416591523895405 0.6083133493205436 0.32146077547339946 0.595523581135092 0.31875563570784493 0.5907274180655476 0.3146979260595131 0.5875299760191847 0.3034265103697024 0.5875299760191847 0.3011722272317403 0.5915267785771383 0.2993688007213706 0.6075139888089529 0.2989179440937782 0.627498001598721 0.3007213706041479 0.6378896882494005
0 0.23264201983769162 0.7338129496402878 0.24436429215509467 0.7330135891286971 0.24481514878268712 0.7266187050359713 0.2430117222723174 0.718625099920064 0.23354373309287646 0.7178257394084733 0.2321911632100992 0.7202238209432456 0.23264201983769162 0.7338129496402878
0 0.7290351668169522 0.23741007194244604 0.7357980162308386 0.24060751398880897 0.74165915238954 0.23741007194244604 0.7412082957619477 0.21902478017585933 0.729936880072137 0.21742605915267785 0.7267808836789902 0.2238209432454037 0.7263300270513976 0.23261390887290168 0.7290351668169522 0.23741007194244604
0 0.06807935076645627 0.41167066346922465 0.07348963029756538 0.41486810551558756 0.0825067628494139 0.41486810551558756 0.08476104598737601 0.41167066346922465 0.08385933273219116 0.3836930455635492 0.08160504959422904 0.3749000799360512 0.06762849413886383 0.3749000799360512 0.06582506762849415 0.38529176658673064 0.06627592425608657 0.40367705835331735 0.06807935076645627 0.41167066346922465
0 0.2290351668169522 0.04316546762589928 0.24346257889990983 0.050359712230215826 0.25293056807935077 0.050359712230215826 0.2556357078449053 0.04716227018385292 0.2560865644724978 0.0319744204636291 0.25293056807935077 0.02557953637090328 0.2344454463480613 0.019984012789768184 0.22678088367899008 0.02158273381294964 0.2254283137962128 0.02557953637090328 0.2254283137962128 0.03916866506794565 0.2290351668169522 0.04316546762589928
0 0.8034265103697025 0.8257394084732215 0.8300270513976555 0.82414068745004 0.8277727682596934 0.8169464428457234 0.8232642019837692 0.8137490007993605 0.8025247971145176 0.8105515587529977 0.8016230838593328 0.8209432454036771 0.8034265103697025 0.8257394084732215
0 0.5351668169522091 0.0407673860911271 0.5396753832281335 0.04476418864908074 0.5446348061316502 0.045563549160671464 0.5509467989179441 0.045563549160671464 0.5536519386834987 0.04316546762589928 0.5550045085662759 0.024780175859312553 0.5541027953110911 0.011191047162270184 0.5419296663660956 0 0.5356176735798016 0 0.5338142470694319 0.003996802557953637 0.5351668169522091 0.0407673860911271
0 0.008115419296663661 0.7266187050359713 0.018034265103697024 0.7290167865707434 0.024346257889990983 0.7274180655475619 0.02614968440036069 0.7202238209432456 0.02614968440036069 0.689048760991207 0.02569882777276826 0.6778577138289369 0.023895401262398558 0.6746602717825739 0.009918845807033363 0.6746602717825739 0.006762849413886384 0.697841726618705 0.0063119927862939585 0.7202238209432456 0.008115419296663661 0.7266187050359713
0 0.3480613165013526 0.27817745803357313 0.35211902614968443 0.2813749000799361 0.35752930568079355 0.2789768185451639 0.36158701532912535 0.2685851318944844 0.36203787195671777 0.2549960031974421 0.3534715960324617 0.2478017585931255 0.3489630297565374 0.24860111910471622 0.3467087466185753 0.2533972821742606 0.3462578899909829 0.2685851318944844 0.3480613165013526 0.27817745803357313
0 0.27412082957619477 0.23741007194244604 0.2867448151487827 0.24060751398880897 0.29305680793507666 0.24060751398880897 0.2966636609558161 0.23741007194244604 0.2966636609558161 0.22621902478017586 0.2935076645626691 0.21502797761790568 0.27547339945897203 0.21103117505995203 0.2727682596934175 0.2126298960831335 0.27141568981064024 0.21662669864108713 0.2709648331830478 0.23181454836131096 0.27412082957619477 0.23741007194244604
0 0 0.1774580335731415 0.01036970243462579 0.17825739408473223 0.013074842200180344 0.1750599520383693 0.01442741208295762 0.16067146282973624 0.013074842200180344 0.14388489208633096 0.01127141568981064 0.1366906474820144 0.00721370604147881 0.13269384492406078 0 0.13269384492406078 0 0.1774580335731415
0 0.2073940486925158 0.7585931254996003 0.215058611361587 0.7633892885691447 0.21911632100991885 0.7689848121502798 0.2321911632100992 0.7721822541966427 0.23624887285843102 0.7697841726618705 0.23850315599639313 0.7649880095923263 0.23985572587917042 0.748201438848921 0.23760144274120829 0.7434052757793765 0.2236248872858431 0.7394084732214229 0.20829576194770064 0.7410071942446044 0.20649233543733095 0.7474020783373301 0.2073940486925158 0.7585931254996003
0 0.869702434625789 0.4948041566746603 0.8710550045085662 0.49800159872102323 0.8832281334535618 0.49880095923261397 0.8877366997294861 0.4924060751398881 0.8904418394950405 0.48121502797761795 0.8904418394950405 0.4756195043964829 0.8881875563570785 0.4684252597921663 0.8836789900811541 0.46522781774580335 0.8710550045085662 0.4660271782573941 0.869702434625789 0.4668265387689848 0.869702434625789 0.4948041566746603
0 0.5816050495942291 0.45163868904876103 0.5901713255184852 0.4540367705835332 0.6005410279531108 0.4524380495603517 0.6005410279531108 0.43884892086330934 0.5978358881875564 0.434052757793765 0.5915238954012624 0.43005595523581136 0.5829576194770063 0.43005595523581136 0.5802524797114518 0.4324540367705836 0.5798016230838593 0.4444444444444444 0.5816050495942291 0.45163868904876103
0 0.2236248872858431 0.6059152677857713 0.22633002705139765 0.6131095123900879 0.2290351668169522 0.6155075939248602 0.2407574391343553 0.6179056754596324 0.24752028854824168 0.6219024780175859 0.25293056807935077 0.6195043964828137 0.25293056807935077 0.6027178257394085 0.2511271415689811 0.5979216626698641 0.23264201983769162 0.5931254996003198 0.2236248872858431 0.5851318944844125 0.215058611361587 0.5843325339728218 0.21235347159603246 0.5899280575539568 0.21280432822362488 0.6019184652278178 0.2236248872858431 0.6059152677857713
0 0.6077547339945897 0.6618705035971224 0.611361587015329 0.6578737010391686 0.6127141568981065 0.636290967226219 0.6109107303877367 0.6314948041566747 0.5919747520288549 0.6243005595523582 0.5901713255184852 0.6258992805755397 0.5888187556357078 0.6338928856914469 0.5888187556357078 0.6586730615507593 0.6077547339945897 0.6618705035971224
0 0.3742110009017133 0.11510791366906475 0.3814247069431921 0.11830535571542766 0.38818755635707847 0.11590727418065548 0.38863841298467083 0.09272581934452438 0.3872858431018936 0.08792965627498003 0.37466185752930564 0.08633093525179857 0.37240757439134353 0.0903277378097522 0.3719567177637511 0.10551558752997602 0.3742110009017133 0.11510791366906475
0 0.43958521190261496 0.1374900079936051 0.4486023444544635 0.1366906474820144 0.4504057709648332 0.11750599520383694 0.4486023444544635 0.10231814548361312 0.44229035166816955 0.09752198241406874 0.43958521190261496 0.09912070343725021 0.43507664562669074 0.10791366906474821 0.4355275022542831 0.1342925659472422 0.43958521190261496 0.1374900079936051
0 0.563570784490532 0.2070343725019984 0.5852119026149685 0.20783373301358915 0.5888187556357078 0.2030375699440448 0.5892696122633003 0.1894484412470024 0.5883678990081154 0.17825739408473223 0.5865644724977458 0.1750599520383693 0.5662759242560865 0.17346123101518784 0.5640216411181245 0.17426059152677859 0.5608656447249775 0.18225419664268586 0.560414788097385 0.18864908073541167 0.563570784490532 0.2070343725019984
0 0.4129846708746619 0.28617106314948043 0.42831379621280435 0.2901678657074341 0.43913435527502254 0.2901678657074341 0.44138863841298465 0.2853717026378897 0.44274120829576197 0.2677857713828937 0.43913435527502254 0.25739408473221426 0.41343552750225426 0.2541966426858513 0.41027953110910736 0.25739408473221426 0.4098286744815149 0.26298960831334933 0.40937781785392247 0.2805755395683453 0.4129846708746619 0.28617106314948043
0 0.5121731289449956 0.4132693844924061 0.5279531109107304 0.416466826538769 0.5369702434625789 0.41486810551558756 0.5369702434625789 0.4028776978417266 0.5329125338142471 0.39408473221422863 0.5225428313796213 0.3908872901678657 0.5117222723174031 0.3908872901678657 0.5103697024346258 0.3932853717026379 0.5094679891794409 0.40527577937649883 0.5121731289449956 0.4132693844924061
0 0.5816050495942291 0.09832134292565947 0.5915238954012624 0.09832134292565947 0.5928764652840397 0.0959232613908873 0.5928764652840397 0.07593924860111911 0.5852119026149685 0.07354116706634693 0.5784490532010821 0.07753796962430057 0.5784490532010821 0.09112709832134293 0.5816050495942291 0.09832134292565947
0 0.03877366997294861 0.6642685851318945 0.04147880973850316 0.6682653876898482 0.04147880973850316 0.6874500399680257 0.04283137962128043 0.6946442845723421 0.04869251577998197 0.697841726618705 0.05500450856627593 0.6970423661071143 0.0563570784490532 0.6922462030375699 0.05680793507664563 0.6722621902478018 0.05545536519386835 0.6554756195043965 0.04869251577998197 0.6498800959232613 0.033363390441839495 0.6498800959232613 0.03291253381424707 0.6618705035971224 0.03877366997294861 0.6642685851318945
0 0.7953110910730388 0.5155875299760192 0.809287646528404 0.5195843325339728 0.825067628494139 0.5187849720223822 0.8264201983769162 0.5051958433253397 0.8246167718665464 0.4940047961630696 0.8169522091974751 0.4804156674660272 0.805229936880072 0.47641886490807356 0.7921550946798918 0.47801758593125504 0.7926059513074842 0.5027977617905676 0.7953110910730388 0.5155875299760192
0 0.7339945897204688 0.33253397282174263 0.7407574391343553 0.3365307753796963 0.7448151487826871 0.33573141486810554 0.7466185752930569 0.33253397282174263 0.7479711451758341 0.328537170263789 0.7479711451758341 0.3165467625899281 0.7452660054102795 0.31095123900879296 0.7339945897204688 0.3069544364508393 0.7308385933273219 0.30935251798561153 0.7303877366997296 0.3213429256594725 0.7339945897204688 0.33253397282174263
0 0.10820559062218214 0.3645083932853717 0.12308385933273219 0.36530775379696245 0.1266907123534716 0.3629096722621903 0.12759242560865644 0.35091926458832934 0.12578899909828675 0.3349320543565148 0.1145175834084761 0.33253397282174263 0.1073038773669973 0.33892885691446845 0.10640216411181244 0.3501199040767386 0.10820559062218214 0.3645083932853717
0 0.7110009017132553 0.11830535571542766 0.7245266005410279 0.12150279776179057 0.729936880072137 0.11910471622701839 0.7303877366997296 0.10391686650679458 0.7290351668169522 0.09992006394884093 0.7204688908926962 0.0903277378097522 0.7128043282236249 0.08952837729816147 0.7100991884580703 0.09192645883293366 0.7096483318304779 0.11510791366906475 0.7110009017132553 0.11830535571542766
0 0.11902614968440037 0.27258193445243806 0.1460775473399459 0.2749800159872102 0.1492335437330929 0.2717825739408473 0.1406672678088368 0.23661071143085532 0.12037871956717765 0.2334132693844924 0.11767357980162309 0.23820943245403678 0.11632100991884581 0.2589928057553957 0.11902614968440037 0.27258193445243806
0 0 0.05355715427657874 0.011722272317403066 0.055155875299760196 0.017132551848512173 0.05195843325339729 0.017132551848512173 0.04636290967226219 0.01442741208295762 0.042366107114308556 0.002254283137962128 0.03996802557953637 0 0.0407673860911271 0 0.05355715427657874
0 0.8498647430117223 0.2038369304556355 0.8642921550946799 0.20543565147881696 0.8688007213706042 0.20223820943245407 0.8688007213706042 0.1806554756195044 0.8674481514878268 0.17665867306155078 0.8539224526600542 0.17266187050359713 0.8503155996393147 0.17426059152677859 0.8485121731289451 0.17825739408473223 0.8480613165013525 0.19344524380495606 0.8498647430117223 0.2038369304556355
0 0.8660955816050496 0.16626698641087131 0.8660955816050496 0.16386890487609912 0.863390441839495 0.16466826538768983 0.8660955816050496 0.16626698641087131
0 0.8620378719567178 0.16466826538768983 0.8588818755635708 0.16386890487609912 0.8575293056807936 0.16466826538768983 0.8620378719567178 0.16466826538768983
0 0.9945897204688909 0.8553157474020784 0.9995491433724076 0.8545163868904877 0.9995491433724076 0.8177458033573143 0.9977457168620378 0.8169464428457234 0.996844003606853 0.8105515587529977 0.9950405770964834 0.8089528377298163 0.9909828674481516 0.8113509192645884 0.9923354373309288 0.8521183053557154 0.9945897204688909 0.8553157474020784
0 0.8566275924256087 0.1750599520383693 0.8660955816050496 0.17905675459632295 0.8688007213706042 0.17585931254996007 0.8683498647430118 0.16386890487609912 0.8660955816050496 0.15987210231814547 0.8584310189359784 0.15987210231814547 0.8543733092876465 0.16626698641087131 0.8539224526600542 0.17106314948041568 0.8566275924256087 0.1750599520383693
0 0.6573489630297565 0.381294964028777 0.6609558160504959 0.38529176658673064 0.6672678088367898 0.3868904876099121 0.675834084761046 0.3828936850519585 0.6767357980162308 0.36530775379696245 0.6753832281334536 0.3493205435651479 0.6605049594229035 0.3469224620303757 0.6559963931469793 0.35331734612310156 0.6559963931469793 0.37729816147082335 0.6573489630297565 0.381294964028777
0 0.19296663660955815 0.6834532374100719 0.218214607754734 0.6882494004796164 0.22137060414788098 0.6874500399680257 0.22272317403065825 0.6834532374100719 0.22227231740306583 0.6746602717825739 0.22001803426510372 0.6706634692246204 0.2006311992786294 0.6642685851318945 0.1952209197475203 0.6642685851318945 0.1920649233543733 0.6674660271782575 0.19161406672678089 0.6802557953637091 0.19296663660955815 0.6834532374100719
0 0.7741208295761948 0.6610711430855316 0.7759242560865645 0.6650679456434853 0.7944093778178539 0.6674660271782575 0.7980162308385934 0.6642685851318945 0.7984670874661858 0.6370903277378098 0.796663660955816 0.6338928856914469 0.7795311091073039 0.6290967226219025 0.7741208295761948 0.6298960831334932 0.7723174030658251 0.6346922462030377 0.7741208295761948 0.6610711430855316
0 0.35888187556357076 0.05595523581135092 0.3647430117222723 0.059952038369304565 0.37060414788097384 0.05915267785771383 0.37285843101893595 0.05595523581135092 0.37285843101893595 0.042366107114308556 0.36880072137060416 0.032773780975219824 0.36203787195671777 0.029576338928856916 0.3570784490532011 0.03517186250999201 0.3570784490532011 0.050359712230215826 0.35888187556357076 0.05595523581135092
0 0.5784490532010821 0.48121502797761795 0.5802524797114518 0.4772182254196643 0.5798016230838593 0.47002398081534774 0.5779981965734896 0.4676258992805756 0.5671776375112715 0.4660271782573941 0.560414788097385 0.469224620303757 0.5608656447249775 0.4804156674660272 0.5784490532010821 0.48121502797761795
0 0.07348963029756538 0.09992006394884093 0.08972046889089269 0.1015187849720224 0.09828674481514879 0.10551558752997602 0.10640216411181244 0.10391686650679458 0.1073038773669973 0.08792965627498003 0.10550045085662758 0.06474820143884892 0.09062218214607755 0.06314948041566747 0.0825067628494139 0.06954436450839328 0.07348963029756538 0.06954436450839328 0.07123534715960325 0.07434052757793765 0.07078449053201082 0.09192645883293366 0.07348963029756538 0.09992006394884093
0 0.6402164111812444 0.42046362909672264 0.6591523895401262 0.425259792166267 0.6690712353471596 0.4244604316546763 0.6704238052299368 0.42206235011990406 0.6699729486023445 0.407673860911271 0.6681695220919748 0.3980815347721823 0.6650135256988278 0.3932853717026379 0.6505861136158702 0.3868904876099121 0.6402164111812444 0.3868904876099121 0.6379621280432822 0.3892885691446843 0.6361587015329125 0.39728217426059154 0.6361587015329125 0.4100719424460432 0.6402164111812444 0.42046362909672264
0 0.6699729486023445 0.21103117505995203 0.6875563570784491 0.21662669864108713 0.693868349864743 0.21422861710631497 0.694770063119928 0.19984012789768185 0.6925157799819658 0.18864908073541167 0.6789900811541929 0.1838529176658673 0.6717763751127143 0.1838529176658673 0.6681695220919748 0.18705035971223025 0.6677186654643824 0.2030375699440448 0.6699729486023445 0.21103117505995203
0 0.5798016230838593 0.1510791366906475 0.59107303877367 0.1542765787370104 0.5964833183047792 0.1510791366906475 0.5960324616771866 0.13189448441247004 0.5924256086564473 0.12230215827338131 0.5807033363390443 0.12070343725019984 0.5770964833183048 0.12390087929656275 0.5770964833183048 0.14308553157474022 0.5798016230838593 0.1510791366906475
0 0.7407574391343553 0.5059952038369305 0.7457168620378719 0.504396482813749 0.7488728584310189 0.49800159872102323 0.7493237150586113 0.4804156674660272 0.7479711451758341 0.47322142286171065 0.7443642921550947 0.4660271782573941 0.7412082957619477 0.46522781774580335 0.7366997294860235 0.4684252597921663 0.7335437330928765 0.4740207833733014 0.7317403065825068 0.4852118305355716 0.7312894499549144 0.495603517186251 0.7407574391343553 0.5059952038369305
0 0.16095581605049597 0.7146282973621104 0.178990081154193 0.7154276578737011 0.17989179440937783 0.704236610711431 0.17763751127141567 0.6914468425259792 0.16411181244364292 0.6882494004796164 0.16140667267808836 0.689048760991207 0.1600541027953111 0.6922462030375699 0.15915238954012625 0.701039168665068 0.16095581605049597 0.7146282973621104
0 0.7046889089269612 0.3213429256594725 0.7182146077547341 0.3229416466826539 0.7209197475202885 0.3205435651478817 0.721370604147881 0.3045563549160672 0.7168620378719567 0.2949640287769784 0.706492335437331 0.29416466826538773 0.7028854824165914 0.302158273381295 0.7024346257889991 0.3133493205435652 0.7046889089269612 0.3213429256594725
0 0.6348061316501352 0.7617905675459633 0.657799819657349 0.7641886490807354 0.6596032461677187 0.7609912070343725 0.6600541027953112 0.7362110311750599 0.6582506762849414 0.7258193445243806 0.6555455365193867 0.7226219024780176 0.6478809738503156 0.7202238209432456 0.6370604147880974 0.7210231814548362 0.6339044183949504 0.7330135891286971 0.633453561767358 0.7418065547561951 0.6330027051397656 0.7577937649880097 0.6348061316501352 0.7617905675459633
0 0.21100090171325517 0.3788968824940048 0.23309287646528404 0.38049560351718625 0.23489630297565375 0.37809752198241414 0.23624887285843102 0.36370903277378097 0.23083859332732193 0.34372501998401284 0.2249774571686204 0.3405275779376499 0.2168620378719567 0.3413269384492406 0.21325518485121733 0.34532374100719426 0.2096483318304779 0.35411670663469225 0.2091974752028855 0.37250199840127896 0.21100090171325517 0.3788968824940048
0 0.16140667267808836 0.7458033573141487 0.17222723174030657 0.7490007993605117 0.17853922452660054 0.7466027178257394 0.178990081154193 0.7338129496402878 0.17718665464382327 0.7306155075939249 0.16140667267808836 0.7266187050359713 0.1582506762849414 0.7298161470823342 0.15779981965734896 0.7386091127098321 0.16140667267808836 0.7458033573141487
0 0.8435527502254283 0.4452438049560352 0.863390441839495 0.44604316546762596 0.8660955816050496 0.442845723421263 0.8660955816050496 0.4172661870503597 0.8642921550946799 0.41167066346922465 0.8570784490532011 0.4084732214228617 0.8453561767357981 0.407673860911271 0.8412984670874663 0.416466826538769 0.8408476104598738 0.43325339728217427 0.8435527502254283 0.4452438049560352