0 0.7971145175834086 0.11750599520383694 0.8165013525698828 0.12949640287769784 0.8214607754733995 0.12150279776179057 0.8246167718665464 0.10871302957633892 0.8246167718665464 0.10071942446043165 0.8232642019837692 0.09752198241406874 0.8070333633904418 0.08633093525179857 0.8025247971145176 0.08713029576338929 0.7962128043282236 0.1047162270183853 0.7957619477006312 0.11430855315747403 0.7971145175834086 0.11750599520383694
0 0.1568981064021641 0.6099120703437251 0.16140667267808836 0.6115107913669064 0.16456266907123535 0.6059152677857713 0.1650135256988278 0.5947242206235012 0.16140667267808836 0.5787370103916867 0.1564472497745717 0.5803357314148682 0.1492335437330929 0.595523581135092 0.1492335437330929 0.6019184652278178 0.1568981064021641 0.6099120703437251
0 0.0351668169522092 0.20463629096722624 0.04328223624887286 0.21023181454836132 0.05365193868349865 0.20863309352517986 0.05545536519386835 0.1950439648281375 0.05545536519386835 0.17346123101518784 0.04328223624887286 0.16626698641087131 0.04012623985572588 0.16067146282973624 0.034265103697024346 0.16067146282973624 0.032461677186654644 0.16466826538768983 0.031559963931469794 0.1894484412470024 0.0351668169522092 0.20463629096722624
0 0.5247971145175834 0.4772182254196643 0.5369702434625789 0.48920863309352525 0.5432822362488728 0.4908073541167067 0.5473399458972047 0.4828137490007994 0.5468890892696122 0.4756195043964829 0.5360685302073941 0.4612310151878497 0.5288548241659152 0.45803357314148685 0.524346257889991 0.4660271782573941 0.5234445446348062 0.4740207833733014 0.5247971145175834 0.4772182254196643
0 0.4720468890892696 0.3661071143085532 0.4891794409377818 0.3836930455635492 0.4914337240757439 0.3844924060751399 0.4945897204688909 0.37969624300559557 0.4959422903516682 0.3741007194244605 0.49504057709648336 0.36850519584332536 0.4810640216411181 0.35171862509992013 0.46934174932371503 0.3445243804956035 0.4675383228133454 0.3557154276578737 0.4720468890892696 0.3661071143085532
0 0.4477006311992786 0.9760191846522782 0.4558160504959423 0.9848121502797762 0.45987376014427417 0.9864108713029576 0.4679891794409378 0.9680255795363709 0.4711451758340848 0.9536370903277379 0.4661857529305681 0.9432454036770584 0.4549143372407574 0.938449240607514 0.4463480613165014 0.9664268585131894 0.445897204688909 0.9704236610711432 0.4477006311992786 0.9760191846522782
0 0 0.6163069544364509 0.013074842200180344 0.6171063149480416 0.017132551848512173 0.6123101518784972 0.017132551848512173 0.6051159072741806 0.015329125338142471 0.6035171862509993 0.002254283137962128 0.6011191047162271 0 0.6019184652278178 0 0.6163069544364509
0 0.3237150586113616 0.8409272581934453 0.3313796212804328 0.8457234212629897 0.33543733092876465 0.8457234212629897 0.3412984670874662 0.8233413269384493 0.34355275022542836 0.8073541167066347 0.3345356176735798 0.7961630695443646 0.32777276825969337 0.7953637090327739 0.3268710550045086 0.8081534772182254 0.32146077547339946 0.8297362110311751 0.32146077547339946 0.8369304556354917 0.3237150586113616 0.8409272581934453
0 0.675834084761046 0.8353317346123101 0.6821460775473399 0.8369304556354917 0.6862037871956718 0.827338129496403 0.6866546438232641 0.8193445243804957 0.6848512173128946 0.8129496402877698 0.6753832281334536 0.8033573141486812 0.6713255184851218 0.8033573141486812 0.6677186654643824 0.8145483613109513 0.6677186654643824 0.827338129496403 0.675834084761046 0.8353317346123101
0 0.33498647430117223 0.10231814548361312 0.3417493237150586 0.10391686650679458 0.34580703336339047 0.09512390087929656 0.345356176735798 0.08792965627498003 0.34220018034265104 0.07993605115907274 0.33859332732191166 0.07354116706634693 0.3313796212804328 0.07354116706634693 0.33047790802524796 0.07673860911270983 0.33047790802524796 0.09432454036770584 0.33498647430117223 0.10231814548361312
0 0.08070333633904418 0.04316546762589928 0.08476104598737601 0.05115907274180656 0.09467989179440937 0.0639488409272582 0.10550045085662758 0.07034372501998402 0.109107303877367 0.07034372501998402 0.11136158701532912 0.0671462829736211 0.11496844003606854 0.04636290967226219 0.10955816050495942 0.032773780975219824 0.08521190261496844 0.009592326139088728 0.08115419296663662 0.008792965627498003 0.07980162308385934 0.014388489208633094 0.07889990982867448 0.024780175859312553 0.08070333633904418 0.04316546762589928
0 0.027051397655545536 0.7122302158273383 0.03832281334535618 0.7034372501998403 0.03967538322813345 0.697841726618705 0.035617673579801626 0.6874500399680257 0.02885482416591524 0.6850519584332534 0.02254283137962128 0.6914468425259792 0.018034265103697024 0.7034372501998403 0.018935978358881875 0.709832134292566 0.027051397655545536 0.7122302158273383
0 0.22993688007213708 0.059952038369304565 0.2511271415689811 0.07913669064748202 0.2556357078449053 0.07913669064748202 0.2583408476104599 0.07434052757793765 0.2587917042380523 0.06554756195043965 0.25743913435527505 0.06155075939248601 0.24752028854824168 0.04876099120703437 0.23760144274120829 0.03996802557953637 0.23354373309287646 0.03996802557953637 0.23038773669972948 0.045563549160671464 0.22813345356176737 0.05355715427657874 0.22993688007213708 0.059952038369304565
0 0.7682596934174932 0.7362110311750599 0.7723174030658251 0.7370103916866507 0.7763751127141569 0.7306155075939249 0.7786293958521191 0.7178257394084733 0.7754733994589721 0.7130295763389289 0.7682596934174932 0.7106314948041567 0.7628494138863842 0.7202238209432456 0.7633002705139765 0.7306155075939249 0.7682596934174932 0.7362110311750599
0 0.5009017132551848 0.8209432454036771 0.5166816952209198 0.8345323741007195 0.5220919747520288 0.8337330135891287 0.5247971145175834 0.827338129496403 0.5234445446348062 0.8169464428457234 0.5085662759242561 0.806554756195044 0.503155996393147 0.806554756195044 0.5 0.8129496402877698 0.4995491433724076 0.8177458033573143 0.5009017132551848 0.8209432454036771
0 0.20153291253381425 0.7026378896882494 0.20829576194770064 0.7114308553157473 0.21370604147880973 0.7146282973621104 0.22137060414788098 0.7026378896882494 0.2285843101893598 0.6794564348521184 0.2290351668169522 0.6666666666666666 0.22407574391343554 0.6586730615507593 0.2168620378719567 0.6514788169464429 0.21325518485121733 0.6506794564348523 0.2060414788097385 0.6674660271782575 0.19927862939585214 0.6914468425259792 0.19927862939585214 0.6986410871302958 0.20153291253381425 0.7026378896882494
0 0.5396753832281335 0.6386890487609912 0.5527502254283138 0.6490807354116707 0.5586113615870153 0.64828137490008 0.5640216411181245 0.6314948041566747 0.5622182146077548 0.6250999200639489 0.5590622182146078 0.6211031175059952 0.5473399458972047 0.6123101518784972 0.5419296663660956 0.6163069544364509 0.5383228133453561 0.6258992805755397 0.5378719567177638 0.6338928856914469 0.5396753832281335 0.6386890487609912
0 0.18079350766456267 0.01278976818545164 0.18665464382326422 0.0319744204636291 0.1956717763751127 0.0407673860911271 0.20108205590622183 0.03836930455635491 0.2073940486925158 0.023980815347721826 0.2091974752028855 0.01598721023181455 0.20513976555455368 0.007194244604316547 0.1988277727682597 0 0.18079350766456267 0 0.18079350766456267 0.01278976818545164
0 0.37781785392245265 0.11830535571542766 0.3868349864743012 0.12629896083133493 0.3904418394950406 0.12629896083133493 0.39404869251577995 0.11910471622701839 0.3967538322813345 0.08792965627498003 0.39404869251577995 0.0815347721822542 0.3868349864743012 0.07753796962430057 0.38322813345356177 0.08393285371702638 0.3782687105500451 0.10231814548361312 0.37691614066726786 0.1111111111111111 0.37781785392245265 0.11830535571542766
0 0.418394950405771 0.3149480415667466 0.4355275022542831 0.32933653077537967 0.43913435527502254 0.32773780975219824 0.44183949504057707 0.31015187849720227 0.4382326420198377 0.30135891286970423 0.4292155094679892 0.2949640287769784 0.42110009017132555 0.2949640287769784 0.4170423805229937 0.30135891286970423 0.4165915238954013 0.3085531574740208 0.418394950405771 0.3149480415667466
0 0.19612263300270513 0.24060751398880897 0.20153291253381425 0.24060751398880897 0.20468890892696123 0.23101518784972022 0.2037871956717764 0.21422861710631497 0.1934174932371506 0.20783373301358915 0.18845807033363393 0.21023181454836132 0.18575293056807937 0.2302158273381295 0.19612263300270513 0.24060751398880897
0 0.02164111812443643 0.5907274180655476 0.022091974752028856 0.6019184652278178 0.029305680793507663 0.6091127098321344 0.034265103697024346 0.6083133493205436 0.04102795311091073 0.5915267785771383 0.04102795311091073 0.5811350919264588 0.03291253381424707 0.5667466027178258 0.027051397655545536 0.5627498001598722 0.022091974752028856 0.5611510791366906 0.019837691614066726 0.5667466027178258 0.01848512173128945 0.5819344524380495 0.02164111812443643 0.5907274180655476
0 0.023895401262398558 0.7961630695443646 0.027051397655545536 0.8001598721023181 0.03651938683498648 0.800959232613909 0.03877366997294861 0.7873701039168666 0.0369702434625789 0.7689848121502798 0.03291253381424707 0.7633892885691447 0.024797114517583405 0.765787370103917 0.02254283137962128 0.7897681854516387 0.023895401262398558 0.7961630695443646
0 0.8219116321009919 0.03996802557953637 0.833633904418395 0.05115907274180656 0.8385933273219116 0.050359712230215826 0.8435527502254283 0.031175059952038373 0.8440036068530207 0.020783373301358914 0.8385933273219116 0.011990407673860913 0.8327321911632102 0.008792965627498003 0.8277727682596934 0.008792965627498003 0.824165915238954 0.018385291766586733 0.8210099188458071 0.0319744204636291 0.8219116321009919 0.03996802557953637
0 0.5324616771866546 0.7458033573141487 0.5495942290351669 0.762589928057554 0.5532010820559062 0.7617905675459633 0.5568079350766456 0.7545963229416467 0.5581605049594229 0.7370103916866507 0.5554553651938684 0.7266187050359713 0.5360685302073941 0.709832134292566 0.5329125338142471 0.7122302158273383 0.5284039675383229 0.7250199840127898 0.5279531109107304 0.7338129496402878 0.5324616771866546 0.7458033573141487
0 0.890892696122633 0.12629896083133493 0.9008115419296664 0.1334932054356515 0.9044183949504058 0.1334932054356515 0.9066726780883679 0.13029576338928858 0.9084761045987376 0.11590727418065548 0.9057709648331831 0.10791366906474821 0.8954012623985572 0.09912070343725021 0.8922452660054103 0.09992006394884093 0.8895401262398558 0.10551558752997602 0.888638412984671 0.11750599520383694 0.890892696122633 0.12629896083133493
0 0.7019837691614067 0.862509992006395 0.7087466185752931 0.8673061550759393 0.7141568981064021 0.8649080735411672 0.7168620378719567 0.8561151079136692 0.7155094679891795 0.841726618705036 0.7110009017132553 0.8369304556354917 0.7060414788097384 0.8361310951239008 0.7028854824165914 0.8385291766586731 0.7010820559062219 0.844924060751399 0.700180342651037 0.859312549960032 0.7019837691614067 0.862509992006395
0 0.5883678990081154 0.8121502797761792 0.5951307484220018 0.8177458033573143 0.5991884580703336 0.8177458033573143 0.6023444544634806 0.8137490007993605 0.6023444544634806 0.8025579536370904 0.5969341749323716 0.7857713828936851 0.587917042380523 0.7785771382893686 0.584761045987376 0.7817745803357314 0.5834084761045988 0.7889688249400479 0.5834084761045988 0.8033573141486812 0.5883678990081154 0.8121502797761792
0 0.5865644724977458 0.9568345323741008 0.5883678990081154 0.9640287769784173 0.5919747520288549 0.9656274980015987 0.5951307484220018 0.9632294164668266 0.5991884580703336 0.9544364508393286 0.602795311091073 0.938449240607514 0.5955816050495942 0.9264588329336532 0.5906221821460775 0.9256594724220625 0.5883678990081154 0.9280575539568345 0.5865644724977458 0.9344524380495605 0.5865644724977458 0.9568345323741008
0 0.3872858431018936 0.40527577937649883 0.39404869251577995 0.40527577937649883 0.41794409377817854 0.425259792166267 0.42110009017132555 0.4244604316546763 0.42515779981965734 0.41247002398081534 0.42515779981965734 0.40447641886490815 0.42290351668169524 0.4004796163069545 0.40622182146077546 0.3836930455635492 0.39495040577096485 0.37809752198241414 0.3863841298467087 0.3788968824940048 0.3836789900811542 0.3836930455635492 0.38322813345356177 0.39568345323741005 0.3872858431018936 0.40527577937649883
0 0.25067628494138866 0.03916866506794565 0.2551848512173129 0.04316546762589928 0.26194770063119927 0.04796163069544365 0.2660054102795311 0.04716227018385292 0.2723174030658251 0.032773780975219824 0.2727682596934175 0.02238209432454037 0.27051397655545534 0.015187849720223821 0.25969341749323716 0.003996802557953637 0.2551848512173129 0.004796163069544364 0.2515779981965735 0.01598721023181455 0.24887285843101895 0.03437250199840128 0.25067628494138866 0.03916866506794565
0 0.47069431920649235 0.8792965627498002 0.47745716862037874 0.8864908073541167 0.4828674481514878 0.8872901678657075 0.48467087466185754 0.8848920863309353 0.4891794409377818 0.8665067945643485 0.49008115419296666 0.8529176658673061 0.48467087466185754 0.8433253397282174 0.47745716862037874 0.841726618705036 0.47385031559963936 0.8481215027977619 0.46934174932371503 0.8657074340527579 0.4688908926961226 0.8745003996802558 0.47069431920649235 0.8792965627498002
0 0.4666366095581605 0.6970423661071143 0.49098286744815145 0.7218225419664269 0.49504057709648336 0.7218225419664269 0.49864743011722273 0.7146282973621104 0.4995491433724076 0.7058353317346123 0.4954914337240758 0.695443645083933 0.47475202885482415 0.6738609112709832 0.4688908926961226 0.6746602717825739 0.4648331830477908 0.6866506794564349 0.4643823264201984 0.6922462030375699 0.4666366095581605 0.6970423661071143
0 0.5590622182146078 0.9528377298161471 0.5707844905320109 0.9616306954436452 0.5743913435527502 0.9616306954436452 0.5788999098286746 0.9528377298161471 0.5816050495942291 0.9416466826538769 0.5820559062218215 0.929656274980016 0.5761947700631199 0.9200639488409273 0.5707844905320109 0.9192645883293366 0.566726780883679 0.9224620303756994 0.5586113615870153 0.9392486011191048 0.5577096483318305 0.9496402877697842 0.5590622182146078 0.9528377298161471
0 0.4743011722272317 0.15507593924860114 0.4806131650135257 0.1566746602717826 0.4828674481514878 0.15027977617905677 0.4828674481514878 0.1398880895283773 0.4765554553651939 0.1278976818545164 0.47069431920649235 0.12949640287769784 0.4675383228133454 0.13908872901678657 0.4679891794409378 0.14708233413269386 0.4743011722272317 0.15507593924860114
0 0.496844003606853 0.2613908872901679 0.521190261496844 0.28617106314948043 0.5261496844003607 0.28617106314948043 0.5275022542831379 0.2829736211031175 0.5279531109107304 0.27737809752198245 0.5256988277727683 0.2677857713828937 0.5126239855725879 0.24940047961630699 0.5027051397655545 0.23980815347721826 0.4981965734896303 0.24060751398880897 0.49504057709648336 0.2478017585931255 0.4945897204688909 0.2557953637090328 0.496844003606853 0.2613908872901679
0 0.7687105500450856 0.05435651478816946 0.7714156898106402 0.05355715427657874 0.7763751127141569 0.03916866506794565 0.7772768259693417 0.02557953637090328 0.7691614066726781 0.019184652278177457 0.7664562669071235 0.019984012789768184 0.7614968440036068 0.03437250199840128 0.760595130748422 0.04636290967226219 0.7687105500450856 0.05435651478816946
0 0.5739404869251578 0.5907274180655476 0.587917042380523 0.6051159072741806 0.5951307484220018 0.6059152677857713 0.5978358881875564 0.5979216626698641 0.5978358881875564 0.5947242206235012 0.594229035166817 0.5883293365307755 0.5811541929666366 0.5731414868105515 0.5757439134355276 0.5731414868105515 0.573038773669973 0.5827338129496403 0.5725879170423805 0.5883293365307755 0.5739404869251578 0.5907274180655476
0 0.007664562669071236 0.6370903277378098 0.019386834986474304 0.6346922462030377 0.02254283137962128 0.6306954436450839 0.02254283137962128 0.6250999200639489 0.019837691614066726 0.6211031175059952 0.008566275924256087 0.6211031175059952 0.004508566275924256 0.6243005595523582 0.004508566275924256 0.6338928856914469 0.007664562669071236 0.6370903277378098
0 0.22723174030658252 0.6322941646682655 0.2339945897204689 0.6402877697841727 0.24481514878268712 0.6474820143884892 0.2484220018034265 0.64828137490008 0.2511271415689811 0.6434852118305356 0.25473399458972046 0.6298960831334932 0.25293056807935077 0.6187050359712231 0.24887285843101895 0.6099120703437251 0.23895401262398558 0.6019184652278178 0.2339945897204689 0.6027178257394085 0.2290351668169522 0.6187050359712231 0.22678088367899008 0.6282973621103117 0.22723174030658252 0.6322941646682655
0 0.24616771866546439 0.8760991207034373 0.2556357078449053 0.8872901678657075 0.26149684400360684 0.8880895283772982 0.2660054102795311 0.8737010391686652 0.2651036970243463 0.8577138289368506 0.2623985572587917 0.8521183053557154 0.2520288548241659 0.841726618705036 0.2484220018034265 0.8425259792166268 0.24706943192064923 0.8465227817745804 0.24391343552750228 0.859312549960032 0.24616771866546439 0.8760991207034373
0 0.6794409377817855 0.6394884092725819 0.690712353471596 0.6474820143884892 0.6997294860234445 0.6474820143884892 0.7010820559062219 0.6330935251798562 0.69702434625789 0.6227018385291766 0.6871055004508567 0.6155075939248602 0.6834986474301172 0.6163069544364509 0.6803426510369702 0.6227018385291766 0.6785392245266005 0.6290967226219025 0.6794409377817855 0.6394884092725819