0 0.6149684400360685 0.7410071942446044 0.6393146979260594 0.748201438848921 0.6438232642019839 0.7458033573141487 0.6447249774571686 0.7330135891286971 0.6406672678088369 0.7274180655475619 0.6221821460775473 0.7210231814548362 0.6154192966636609 0.7210231814548362 0.6131650135256989 0.7234212629896084 0.6127141568981065 0.7354116706634692 0.6149684400360685 0.7410071942446044
0 0.3169522091974752 0.5411670663469225 0.3480613165013526 0.5499600319744204 0.3507664562669071 0.5467625899280576 0.3507664562669071 0.5347721822541966 0.3480613165013526 0.5299760191846523 0.31785392245266003 0.525179856115108 0.31424706943192066 0.5275779376498801 0.3137962128043282 0.5363709032773781 0.3169522091974752 0.5411670663469225
0 0.7930568079350766 0.004796163069544364 0.8291253381424708 0.016786570743405275 0.8620378719567178 0.023181454836131096 0.8638412984670875 0.019184652278177457 0.8638412984670875 0 0.7903516681695222 0.001598721023181455 0.7930568079350766 0.004796163069544364
0 0.8137962128043282 0.02717825739408473 0.8412984670874663 0.03597122302158274 0.8458070333633905 0.03357314148681055 0.8453561767357981 0.024780175859312553 0.8417493237150586 0.02158273381294964 0.8151487826871056 0.01278976818545164 0.8115419296663661 0.01598721023181455 0.8110910730387737 0.023181454836131096 0.8137962128043282 0.02717825739408473
0 0.12623985572587917 0.4020783373301359 0.14652840396753833 0.407673860911271 0.1587015329125338 0.407673860911271 0.16050495942290352 0.3876898481215028 0.15915238954012625 0.3764988009592326 0.13345356176735798 0.36930455635491605 0.12623985572587917 0.36930455635491605 0.12443642921550947 0.3733013589128697 0.12398557258791705 0.39488409272581937 0.12623985572587917 0.4020783373301359
0 0.35211902614968443 0.5019984012789769 0.366546438232642 0.504396482813749 0.3678990081154193 0.49720223820943243 0.366546438232642 0.4748201438848921 0.3534715960324617 0.4684252597921663 0.3507664562669071 0.469224620303757 0.34986474301172227 0.47242206235011996 0.3494138863841299 0.49000799360511593 0.35211902614968443 0.5019984012789769
0 0.836789900811542 0.21422861710631497 0.8606853020739406 0.2214228617106315 0.8660955816050496 0.22062350119904078 0.8678990081154194 0.21662669864108713 0.8701532912533815 0.1950439648281375 0.8692515779981966 0.1894484412470024 0.8449053201082056 0.17905675459632295 0.8381424706943192 0.17905675459632295 0.8372407574391344 0.18705035971223025 0.8358881875563571 0.20783373301358915 0.836789900811542 0.21422861710631497
0 0.01848512173128945 0.4196642685851319 0.03922452660054102 0.4260591526778577 0.04733994589720469 0.4268585131894485 0.0509467989179441 0.42366107114308554 0.05049594229035167 0.39648281374900085 0.049143372407574396 0.3876898481215028 0.046889089269612265 0.38529176658673064 0.020288548241659154 0.38049560351718625 0.01848512173128945 0.3828936850519585 0.016230838593327322 0.3996802557953637 0.015329125338142471 0.4108713029576339 0.01848512173128945 0.4196642685851319
0 0.6122633002705139 0.7665867306155076 0.6311992786293958 0.7721822541966427 0.6402164111812444 0.7721822541966427 0.6420198376916141 0.7681854516386891 0.6411181244364292 0.7585931254996003 0.639765554553652 0.756994404476419 0.6145175834084761 0.7498001598721024 0.6118124436429215 0.7505995203836932 0.6109107303877367 0.753796962430056 0.6104598737601443 0.7617905675459633 0.6122633002705139 0.7665867306155076
0 0.6406672678088369 0.797761790567546 0.6541929666366095 0.800959232613909 0.6568981064021642 0.7953637090327739 0.6559963931469793 0.7857713828936851 0.6528403967538323 0.7825739408473221 0.6402164111812444 0.78017585931255 0.6370604147880974 0.7841726618705037 0.6370604147880974 0.7929656274980017 0.6406672678088369 0.797761790567546
0 0.8232642019837692 0.05675459632294165 0.8277727682596934 0.060751398880895285 0.8390441839495041 0.06474820143884892 0.8440036068530207 0.06314948041566747 0.8431018935978359 0.05275779376498801 0.8412984670874663 0.050359712230215826 0.825067628494139 0.045563549160671464 0.8214607754733995 0.04716227018385292 0.8210099188458071 0.050359712230215826 0.8232642019837692 0.05675459632294165
0 0.6420198376916141 0.8233413269384493 0.6496844003606853 0.8257394084732215 0.6537421100090172 0.82414068745004 0.6537421100090172 0.8105515587529977 0.6483318304779081 0.8081534772182254 0.6411181244364292 0.809752198241407 0.6406672678088369 0.8201438848920864 0.6420198376916141 0.8233413269384493