0 0.869702434625789 0.05755395683453238 0.8958521190261496 0.062350119904076746 0.903516681695221 0.062350119904076746 0.9062218214607755 0.05915267785771383 0.9075743913435527 0.0319744204636291 0.9044183949504058 0.014388489208633094 0.8692515779981966 0.009592326139088728 0.8674481514878268 0.013589128697042365 0.866546438232642 0.0319744204636291 0.8660955816050496 0.049560351718625106 0.869702434625789 0.05755395683453238
0 0.5162308385933273 0.8033573141486812 0.5293056807935077 0.8057553956834532 0.5333633904418394 0.8025579536370904 0.5333633904418394 0.7913669064748201 0.5293056807935077 0.7833733013589129 0.5148782687105501 0.7817745803357314 0.5130748422001803 0.7857713828936851 0.5126239855725879 0.7953637090327739 0.5162308385933273 0.8033573141486812
0 0.17493237150586113 0.689048760991207 0.19747520288548243 0.6906474820143885 0.20018034265103696 0.689048760991207 0.20108205590622183 0.6858513189448442 0.2006311992786294 0.6706634692246204 0.19747520288548243 0.6642685851318945 0.18800721370604148 0.6610711430855316 0.17808836789900812 0.6610711430855316 0.17312894499549145 0.6674660271782575 0.17312894499549145 0.6866506794564349 0.17493237150586113 0.689048760991207
0 0.6212804328223626 0.11590727418065548 0.633453561767358 0.11830535571542766 0.6406672678088369 0.11830535571542766 0.6424706943192064 0.11590727418065548 0.6415689810640216 0.09272581934452438 0.6393146979260594 0.08073541167066348 0.6321009918845808 0.07673860911270983 0.6172227231740307 0.07753796962430057 0.6181244364292156 0.10311750599520383 0.6212804328223626 0.11590727418065548
0 0.5324616771866546 0.3045563549160672 0.5532010820559062 0.3069544364508393 0.5568079350766456 0.30295763389288566 0.5559062218214608 0.2973621103117506 0.5509467989179441 0.29256594724220625 0.5324616771866546 0.29096722621902477 0.5302073940486925 0.293365307753797 0.5302073940486925 0.30135891286970423 0.5324616771866546 0.3045563549160672
0 0.0351668169522092 0.2597921662669864 0.04508566275924256 0.26059152677857716 0.0509467989179441 0.25099920063948844 0.060414788097385035 0.24940047961630699 0.061316501352569885 0.19904076738609114 0.0545536519386835 0.1918465227817746 0.04643823264201984 0.1918465227817746 0.03832281334535618 0.19584332533972823 0.0351668169522092 0.20543565147881696 0.034265103697024346 0.22621902478017586 0.03381424706943192 0.2478017585931255 0.0351668169522092 0.2597921662669864
0 0.4292155094679892 0.26618705035971224 0.43913435527502254 0.26538768984812156 0.44229035166816955 0.2541966426858513 0.44183949504057707 0.24220623501199043 0.43958521190261496 0.23181454836131096 0.4341749323715059 0.22621902478017586 0.41794409377817854 0.22621902478017586 0.4197475202885482 0.26059152677857716 0.4292155094679892 0.26618705035971224
0 0 0.48441247002398086 0.008566275924256087 0.4852118305355716 0.009918845807033363 0.4796163069544365 0.01036970243462579 0.4524380495603517 0.002705139765554554 0.44844124700239807 0 0.44924060751398887 0 0.48441247002398086
0 0.24661857529305684 0.30375699440447645 0.25067628494138866 0.3077537969624301 0.26149684400360684 0.3069544364508393 0.26375112714156895 0.2821742605915268 0.26284941388638416 0.26938449240607515 0.2587917042380523 0.26618705035971224 0.25022542831379624 0.26458832933653076 0.2479711451758341 0.26538768984812156 0.24616771866546439 0.27098321342925663 0.24481514878268712 0.29096722621902477 0.24661857529305684 0.30375699440447645
0 0.39269612263300274 0.7234212629896084 0.41118124436429215 0.7266187050359713 0.4147880973850316 0.7266187050359713 0.4174932371505861 0.7234212629896084 0.4170423805229937 0.7026378896882494 0.4138863841298467 0.6922462030375699 0.3967538322813345 0.6906474820143885 0.3868349864743012 0.6922462030375699 0.3836789900811542 0.695443645083933 0.38322813345356177 0.709832134292566 0.39269612263300274 0.7234212629896084
0 0.21370604147880973 0.45643485211830537 0.22768259693417492 0.45803357314148685 0.23309287646528404 0.45643485211830537 0.23624887285843102 0.4524380495603517 0.23669972948602347 0.44124700239808157 0.23534715960324618 0.43325339728217427 0.23354373309287646 0.43085531574740216 0.21415689810640218 0.4292565947242206 0.21100090171325517 0.4324540367705836 0.2091974752028855 0.43884892086330934 0.2091974752028855 0.44684252597921664 0.21370604147880973 0.45643485211830537
0 0.7272317403065826 0.8633093525179857 0.7371505861136158 0.8665067945643485 0.7488728584310189 0.8665067945643485 0.7520288548241659 0.8617106314948043 0.7515779981965736 0.8481215027977619 0.7484220018034266 0.8425259792166268 0.7254283137962128 0.8441247002398081 0.7254283137962128 0.859312549960032 0.7272317403065826 0.8633093525179857
0 0.5293056807935077 0.46203037569944044 0.5522993688007214 0.4684252597921663 0.560414788097385 0.4668265387689848 0.5617673579801623 0.4324540367705836 0.5590622182146078 0.42366107114308554 0.5554553651938684 0.4212629896083134 0.5320108205590622 0.4188649080735412 0.5288548241659152 0.4188649080735412 0.5275022542831379 0.4212629896083134 0.5275022542831379 0.44924060751398887 0.5293056807935077 0.46203037569944044
0 0.34355275022542836 0.15587529976019188 0.3647430117222723 0.16147082334132695 0.37240757439134353 0.15907274180655476 0.37330928764652843 0.1366906474820144 0.37150586113615874 0.13189448441247004 0.35437330928764654 0.1278976818545164 0.3408476104598738 0.12949640287769784 0.34039675383228135 0.14708233413269386 0.34355275022542836 0.15587529976019188
0 0.1406672678088368 0.029576338928856916 0.15284039675383226 0.03756994404476419 0.15915238954012625 0.03836930455635491 0.16591523895401264 0.03517186250999201 0.1672678088367899 0.017585931254996006 0.16636609558160506 0.00319744204636291 0.1650135256988278 0 0.13931469792605952 0 0.1388638412984671 0.003996802557953637 0.13931469792605952 0.02557953637090328 0.1406672678088368 0.029576338928856916
0 0.31154192966636607 0.9832134292565947 0.31875563570784493 0.9856115107913669 0.33498647430117223 0.9840127897681855 0.33047790802524796 0.9560351718625101 0.32777276825969337 0.9488409272581935 0.3183047790802525 0.9456434852118306 0.3097385031559964 0.947242206235012 0.3097385031559964 0.9784172661870505 0.31154192966636607 0.9832134292565947
0 0.5247971145175834 0.6051159072741806 0.5275022542831379 0.6163069544364509 0.5306582506762849 0.6195043964828137 0.5369702434625789 0.6195043964828137 0.5383228133453561 0.6139088729016786 0.5365193868349865 0.6035171862509993 0.5261496844003607 0.5763389288569145 0.5225428313796213 0.5723421262989609 0.5184851217312895 0.5811350919264588 0.5184851217312895 0.5915267785771383 0.5247971145175834 0.6051159072741806
0 0.3489630297565374 0.32773780975219824 0.37330928764652843 0.32933653077537967 0.3751127141568981 0.32454036770583533 0.3742110009017133 0.3181454836131095 0.37060414788097384 0.31574740207833735 0.3525698827772768 0.31254996003197444 0.34761045987376016 0.31414868105515587 0.3462578899909829 0.3213429256594725 0.3489630297565374 0.32773780975219824
0 0.42335437330928766 0.6083133493205436 0.4292155094679892 0.6059152677857713 0.4292155094679892 0.5931254996003198 0.4269612263300271 0.5899280575539568 0.412082957619477 0.586730615507594 0.40622182146077546 0.5803357314148682 0.3963029756537421 0.5811350919264588 0.3967538322813345 0.6027178257394085 0.42335437330928766 0.6083133493205436
0 0.34445446348061315 0.6322941646682655 0.35617673579801623 0.6346922462030377 0.3629395852119026 0.6330935251798562 0.3651938683498648 0.6131095123900879 0.35978358881875566 0.6019184652278178 0.34580703336339047 0.6011191047162271 0.34265103697024346 0.6123101518784972 0.34220018034265104 0.6266986410871304 0.34445446348061315 0.6322941646682655
0 0.18845807033363393 0.2478017585931255 0.2006311992786294 0.2478017585931255 0.20333633904418397 0.24460431654676262 0.20694319206492334 0.23421262989608316 0.21325518485121733 0.2334132693844924 0.21550946798917944 0.2270183852917666 0.21415689810640218 0.20863309352517986 0.20333633904418397 0.2038369304556355 0.19161406672678089 0.20463629096722624 0.18890892696122633 0.20223820943245407 0.18575293056807937 0.21982414068745004 0.18530207394048692 0.24380495603517185 0.18845807033363393 0.2478017585931255
0 0.5586113615870153 0.33892885691446845 0.5640216411181245 0.33733013589128696 0.5640216411181245 0.3213429256594725 0.5622182146077548 0.3165467625899281 0.5513976555455365 0.31254996003197444 0.5464382326420198 0.31414868105515587 0.5468890892696122 0.33573141486810554 0.5586113615870153 0.33892885691446845
0 0.5924256086564473 0.45003996802557955 0.5973850315599639 0.4532374100719425 0.6118124436429215 0.4532374100719425 0.6127141568981065 0.43804956035171866 0.6104598737601443 0.4188649080735412 0.602795311091073 0.4156674660271783 0.5919747520288549 0.4156674660271783 0.59107303877367 0.4196642685851319 0.5924256086564473 0.45003996802557955
0 0.7709648331830479 0.9424460431654678 0.7894499549143373 0.9424460431654678 0.7903516681695222 0.9400479616306955 0.7899008115419297 0.9352517985611511 0.7858431018935979 0.9312549960031975 0.7646528403967539 0.9280575539568345 0.75834084761046 0.9320543565147882 0.7592425608656448 0.9392486011191048 0.7709648331830479 0.9424460431654678
0 0.3629395852119026 0.20223820943245407 0.3701532912533814 0.19904076738609114 0.3701532912533814 0.18784972022382096 0.3678990081154193 0.18225419664268586 0.36113615870153287 0.17905675459632295 0.35527502254283133 0.1806554756195044 0.35527502254283133 0.19984012789768185 0.3629395852119026 0.20223820943245407
0 0.09017132551848513 0.43325339728217427 0.09783588818755636 0.4372501998401279 0.10595130748422002 0.43645083932853723 0.10820559062218214 0.42845723421262993 0.10820559062218214 0.40447641886490815 0.10640216411181244 0.390087929656275 0.10459873760144275 0.3868904876099121 0.09467989179440937 0.3836930455635492 0.09197475202885483 0.3844924060751399 0.08926961226330027 0.3932853717026379 0.08836789900811542 0.42286171063149486 0.09017132551848513 0.43325339728217427
0 0.2096483318304779 0.9992006394884093 0.21009918845807032 0.9832134292565947 0.20874661857529306 0.973621103117506 0.20694319206492334 0.9704236610711432 0.19612263300270513 0.9680255795363709 0.19296663660955815 0.9696243005595524 0.19071235347159604 0.9752198241406874 0.19116321009918846 0.9992006394884093 0.2096483318304779 0.9992006394884093
0 0.6127141568981065 0.15267785771382894 0.6127141568981065 0.1574740207833733 0.6140667267808837 0.15907274180655476 0.6194770063119928 0.16227018385291767 0.6311992786293958 0.1630695443645084 0.633453561767358 0.16067146282973624 0.6343552750225429 0.1486810551558753 0.636609558160505 0.14468425259792167 0.6442741208295762 0.14548361310951238 0.6456266907123535 0.14228617106314947 0.6460775473399459 0.12949640287769784 0.6420198376916141 0.12070343725019984 0.6226330027051398 0.11830535571542766 0.6194770063119928 0.12310151878497202 0.6181244364292156 0.1366906474820144 0.6127141568981065 0.15267785771382894
0 0.5338142470694319 0.542765787370104 0.5468890892696122 0.5451638689048761 0.5482416591523895 0.542765787370104 0.5473399458972047 0.5291766586730615 0.5383228133453561 0.5227817745803358 0.5405770964833183 0.5147881694644285 0.5464382326420198 0.5115907274180655 0.5464382326420198 0.5051958433253397 0.5347159603246168 0.5019984012789769 0.5306582506762849 0.504396482813749 0.5306582506762849 0.5235811350919265 0.5338142470694319 0.542765787370104
0 0.5121731289449956 0.8521183053557154 0.5288548241659152 0.853717026378897 0.5311091073038774 0.8513189448441247 0.5311091073038774 0.8385291766586731 0.5288548241659152 0.8313349320543566 0.521190261496844 0.827338129496403 0.5121731289449956 0.827338129496403 0.5099188458070334 0.8345323741007195 0.5099188458070334 0.8457234212629897 0.5121731289449956 0.8521183053557154
0 0.8967538322813345 0.10391686650679458 0.8994589720468892 0.10871302957633892 0.9188458070333634 0.10951239008792966 0.9192966636609557 0.08792965627498003 0.9156898106402165 0.07434052757793765 0.8981064021641119 0.07194244604316548 0.8958521190261496 0.07593924860111911 0.8954012623985572 0.09672262190247803 0.8967538322813345 0.10391686650679458
0 0.5117222723174031 0.7529976019184652 0.5293056807935077 0.7561950439648283 0.5333633904418394 0.7521982414068745 0.5347159603246168 0.7250199840127898 0.5333633904418394 0.7154276578737011 0.5297565374211001 0.7074340527577938 0.5153291253381425 0.7018385291766587 0.5081154192966637 0.7026378896882494 0.5058611361587015 0.709832134292566 0.5076645626690712 0.7442046362909672 0.5117222723174031 0.7529976019184652
0 0.7718665464382326 0.9600319744204637 0.7908025247971145 0.9616306954436452 0.793507664562669 0.959232613908873 0.7930568079350766 0.9536370903277379 0.7885482416591524 0.9488409272581935 0.7687105500450856 0.9488409272581935 0.7682596934174932 0.9568345323741008 0.7718665464382326 0.9600319744204637
0 0.2556357078449053 0.17905675459632295 0.26690712353471596 0.1750599520383693 0.26916140667267807 0.16866506794564348 0.2696122633002705 0.1510791366906475 0.27186654643823266 0.13589128697042366 0.2709648331830478 0.12310151878497202 0.2655545536519387 0.11430855315747403 0.2560865644724978 0.11430855315747403 0.2533814247069432 0.11750599520383694 0.2515779981965735 0.12549960031974422 0.2515779981965735 0.17825739408473223 0.2556357078449053 0.17905675459632295
0 0.5739404869251578 0.9336530775379696 0.608205590622182 0.9448441247002399 0.6104598737601443 0.9424460431654678 0.6122633002705139 0.9328537170263789 0.6131650135256989 0.9048760991207034 0.609107303877367 0.8992805755395684 0.5770964833183048 0.8888888888888888 0.5739404869251578 0.8928856914468426 0.5721370604147881 0.915267785771383 0.5716862037871957 0.9280575539568345 0.5739404869251578 0.9336530775379696
0 0.6000901713255185 0.8145483613109513 0.6203787195671777 0.818545163868905 0.6298467087466186 0.818545163868905 0.6311992786293958 0.815347721822542 0.6307484220018034 0.797761790567546 0.6284941388638413 0.7945643485211831 0.6145175834084761 0.7881694644284573 0.6023444544634806 0.7865707434052758 0.5982867448151488 0.7889688249400479 0.5978358881875564 0.8081534772182254 0.6000901713255185 0.8145483613109513
0 0.5297565374211001 0.19584332533972823 0.539224526600541 0.19824140687450043 0.548692515779982 0.19824140687450043 0.5513976555455365 0.19584332533972823 0.5527502254283138 0.1654676258992806 0.5518485121731289 0.15587529976019188 0.5324616771866546 0.15267785771382894 0.5302073940486925 0.1542765787370104 0.5293056807935077 0.15987210231814547 0.5284039675383229 0.1918465227817746 0.5297565374211001 0.19584332533972823
0 0.215058611361587 0.7961630695443646 0.2168620378719567 0.7993605115907274 0.22678088367899008 0.7985611510791367 0.2285843101893598 0.7857713828936851 0.22723174030658252 0.7745803357314149 0.21956717763751127 0.7681854516386891 0.2146077547339946 0.7681854516386891 0.21280432822362488 0.771382893685052 0.21280432822362488 0.7865707434052758 0.215058611361587 0.7961630695443646
0 0.6433724075743913 0.2741806554756195 0.6478809738503156 0.2733812949640288 0.6505861136158702 0.2685851318944844 0.65238954012624 0.24540367705835334 0.6528403967538323 0.21902478017585933 0.6510369702434625 0.20863309352517986 0.6460775473399459 0.20543565147881696 0.6357078449053201 0.20543565147881696 0.6321009918845808 0.2070343725019984 0.630297565374211 0.2126298960831335 0.6298467087466186 0.266986410871303 0.6433724075743913 0.2741806554756195
0 0.49639314697926057 0.9992006394884093 0.5234445446348062 0.9992006394884093 0.5238954012623985 0.9680255795363709 0.5229936880072137 0.959232613908873 0.5198376916140668 0.9528377298161471 0.5130748422001803 0.9520383693045564 0.5103697024346258 0.9552358113509193 0.5085662759242561 0.9616306954436452 0.5004508566275925 0.9616306954436452 0.4977457168620379 0.9680255795363709 0.4959422903516682 0.9840127897681855 0.49639314697926057 0.9992006394884093