0 0.01127141568981064 0.20783373301358915 0.013976555455365193 0.22062350119904078 0.025247971145175834 0.22541966426858515 0.03381424706943192 0.2238209432454037 0.034715960324616775 0.21582733812949642 0.029756537421100092 0.17585931254996007 0.02614968440036069 0.17346123101518784 0.010820559062218215 0.1750599520383693 0.009918845807033363 0.1830535571542766 0.01127141568981064 0.20783373301358915
0 0.6821460775473399 0.6506794564348523 0.6848512173128946 0.6610711430855316 0.6834986474301172 0.6666666666666666 0.6862037871956718 0.6722621902478018 0.6902614968440036 0.6922462030375699 0.6916140667267809 0.7258193445243806 0.6943192064923354 0.7370103916866507 0.6956717763751128 0.7561950439648283 0.6997294860234445 0.771382893685052 0.7069431920649234 0.7721822541966427 0.7082957619477006 0.7681854516386891 0.7078449053201082 0.7505995203836932 0.7019837691614067 0.6882494004796164 0.6974752028854824 0.6642685851318945 0.6965734896302976 0.6434852118305356 0.690712353471596 0.595523581135092 0.6889089269612263 0.5891286970423661 0.6862037871956718 0.5883293365307755 0.6798917944093779 0.5947242206235012 0.6803426510369702 0.6298960831334932 0.6821460775473399 0.6506794564348523
0 0.6681695220919748 0.8689048760991207 0.6911632100991884 0.8808952837729817 0.6974752028854824 0.8800959232613909 0.6997294860234445 0.8745003996802558 0.6992786293958522 0.8641087130295764 0.6952209197475203 0.859312549960032 0.6722272317403066 0.8489208633093526 0.6681695220919748 0.8489208633093526 0.6672678088367898 0.8513189448441247 0.6668169522091975 0.8657074340527579 0.6681695220919748 0.8689048760991207
0 0.21009918845807032 0.7138289368505196 0.24571686203787196 0.7074340527577938 0.25247971145175835 0.7050359712230216 0.25473399458972046 0.7018385291766587 0.2538322813345356 0.6946442845723421 0.2484220018034265 0.6906474820143885 0.21009918845807032 0.695443645083933 0.20829576194770064 0.6994404476418865 0.20784490532010821 0.7066346922462031 0.21009918845807032 0.7138289368505196
0 0.03922452660054102 0.6690647482014389 0.061316501352569885 0.6714628297362111 0.06266907123534717 0.6682653876898482 0.06266907123534717 0.6610711430855316 0.059062218214607755 0.6546762589928058 0.047790802524797116 0.6522781774580336 0.0369702434625789 0.6538768984812151 0.03651938683498648 0.6618705035971224 0.03922452660054102 0.6690647482014389
0 0.2096483318304779 0.697841726618705 0.2164111812443643 0.6938449240607514 0.23985572587917042 0.6906474820143885 0.24346257889990983 0.6858513189448442 0.24211000901713256 0.6754596322941646 0.23805229936880073 0.6722621902478018 0.21370604147880973 0.6770583533173462 0.2073940486925158 0.6818545163868905 0.2073940486925158 0.6922462030375699 0.2096483318304779 0.697841726618705
0 0.24391343552750228 0.14308553157474022 0.25067628494138866 0.14228617106314947 0.2520288548241659 0.1334932054356515 0.24932371505861137 0.1167066346922462 0.24661857529305684 0.1135091926458833 0.24211000901713256 0.11270983213429257 0.23850315599639313 0.11750599520383694 0.239404869251578 0.1398880895283773 0.24391343552750228 0.14308553157474022
0 0.26825969341749323 0.6314948041566747 0.30162308385933273 0.627498001598721 0.30522993688007216 0.6235011990407675 0.30522993688007216 0.6163069544364509 0.30387736699729484 0.6139088729016786 0.281785392245266 0.6147082334132695 0.2655545536519387 0.6187050359712231 0.2651036970243463 0.627498001598721 0.26825969341749323 0.6314948041566747
0 0.05590622182146077 0.14388489208633096 0.06537421100090171 0.14548361310951238 0.0721370604147881 0.14308553157474022 0.07348963029756538 0.1366906474820144 0.06898106402164111 0.09912070343725021 0.05725879170423805 0.09832134292565947 0.05184851217312895 0.10231814548361312 0.05184851217312895 0.1167066346922462 0.05590622182146077 0.14388489208633096
0 0.26645626690712354 0.6147082334132695 0.2795311091073039 0.6139088729016786 0.2822362488728584 0.6123101518784972 0.284941388638413 0.6067146282973622 0.28358881875563574 0.6011191047162271 0.28043282236248873 0.5995203836930456 0.2651036970243463 0.6011191047162271 0.26465284039675385 0.6107114308553158 0.26645626690712354 0.6147082334132695
0 0.11947700631199279 0.16067146282973624 0.12173128944995491 0.16386890487609912 0.1316501352569883 0.1630695443645084 0.13300270513976556 0.16067146282973624 0.13300270513976556 0.15187849720223823 0.13074842200180342 0.1398880895283773 0.12759242560865644 0.1374900079936051 0.11992786293958521 0.13828936850519585 0.11812443642921551 0.1398880895283773 0.11947700631199279 0.16067146282973624
0 0.06266907123534717 0.04476418864908074 0.07529305680793508 0.05595523581135092 0.07844905320108204 0.05675459632294165 0.07980162308385934 0.05435651478816946 0.08025247971145176 0.04876099120703437 0.07709648331830478 0.042366107114308556 0.06717763751127143 0.032773780975219824 0.06176735798016231 0.032773780975219824 0.061316501352569885 0.0407673860911271 0.06266907123534717 0.04476418864908074
0 0.15509467989179443 0.026378896882494004 0.16050495942290352 0.030375699440447643 0.1654643823264202 0.026378896882494004 0.16636609558160506 0.018385291766586733 0.16456266907123535 0.013589128697042365 0.15193868349864742 0.003996802557953637 0.14833183047790804 0.004796163069544364 0.14697926059513075 0.011990407673860913 0.15509467989179443 0.026378896882494004
0 0.6505861136158702 0.8776978417266187 0.6582506762849414 0.876898481215028 0.6596032461677187 0.8737010391686652 0.6596032461677187 0.8617106314948043 0.6568981064021642 0.8577138289368506 0.6311992786293958 0.8473221422861711 0.6266907123534716 0.8473221422861711 0.6257889990982868 0.8497202238209433 0.6266907123534716 0.8673061550759393 0.6505861136158702 0.8776978417266187
0 0.18169522091974755 0.17266187050359713 0.1952209197475203 0.1750599520383693 0.19927862939585214 0.17106314948041568 0.1988277727682597 0.15987210231814547 0.1956717763751127 0.1542765787370104 0.1834986474301172 0.1486810551558753 0.17808836789900812 0.14948041566746603 0.17763751127141567 0.16466826538768983 0.18169522091974755 0.17266187050359713