0 0.5500450856627592 0.25099920063948844 0.5572587917042381 0.2533972821742606 0.5608656447249775 0.2478017585931255 0.5595130748422003 0.24300559552358114 0.5473399458972047 0.2358113509192646 0.5396753832281335 0.23261390887290168 0.5351668169522091 0.23421262989608316 0.5356176735798016 0.2414068745003997 0.5500450856627592 0.25099920063948844
0 0.8417493237150586 0.02158273381294964 0.8498647430117223 0.02717825739408473 0.8525698827772769 0.02717825739408473 0.8539224526600542 0.023980815347721826 0.8557258791704238 0.015187849720223821 0.8539224526600542 0.010391686650679457 0.8417493237150586 0 0.8376916140667268 0 0.8354373309287646 0.00639488409272582 0.8358881875563571 0.015187849720223821 0.8417493237150586 0.02158273381294964
0 0.7556357078449053 0.32454036770583533 0.7696122633002704 0.33013589128697046 0.7727682596934174 0.32773780975219824 0.7763751127141569 0.31734612310151883 0.7759242560865645 0.3053557154276579 0.7723174030658251 0.2949640287769784 0.75834084761046 0.28377298161470826 0.7488728584310189 0.2701838529176659 0.7443642921550947 0.26938449240607515 0.742560865644725 0.2717825739408473 0.7376014427412083 0.28936850519584334 0.7376014427412083 0.3053557154276579 0.7556357078449053 0.32454036770583533
0 0.42155094679891797 0.9304556354916067 0.42515779981965734 0.9320543565147882 0.4323715058611362 0.9144684252597922 0.4328223624887286 0.9008792965627499 0.4292155094679892 0.8952837729816148 0.42515779981965734 0.8952837729816148 0.42019837691614065 0.9008792965627499 0.4174932371505861 0.91207034372502 0.41794409377817854 0.9248601119104717 0.42155094679891797 0.9304556354916067
0 0.18620378719567177 0.5267785771382895 0.1898106402164112 0.5323741007194245 0.1902614968440036 0.5363709032773781 0.18665464382326422 0.5467625899280576 0.18665464382326422 0.5523581135091926 0.1920649233543733 0.5603517186250999 0.1988277727682597 0.5603517186250999 0.21009918845807032 0.5331734612310152 0.21145175834084762 0.5235811350919265 0.21009918845807032 0.5139888089528377 0.20649233543733095 0.513189448441247 0.19972948602344456 0.5051958433253397 0.19657348963029758 0.504396482813749 0.18845807033363393 0.4932054356514788 0.1830477908025248 0.49160671462829736 0.18214607754733994 0.48920863309352525 0.18034265103697025 0.4908073541167067 0.1744815148782687 0.5083932853717026 0.17493237150586113 0.5179856115107914 0.18620378719567177 0.5267785771382895
0 0.5117222723174031 0.12709832134292565 0.5207394048692516 0.1342925659472422 0.5261496844003607 0.13589128697042366 0.5329125338142471 0.12150279776179057 0.5365193868349865 0.10871302957633892 0.5378719567177638 0.09912070343725021 0.5369702434625789 0.09192645883293366 0.5293056807935077 0.07913669064748202 0.5229936880072137 0.07513988808952839 0.5193868349864743 0.07593924860111911 0.5148782687105501 0.08393285371702638 0.5081154192966637 0.1111111111111111 0.5081154192966637 0.11990407673860913 0.5117222723174031 0.12709832134292565
0 0.824165915238954 0.7130295763389289 0.8376916140667268 0.7218225419664269 0.8422001803426511 0.7162270183852918 0.8422001803426511 0.6994404476418865 0.8394950405770965 0.6922462030375699 0.8340847610459874 0.6850519584332534 0.8268710550045085 0.6834532374100719 0.8246167718665464 0.6874500399680257 0.8228133453561768 0.6970423661071143 0.8223624887285843 0.709832134292566 0.824165915238954 0.7130295763389289
0 0.37556357078449054 0.38848920863309355 0.3800721370604148 0.39408473221422863 0.38322813345356177 0.39168665067945646 0.3904418394950406 0.3677058353317346 0.39089269612263305 0.3501199040767386 0.3836789900811542 0.34212629896083135 0.3782687105500451 0.34372501998401284 0.3751127141568981 0.34852118305355717 0.3660955816050496 0.3764988009592326 0.366546438232642 0.3836930455635492 0.37556357078449054 0.38848920863309355
0 0.2254283137962128 0.3341326938449241 0.23669972948602347 0.3397282174260592 0.24165915238954014 0.328537170263789 0.24346257889990983 0.31574740207833735 0.2407574391343553 0.30935251798561153 0.23354373309287646 0.3045563549160672 0.22813345356176737 0.31254996003197444 0.2254283137962128 0.3229416466826539 0.22407574391343554 0.3309352517985612 0.2254283137962128 0.3341326938449241
0 0.9445446348061317 0.6346922462030377 0.967087466185753 0.6546762589928058 0.9711451758340848 0.6546762589928058 0.9743011722272317 0.6506794564348523 0.9806131650135257 0.627498001598721 0.9770063119927863 0.6091127098321344 0.9733994589720468 0.6051159072741806 0.9652840396753832 0.6035171862509993 0.9535617673579802 0.5947242206235012 0.9490532010820559 0.5947242206235012 0.9477006311992787 0.5971223021582733 0.9431920649233544 0.6211031175059952 0.9427412082957619 0.6306954436450839 0.9445446348061317 0.6346922462030377
0 0.8020739404869252 0.11270983213429257 0.824165915238954 0.10711430855315748 0.8282236248872858 0.10311750599520383 0.8277727682596934 0.09352517985611512 0.825067628494139 0.08952837729816147 0.80297565374211 0.09432454036770584 0.7993688007213706 0.09752198241406874 0.7993688007213706 0.10871302957633892 0.8020739404869252 0.11270983213429257
0 0.9075743913435527 0.5875299760191847 0.9229035166816953 0.6067146282973622 0.9292155094679891 0.6067146282973622 0.9377817853922452 0.5819344524380495 0.9355275022542832 0.5691446842525979 0.9314697926059514 0.5635491606714629 0.9192966636609557 0.5555555555555556 0.9152389540126239 0.5563549160671463 0.9107303877366997 0.5675459632294165 0.9071235347159603 0.5811350919264588 0.9075743913435527 0.5875299760191847
0 0.44229035166816955 0.9016786570743406 0.4688908926961226 0.9256594724220625 0.4743011722272317 0.9248601119104717 0.47971145175834085 0.9016786570743406 0.478809738503156 0.8936850519584333 0.4499549143372408 0.86810551558753 0.4454463480613165 0.8697042366107114 0.44138863841298465 0.8824940047961631 0.44048692515779986 0.8968824940047961 0.44229035166816955 0.9016786570743406
0 0.2655545536519387 0.7386091127098321 0.281785392245266 0.7553956834532374 0.2871956717763751 0.7561950439648283 0.2912533814247069 0.748201438848921 0.3043282236248873 0.7018385291766587 0.30522993688007216 0.6850519584332534 0.30162308385933273 0.6778577138289369 0.29486023444544635 0.6714628297362111 0.2871956717763751 0.6690647482014389 0.28268710550045084 0.6714628297362111 0.2678088367899008 0.7210231814548362 0.2651036970243463 0.7338129496402878 0.2655545536519387 0.7386091127098321
0 0.33814247069431924 0.827338129496403 0.3489630297565374 0.8345323741007195 0.351668169522092 0.8321342925659473 0.35617673579801623 0.8217426059152678 0.3606853020739405 0.8025579536370904 0.3606853020739405 0.7865707434052758 0.348512173128945 0.7761790567545964 0.345356176735798 0.7825739408473221 0.34039675383228135 0.8073541167066347 0.33724075743913434 0.8145483613109513 0.3367899008115419 0.8249400479616307 0.33814247069431924 0.827338129496403
0 0.5383228133453561 0.2278177458033573 0.5568079350766456 0.23501199040767387 0.5608656447249775 0.23501199040767387 0.5626690712353472 0.23101518784972022 0.5613165013525699 0.2238209432454037 0.5590622182146078 0.2222222222222222 0.5527502254283138 0.2214228617106315 0.5374211000901714 0.21342925659472425 0.5315599639314699 0.21502797761790568 0.5320108205590622 0.22302158273381298 0.5383228133453561 0.2278177458033573
0 0.40396753832281335 0.4948041566746603 0.42425608656447256 0.5091926458832934 0.430117222723174 0.5083932853717026 0.4310189359783589 0.49800159872102323 0.42560865644724977 0.49000799360511593 0.40667267808836793 0.47641886490807356 0.40216411181244366 0.4772182254196643 0.3999098286744815 0.4836131095123901 0.4003606853020739 0.4908073541167067 0.40396753832281335 0.4948041566746603
0 0.5550045085662759 0.16786570743405277 0.5649233543733093 0.17186250999200642 0.5662759242560865 0.16626698641087131 0.5658250676284942 0.15347721822541965 0.569882777276826 0.13509192645883294 0.5676284941388638 0.12070343725019984 0.5613165013525699 0.11191047162270185 0.5572587917042381 0.11191047162270185 0.5532010820559062 0.11990407673860913 0.5495942290351669 0.13269384492406078 0.5464382326420198 0.15827338129496404 0.5550045085662759 0.16786570743405277
0 0.27862939585211904 0.4324540367705836 0.2912533814247069 0.4420463629096723 0.2935076645626691 0.44124700239808157 0.2966636609558161 0.434052757793765 0.30252479711451763 0.4156674660271783 0.30297565374211 0.4100719424460432 0.3011722272317403 0.40527577937649883 0.2921550946798918 0.39728217426059154 0.28809738503155996 0.3868904876099121 0.28268710550045084 0.3844924060751399 0.27908025247971147 0.3892885691446843 0.2723174030658251 0.4180655475619504 0.27186654643823266 0.4212629896083134 0.27862939585211904 0.4324540367705836
0 0.4143372407574391 0.4748201438848921 0.4278629395852119 0.4828137490007994 0.43056807935076646 0.4788169464428457 0.4310189359783589 0.4684252597921663 0.42560865644724977 0.46203037569944044 0.4147880973850316 0.45483613109512394 0.41073038773669973 0.4556354916067146 0.40712353471596036 0.460431654676259 0.40667267808836793 0.4668265387689848 0.4143372407574391 0.4748201438848921
0 0.32642019837691616 0.6610711430855316 0.3345356176735798 0.6658673061550759 0.33904418394950403 0.6626698641087131 0.3431018935978359 0.6498800959232613 0.34265103697024346 0.6418864908073542 0.33949504057709645 0.6354916067146283 0.32506762849413884 0.6235011990407675 0.3205590622182146 0.6266986410871304 0.3169522091974752 0.6410871302957634 0.3169522091974752 0.6506794564348523 0.32642019837691616 0.6610711430855316
0 0.7272317403065826 0.6338928856914469 0.7308385933273219 0.6346922462030377 0.7321911632100992 0.6322941646682655 0.7371505861136158 0.6147082334132695 0.7371505861136158 0.5915267785771383 0.7168620378719567 0.5723421262989609 0.7132551848512173 0.5715427657873702 0.7091974752028855 0.5755395683453238 0.7060414788097384 0.5827338129496403 0.7051397655545536 0.5915267785771383 0.7028854824165914 0.5971223021582733 0.7028854824165914 0.6091127098321344 0.7272317403065826 0.6338928856914469
0 0.8638412984670875 0.7689848121502798 0.8742110009017132 0.7753796962430056 0.890892696122633 0.7937649880095924 0.8967538322813345 0.7929656274980017 0.8994589720468892 0.7865707434052758 0.8999098286744815 0.7777777777777778 0.8985572587917042 0.7721822541966427 0.8872858431018936 0.7609912070343725 0.8669972948602345 0.7498001598721024 0.8642921550946799 0.7505995203836932 0.8624887285843102 0.7561950439648283 0.8620378719567178 0.762589928057554 0.8638412984670875 0.7689848121502798
0 0.4161406672678088 0.8601119104716227 0.4224526600541028 0.8673061550759393 0.4323715058611362 0.8705035971223022 0.43778178539224527 0.859312549960032 0.43733092876465285 0.8481215027977619 0.43192064923354373 0.8369304556354917 0.42155094679891797 0.832933653077538 0.41568981064021643 0.8441247002398081 0.4147880973850316 0.8553157474020784 0.4161406672678088 0.8601119104716227
0 0.8214607754733995 0.36530775379696245 0.830477908025248 0.37010391686650684 0.8593327321911632 0.37729816147082335 0.8624887285843102 0.36930455635491605 0.8624887285843102 0.35651478816946447 0.8584310189359784 0.35091926458832934 0.827321911632101 0.34532374100719426 0.824165915238954 0.3469224620303757 0.8205590622182147 0.3557154276578737 0.8201082055906221 0.3629096722621903 0.8214607754733995 0.36530775379696245
0 0.5284039675383229 0.4860111910471623 0.5365193868349865 0.48920863309352525 0.5405770964833183 0.4828137490007994 0.5401262398557259 0.4708233413269384 0.5365193868349865 0.46522781774580335 0.5270513976555455 0.4596322941646683 0.5238954012623985 0.46442845723421267 0.5225428313796213 0.4772182254196643 0.5284039675383229 0.4860111910471623
0 0.4806131650135257 0.09912070343725021 0.4977457168620379 0.11270983213429257 0.5022542831379622 0.10551558752997602 0.5130748422001803 0.07354116706634693 0.5139765554553652 0.06634692246203039 0.5126239855725879 0.05915267785771383 0.5049594229035167 0.04636290967226219 0.4945897204688909 0.036770583533173466 0.4905320108205591 0.03597122302158274 0.47790802524797116 0.08553157474020784 0.47745716862037874 0.09192645883293366 0.4806131650135257 0.09912070343725021
0 0.9684400360685302 0.2478017585931255 0.9864743011722273 0.25099920063948844 0.9918845807033364 0.25099920063948844 0.9959422903516681 0.2478017585931255 0.9972948602344455 0.24220623501199043 0.9972948602344455 0.2222222222222222 0.9963931469792606 0.21422861710631497 0.9927862939585211 0.20623501199040767 0.9878268710550046 0.2030375699440448 0.9797114517583408 0.2030375699440448 0.9666366095581606 0.20623501199040767 0.9652840396753832 0.21023181454836132 0.9657348963029756 0.2414068745003997 0.9684400360685302 0.2478017585931255
0 0.6776375112714157 0.7162270183852918 0.6871055004508567 0.7178257394084733 0.6961226330027052 0.7282174260591526 0.7096483318304779 0.7362110311750599 0.7132551848512173 0.7354116706634692 0.7150586113615871 0.7306155075939249 0.7168620378719567 0.7234212629896084 0.715960324616772 0.7170263788968825 0.7069431920649234 0.7066346922462031 0.6839495040577097 0.6906474820143885 0.6816952209197475 0.6906474820143885 0.6785392245266005 0.695443645083933 0.6762849413886385 0.709832134292566 0.6776375112714157 0.7162270183852918
0 0.7010820559062219 0.9872102318145485 0.7123534715960325 0.9992006394884093 0.7285843101893598 0.9992006394884093 0.7294860234445446 0.9904076738609113 0.7240757439134355 0.9808153477218226 0.706492335437331 0.9656274980015987 0.7028854824165914 0.9672262190247802 0.7015329125338142 0.9728217426059154 0.700180342651037 0.9832134292565947 0.7010820559062219 0.9872102318145485
0 0.5148782687105501 0.4740207833733014 0.5207394048692516 0.4748201438848921 0.5247971145175834 0.4596322941646683 0.5238954012623985 0.45483613109512394 0.5171325518485121 0.44844124700239807 0.5117222723174031 0.44844124700239807 0.5103697024346258 0.4532374100719425 0.5094679891794409 0.4668265387689848 0.5148782687105501 0.4740207833733014
0 0.4138863841298467 0.018385291766586733 0.42425608656447256 0.02717825739408473 0.4287646528403968 0.024780175859312553 0.436429215509468 0.001598721023181455 0.41118124436429215 0 0.41073038773669973 0.007993605115907274 0.4138863841298467 0.018385291766586733
0 0.5040577096483319 0.5683453237410072 0.5081154192966637 0.5651478816946442 0.5135256988277728 0.5443645083932854 0.5130748422001803 0.5387689848121503 0.5108205590622182 0.533972821742606 0.49504057709648336 0.5155875299760192 0.49098286744815145 0.5163868904876099 0.48737601442741213 0.5211830535571543 0.4837691614066727 0.5395683453237411 0.4842200180342651 0.5507593924860112 0.5040577096483319 0.5683453237410072
0 0.5982867448151488 0.18145483613109514 0.6194770063119928 0.19744204636290968 0.6230838593327321 0.19824140687450043 0.6266907123534716 0.19264588329336532 0.6284941388638413 0.18225419664268586 0.628043282236249 0.16786570743405277 0.6262398557258791 0.16147082334132695 0.6226330027051398 0.1574740207833733 0.5982867448151488 0.13908872901678657 0.5946798917944094 0.14228617106314947 0.5915238954012624 0.15987210231814547 0.5915238954012624 0.17346123101518784 0.5982867448151488 0.18145483613109514
0 0.6568981064021642 0.9704236610711432 0.6830477908025249 0.9952038369304558 0.6889089269612263 0.9976019184652279 0.6929666366095582 0.9960031974420465 0.694770063119928 0.9816147082334133 0.6943192064923354 0.973621103117506 0.6925157799819658 0.9704236610711432 0.675834084761046 0.9616306954436452 0.6681695220919748 0.9488409272581935 0.6609558160504959 0.9424460431654678 0.6573489630297565 0.9424460431654678 0.6541929666366095 0.9512390087929657 0.6537421100090172 0.9624300559552359 0.6568981064021642 0.9704236610711432
0 0.3097385031559964 0.8145483613109513 0.3133453561767358 0.8217426059152678 0.32191163210099194 0.8289368505195844 0.327321911632101 0.8209432454036771 0.33588818755635713 0.815347721822542 0.34265103697024346 0.7945643485211831 0.3462578899909829 0.7753796962430056 0.34355275022542836 0.7681854516386891 0.3268710550045086 0.756994404476419 0.32416591523895405 0.7593924860111911 0.3137962128043282 0.7889688249400479 0.3097385031559964 0.806554756195044 0.3097385031559964 0.8145483613109513