0 0.3174030658250676 0.9992006394884093 0.3183047790802525 0.9960031974420465 0.31875563570784493 0.9808153477218226 0.3169522091974752 0.973621103117506 0.2957619477006312 0.9696243005595524 0.2921550946798918 0.973621103117506 0.2912533814247069 0.9784172661870505 0.2912533814247069 0.9992006394884093 0.3174030658250676 0.9992006394884093
0 0.27141568981064024 0.78017585931255 0.28268710550045084 0.7857713828936851 0.284941388638413 0.7793764988009593 0.284941388638413 0.7681854516386891 0.28268710550045084 0.7585931254996003 0.2795311091073039 0.7561950439648283 0.2723174030658251 0.7561950439648283 0.27051397655545534 0.7585931254996003 0.27006311992786297 0.7745803357314149 0.27141568981064024 0.78017585931255
0 0.35888187556357076 0.8577138289368506 0.3823264201983769 0.862509992006395 0.38818755635707847 0.859312549960032 0.38863841298467083 0.8473221422861711 0.3850315599639315 0.8401278976818546 0.3674481514878269 0.8369304556354917 0.35843101893597834 0.8369304556354917 0.35662759242560865 0.8401278976818546 0.35617673579801623 0.8497202238209433 0.35888187556357076 0.8577138289368506
0 0.6564472497745717 0.5699440447641887 0.6708746618575293 0.5723421262989609 0.675834084761046 0.5707434052757794 0.6771866546438233 0.5523581135091926 0.674932371505861 0.5411670663469225 0.6722272317403066 0.5355715427657874 0.6596032461677187 0.5347721822541966 0.6564472497745717 0.5387689848121503 0.6555455365193867 0.5435651478816946 0.654643823264202 0.5651478816946442 0.6564472497745717 0.5699440447641887
0 0.799819657348963 0.9088729016786572 0.8070333633904418 0.9080735411670664 0.8119927862939585 0.9008792965627499 0.8074842200180342 0.8960831334932055 0.7984670874661858 0.8960831334932055 0.7975653742110009 0.9040767386091128 0.799819657348963 0.9088729016786572
0 0.5987376014427412 0.43804956035171866 0.60595130748422 0.4356514788169465 0.6077547339945897 0.40447641886490815 0.6055004508566276 0.39568345323741005 0.5937781785392245 0.39568345323741005 0.5838593327321911 0.3924860111910472 0.5807033363390443 0.39728217426059154 0.5811541929666366 0.4356514788169465 0.5987376014427412 0.43804956035171866
0 0.03651938683498648 0.5563549160671463 0.045536519386834985 0.5595523581135092 0.05049594229035167 0.5595523581135092 0.05229936880072138 0.5571542765787371 0.05365193868349865 0.5491606714628298 0.05320108205590622 0.5315747402078338 0.05049594229035167 0.5291766586730615 0.04147880973850316 0.5291766586730615 0.03606853020739405 0.5315747402078338 0.03291253381424707 0.5371702637889688 0.032461677186654644 0.5451638689048761 0.03651938683498648 0.5563549160671463
0 0.4463480613165014 0.21023181454836132 0.4679891794409378 0.2126298960831335 0.47024346257889993 0.2094324540367706 0.4711451758340848 0.1918465227817746 0.47024346257889993 0.1838529176658673 0.46844003606853024 0.1806554756195044 0.45897204688908927 0.1774580335731415 0.4472497745716862 0.18145483613109514 0.4454463480613165 0.18465227817745802 0.4449954914337241 0.2006394884092726 0.4463480613165014 0.21023181454836132
0 0.4481514878268711 0.16706634692246206 0.4670874661857529 0.16946442845723422 0.4715960324616772 0.16706634692246206 0.47475202885482415 0.16067146282973624 0.47249774571686204 0.15267785771382894 0.4688908926961226 0.1510791366906475 0.45356176735798015 0.14788169464428458 0.4481514878268711 0.14788169464428458 0.4454463480613165 0.1510791366906475 0.4454463480613165 0.16466826538768983 0.4481514878268711 0.16706634692246206
0 0.9179440937781785 0.4012789768185452 0.9350766456266908 0.40527577937649883 0.9400360685302074 0.40527577937649883 0.9422903516681695 0.4028776978417266 0.9427412082957619 0.3820943245403677 0.9386834986474301 0.37250199840127896 0.9174932371505862 0.37250199840127896 0.9138863841298467 0.37809752198241414 0.9138863841298467 0.3932853717026379 0.9179440937781785 0.4012789768185452
0 0.9098286744815148 0.5635491606714629 0.9134355275022543 0.5691446842525979 0.9522091974752029 0.5739408473221423 0.9571686203787195 0.5739408473221423 0.9598737601442742 0.5699440447641887 0.9594229035166817 0.5595523581135092 0.95536519386835 0.5555555555555556 0.9111812443642923 0.5515587529976019 0.9098286744815148 0.5539568345323741 0.9098286744815148 0.5635491606714629
0 0.3863841298467087 0.8984812150279777 0.3990081154192967 0.9000799360511591 0.40171325518485124 0.897681854516387 0.4008115419296664 0.8824940047961631 0.38863841298467083 0.8784972022382095 0.3850315599639315 0.8816946442845724 0.38458070333633904 0.8936850519584333 0.3863841298467087 0.8984812150279777
0 0.37781785392245265 0.5051958433253397 0.38773669972948605 0.5059952038369305 0.39089269612263305 0.5027977617905676 0.3913435527502254 0.4924060751398881 0.3890892696122633 0.4852118305355716 0.3818755635707845 0.4836131095123901 0.37691614066726786 0.4860111910471623 0.37601442741208296 0.5011990407673861 0.37781785392245265 0.5051958433253397
0 0.25293056807935077 0.7026378896882494 0.26916140667267807 0.7034372501998403 0.27006311992786297 0.701039168665068 0.27006311992786297 0.689048760991207 0.2678088367899008 0.6858513189448442 0.2556357078449053 0.6874500399680257 0.2515779981965735 0.6914468425259792 0.2515779981965735 0.7002398081534772 0.25293056807935077 0.7026378896882494
0 0.26825969341749323 0.1366906474820144 0.29531109107303877 0.14228617106314947 0.3002705139765554 0.1398880895283773 0.3007213706041479 0.12230215827338131 0.2971145175834085 0.11750599520383694 0.2844905320108206 0.1135091926458833 0.2709648331830478 0.1135091926458833 0.2673579801623084 0.1167066346922462 0.2660054102795311 0.1278976818545164 0.26825969341749323 0.1366906474820144
0 0.38548241659152394 0.7274180655475619 0.40171325518485124 0.7290167865707434 0.40712353471596036 0.7266187050359713 0.40577096483318303 0.7170263788968825 0.40171325518485124 0.7138289368505196 0.38322813345356177 0.7138289368505196 0.3823264201983769 0.7226219024780176 0.38548241659152394 0.7274180655475619
0 0.8097385031559965 0.809752198241407 0.8174030658250677 0.8169464428457234 0.8291253381424708 0.8177458033573143 0.8345356176735799 0.82414068745004 0.8363390441839494 0.8233413269384493 0.8381424706943192 0.8201438848920864 0.8394950405770965 0.7905675459632294 0.8327321911632102 0.7601918465227818 0.8282236248872858 0.756994404476419 0.8137962128043282 0.756994404476419 0.8097385031559965 0.7609912070343725 0.8083859332732191 0.7705835331734613 0.8065825067628495 0.797761790567546 0.8097385031559965 0.809752198241407
0 0.5703336339044184 0.5195843325339728 0.6005410279531108 0.5227817745803358 0.6032461677186655 0.5187849720223822 0.5987376014427412 0.5115907274180655 0.5784490532010821 0.5083932853717026 0.5671776375112715 0.5091926458832934 0.5658250676284942 0.5147881694644285 0.5703336339044184 0.5195843325339728
0 0.39404869251577995 0.16706634692246206 0.41118124436429215 0.17186250999200642 0.42155094679891797 0.17186250999200642 0.42335437330928766 0.16866506794564348 0.42560865644724977 0.14708233413269386 0.42290351668169524 0.13908872901678657 0.4053201082055906 0.13509192645883294 0.39224526600541026 0.1366906474820144 0.39224526600541026 0.16067146282973624 0.39404869251577995 0.16706634692246206
0 0.8165013525698828 0.017585931254996006 0.8223624887285843 0.019984012789768184 0.8295761947700632 0.019184652278177457 0.833633904418395 0.01278976818545164 0.8408476104598738 0.016786570743405275 0.8489630297565375 0.016786570743405275 0.8530207394048693 0.011990407673860913 0.8548241659152389 0.001598721023181455 0.8151487826871056 0 0.8146979260595131 0.007993605115907274 0.8165013525698828 0.017585931254996006
0 0.03381424706943192 0.8745003996802558 0.03922452660054102 0.8729016786570745 0.04147880973850316 0.8697042366107114 0.04192966636609558 0.8521183053557154 0.03967538322813345 0.8409272581934453 0.032461677186654644 0.8345323741007195 0.027502254283137965 0.8337330135891287 0.02254283137962128 0.8353317346123101 0.021190261496844002 0.8425259792166268 0.02164111812443643 0.8737010391686652 0.03381424706943192 0.8745003996802558
0 0.39404869251577995 0.5883293365307755 0.41073038773669973 0.5899280575539568 0.4161406672678088 0.586730615507594 0.415238954012624 0.5803357314148682 0.4098286744815149 0.577937649880096 0.39224526600541026 0.5763389288569145 0.3904418394950406 0.5795363709032775 0.3904418394950406 0.5859312549960032 0.39404869251577995 0.5883293365307755
0 0.025247971145175834 0.4132693844924061 0.03651938683498648 0.41486810551558756 0.03832281334535618 0.41247002398081534 0.03877366997294861 0.3932853717026379 0.0369702434625789 0.3876898481215028 0.02614968440036069 0.38609112709832133 0.023895401262398558 0.390087929656275 0.023444544634806132 0.4084732214228617 0.025247971145175834 0.4132693844924061
0 0.8990081154192966 0.6818545163868905 0.9057709648331831 0.6858513189448442 0.9138863841298467 0.6850519584332534 0.9152389540126239 0.6786570743405277 0.9147880973850315 0.6442845723421263 0.9111812443642923 0.6394884092725819 0.9008115419296664 0.6378896882494005 0.897204688908927 0.645083932853717 0.897204688908927 0.6690647482014389 0.8990081154192966 0.6818545163868905
0 0.5707844905320109 0.7785771382893686 0.5919747520288549 0.7817745803357314 0.594229035166817 0.7761790567545964 0.5933273219116322 0.7681854516386891 0.5901713255184852 0.765787370103917 0.5820559062218215 0.7649880095923263 0.5757439134355276 0.7609912070343725 0.569882777276826 0.7609912070343725 0.5680793507664563 0.7649880095923263 0.5685302073940487 0.7761790567545964 0.5707844905320109 0.7785771382893686
0 0.9400360685302074 0.5883293365307755 0.9413886384129847 0.5907274180655476 0.9517583408476105 0.5931254996003198 0.9594229035166817 0.5915267785771383 0.9589720468890893 0.5803357314148682 0.957619477006312 0.5771382893685052 0.9413886384129847 0.5755395683453238 0.9400360685302074 0.577937649880096 0.9400360685302074 0.5883293365307755
0 0.5491433724075744 0.8840927258193446 0.5820559062218215 0.885691446842526 0.5838593327321911 0.8832933653077538 0.5838593327321911 0.8729016786570745 0.5811541929666366 0.8697042366107114 0.5468890892696122 0.8673061550759393 0.5464382326420198 0.8776978417266187 0.5491433724075744 0.8840927258193446
0 0.3827772768259694 0.689048760991207 0.4075743913435528 0.6906474820143885 0.4116321009918846 0.689048760991207 0.412082957619477 0.6858513189448442 0.412082957619477 0.6818545163868905 0.40802524797114514 0.6778577138289369 0.3800721370604148 0.6770583533173462 0.37917042380523 0.6866506794564349 0.3827772768259694 0.689048760991207
0 0.9869251577998197 0.060751398880895285 0.9995491433724076 0.060751398880895285 0.9995491433724076 0.02797761790567546 0.9819657348963029 0.023181454836131096 0.9801623083859333 0.02557953637090328 0.9797114517583408 0.03357314148681055 0.9797114517583408 0.05355715427657874 0.9869251577998197 0.060751398880895285
0 0.3976555455365194 0.5075939248601119 0.4044183949504058 0.5075939248601119 0.40667267808836793 0.5051958433253397 0.40622182146077546 0.486810551558753 0.4044183949504058 0.48201438848920863 0.39404869251577995 0.48121502797761795 0.39224526600541026 0.4836131095123901 0.39224526600541026 0.5051958433253397 0.3976555455365194 0.5075939248601119
0 0.4675383228133454 0.10311750599520383 0.5013525698827773 0.10791366906474821 0.5040577096483319 0.10231814548361312 0.5018034265103697 0.09672262190247803 0.496844003606853 0.09432454036770584 0.4670874661857529 0.0903277378097522 0.4634806131650135 0.09192645883293366 0.46393146979260597 0.09992006394884093 0.4675383228133454 0.10311750599520383
0 0.12218214607754734 0.4060751398880896 0.13210099188458072 0.4060751398880896 0.13706041478809738 0.4020783373301359 0.13660955816050496 0.39408473221422863 0.13345356176735798 0.3828936850519585 0.1266907123534716 0.38049560351718625 0.11947700631199279 0.3836930455635492 0.11902614968440037 0.3892885691446843 0.12218214607754734 0.4060751398880896
0 0.6911632100991884 0.5683453237410072 0.6934174932371506 0.5707434052757794 0.7132551848512173 0.5707434052757794 0.7146077547339945 0.5667466027178258 0.7146077547339945 0.5371702637889688 0.7132551848512173 0.5283772981614708 0.7037871956717764 0.5235811350919265 0.6925157799819658 0.5235811350919265 0.6893597835888188 0.5267785771382895 0.6893597835888188 0.5555555555555556 0.6911632100991884 0.5683453237410072
0 0.4008115419296664 0.31095123900879296 0.41794409377817854 0.31254996003197444 0.42515779981965734 0.3181454836131095 0.4278629395852119 0.31414868105515587 0.4287646528403968 0.293365307753797 0.42560865644724977 0.2869704236610712 0.4188458070333634 0.28457234212629895 0.40171325518485124 0.28457234212629895 0.3976555455365194 0.28936850519584334 0.3976555455365194 0.30055955235811355 0.4008115419296664 0.31095123900879296
0 0.4328223624887286 0.8832933653077538 0.43507664562669074 0.8872901678657075 0.4499549143372408 0.8896882494004797 0.4526600541027953 0.8864908073541167 0.4522091974752029 0.8800959232613909 0.4499549143372408 0.8776978417266187 0.4346257889990983 0.8760991207034373 0.4328223624887286 0.8792965627498002 0.4328223624887286 0.8832933653077538
0 0.9247069431920649 0.7410071942446044 0.9422903516681695 0.7434052757793765 0.9454463480613166 0.7386091127098321 0.9454463480613166 0.7338129496402878 0.9427412082957619 0.7298161470823342 0.926961226330027 0.7258193445243806 0.9215509467989179 0.7290167865707434 0.9215509467989179 0.7378097521982414 0.9247069431920649 0.7410071942446044
0 0.4292155094679892 0.8673061550759393 0.445897204688909 0.8705035971223022 0.45311091073038773 0.8689048760991207 0.45311091073038773 0.8617106314948043 0.4508566275924256 0.859312549960032 0.436429215509468 0.8585131894484412 0.4296663660955816 0.8545163868904877 0.4247069431920649 0.8545163868904877 0.42335437330928766 0.8569144684252599 0.42290351668169524 0.862509992006395 0.4292155094679892 0.8673061550759393
0 0.2633002705139766 0.5627498001598722 0.28088367899008115 0.5667466027178258 0.28539224526600543 0.5635491606714629 0.28539224526600543 0.5499600319744204 0.28313796212804326 0.5435651478816946 0.2723174030658251 0.5403677058353318 0.2623985572587917 0.5411670663469225 0.26149684400360684 0.5571542765787371 0.2633002705139766 0.5627498001598722
0 0.03967538322813345 0.6027178257394085 0.05049594229035167 0.6003197442046363 0.05184851217312895 0.5875299760191847 0.04959422903516681 0.577937649880096 0.03291253381424707 0.5763389288569145 0.031109107303877368 0.5795363709032775 0.031559963931469794 0.6011191047162271 0.03967538322813345 0.6027178257394085
0 0.8268710550045085 0.3876898481215028 0.8494138863841298 0.39168665067945646 0.8624887285843102 0.3980815347721823 0.8715058611361587 0.39728217426059154 0.872858431018936 0.37969624300559557 0.8688007213706042 0.3629096722621903 0.8552750225428314 0.3581135091926459 0.8494138863841298 0.3525179856115108 0.8363390441839494 0.34852118305355717 0.827321911632101 0.3469224620303757 0.8246167718665464 0.3501199040767386 0.824165915238954 0.38049560351718625 0.8268710550045085 0.3876898481215028
0 0 0.10871302957633892 0.005861136158701533 0.10951239008792966 0.008566275924256087 0.1047162270183853 0.009017132551848512 0.07274180655475619 0.007664562669071236 0.06874500399680256 0.002254283137962128 0.06794564348521183 0 0.06874500399680256 0 0.10871302957633892
0 0.5676284941388638 0.7545963229416467 0.584761045987376 0.7593924860111911 0.5897204688908927 0.7593924860111911 0.5919747520288549 0.756994404476419 0.5924256086564473 0.7474020783373301 0.5901713255184852 0.7434052757793765 0.573038773669973 0.7394084732214229 0.5662759242560865 0.7410071942446044 0.5658250676284942 0.7498001598721024 0.5676284941388638 0.7545963229416467
0 0.9409377817853922 0.5139888089528377 0.9458972046889089 0.5147881694644285 0.963931469792606 0.49880095923261397 0.9675383228133454 0.4948041566746603 0.9684400360685302 0.4908073541167067 0.9657348963029756 0.4836131095123901 0.9598737601442742 0.4828137490007994 0.9463480613165013 0.495603517186251 0.939585211902615 0.5059952038369305 0.9391343552750226 0.5107913669064749 0.9409377817853922 0.5139888089528377
0 0.09017132551848513 0.9648281374900081 0.09422903516681697 0.9680255795363709 0.1073038773669973 0.9672262190247802 0.10685302073940486 0.947242206235012 0.08746618575293057 0.947242206235012 0.087917042380523 0.959232613908873 0.09017132551848513 0.9648281374900081
0 0.8002705139765555 0.8896882494004797 0.8214607754733995 0.8912869704236611 0.8246167718665464 0.8832933653077538 0.8214607754733995 0.8784972022382095 0.8101893597835889 0.8760991207034373 0.799819657348963 0.8776978417266187 0.7989179440937783 0.885691446842526 0.8002705139765555 0.8896882494004797
0 0.6573489630297565 0.7865707434052758 0.6605049594229035 0.7897681854516387 0.6988277727682598 0.7985611510791367 0.703336339044184 0.7921662669864108 0.7046889089269612 0.765787370103917 0.7028854824165914 0.7609912070343725 0.6934174932371506 0.7529976019184652 0.6681695220919748 0.7450039968025579 0.6614066726780884 0.7450039968025579 0.6573489630297565 0.7498001598721024 0.6564472497745717 0.7545963229416467 0.6559963931469793 0.78017585931255 0.6573489630297565 0.7865707434052758
0 0.9688908926961226 0.9992006394884093 0.9702434625789 0.9952038369304558 0.9706943192064924 0.9808153477218226 0.9657348963029756 0.9680255795363709 0.9355275022542832 0.9632294164668266 0.930117222723174 0.9680255795363709 0.9296663660955816 0.9992006394884093 0.9688908926961226 0.9992006394884093
0 0.2515779981965735 0.7242206235011991 0.25293056807935077 0.7266187050359713 0.2660054102795311 0.7266187050359713 0.26645626690712354 0.7162270183852918 0.26465284039675385 0.7114308553157473 0.25969341749323716 0.7090327737809753 0.2533814247069432 0.709832134292566 0.2515779981965735 0.7130295763389289 0.2515779981965735 0.7242206235011991
0 0.43913435527502254 0.542765787370104 0.4634806131650135 0.5467625899280576 0.4675383228133454 0.5443645083932854 0.46844003606853024 0.5283772981614708 0.4666366095581605 0.5235811350919265 0.4409377817853923 0.5211830535571543 0.4355275022542831 0.5227817745803358 0.43507664562669074 0.5355715427657874 0.43913435527502254 0.542765787370104
0 0.8926961226330028 0.011990407673860913 0.9062218214607755 0.01598721023181455 0.9120829576194771 0.014388489208633094 0.9125338142470695 0 0.8899909828674482 0 0.8899909828674482 0.007993605115907274 0.8926961226330028 0.011990407673860913
0 0.05500450856627593 0.01598721023181455 0.062218214607754736 0.019184652278177457 0.07123534715960325 0.018385291766586733 0.07168620378719567 0 0.05365193868349865 0 0.05320108205590622 0.011990407673860913 0.05500450856627593 0.01598721023181455
0 0.657799819657349 0.8992805755395684 0.6668169522091975 0.8968824940047961 0.6668169522091975 0.8792965627498002 0.6645626690712354 0.8673061550759393 0.6501352569882777 0.8633093525179857 0.6411181244364292 0.8649080735411672 0.6415689810640216 0.894484412470024 0.657799819657349 0.8992805755395684
0 0.2727682596934175 0.8145483613109513 0.28088367899008115 0.8145483613109513 0.28539224526600543 0.8105515587529977 0.2862939585211903 0.797761790567546 0.28268710550045084 0.7873701039168666 0.2655545536519387 0.7857713828936851 0.26375112714156895 0.7897681854516387 0.26375112714156895 0.8105515587529977 0.2727682596934175 0.8145483613109513
0 0.9310189359783588 0.6738609112709832 0.9355275022542832 0.6770583533173462 0.9427412082957619 0.6762589928057555 0.9440937781785392 0.6722621902478018 0.9427412082957619 0.6506794564348523 0.9359783588818756 0.645083932853717 0.9314697926059514 0.6458832933653078 0.9296663660955816 0.6490807354116707 0.9292155094679891 0.6586730615507593 0.9310189359783588 0.6738609112709832
0 0.8363390441839494 0.6690647482014389 0.8412984670874663 0.6714628297362111 0.8651938683498648 0.6714628297362111 0.863390441839495 0.6586730615507593 0.8593327321911632 0.6498800959232613 0.8480613165013525 0.6466826538768985 0.8340847610459874 0.6474820143884892 0.833633904418395 0.6626698641087131 0.8363390441839494 0.6690647482014389
0 0.8007213706041478 0.8697042366107114 0.8115419296663661 0.8729016786570745 0.8228133453561768 0.8721023181454837 0.8246167718665464 0.8697042366107114 0.825067628494139 0.8601119104716227 0.8237150586113616 0.8529176658673061 0.799819657348963 0.850519584332534 0.7989179440937783 0.862509992006395 0.8007213706041478 0.8697042366107114