0 0.5671776375112715 0.6818545163868905 0.5739404869251578 0.6882494004796164 0.5946798917944094 0.6898481215027978 0.5964833183047792 0.6866506794564349 0.5969341749323716 0.6730615507593926 0.5924256086564473 0.6674660271782575 0.5703336339044184 0.6634692246203038 0.5676284941388638 0.6650679456434853 0.5662759242560865 0.6690647482014389 0.5658250676284942 0.6770583533173462 0.5671776375112715 0.6818545163868905
0 0.6623083859332732 0.24860111910471622 0.6785392245266005 0.24940047961630699 0.6803426510369702 0.24380495603517185 0.6803426510369702 0.2278177458033573 0.6785392245266005 0.20783373301358915 0.675834084761046 0.19744204636290968 0.6717763751127143 0.1950439648281375 0.6641118124436429 0.19584332533972823 0.6609558160504959 0.19744204636290968 0.657799819657349 0.20463629096722624 0.657799819657349 0.24460431654676262 0.6623083859332732 0.24860111910471622
0 0.6564472497745717 0.12230215827338131 0.666366095581605 0.12709832134292565 0.6722272317403066 0.12629896083133493 0.6740306582506763 0.12150279776179057 0.6713255184851218 0.08872901678657075 0.6672678088367898 0.08553157474020784 0.657799819657349 0.08553157474020784 0.654643823264202 0.09272581934452438 0.6541929666366095 0.11031175059952039 0.6564472497745717 0.12230215827338131
0 0.6118124436429215 0.9992006394884093 0.6140667267808837 0.9816147082334133 0.6127141568981065 0.9728217426059154 0.6018935978358882 0.9728217426059154 0.5919747520288549 0.9656274980015987 0.5888187556357078 0.9704236610711432 0.5870153291253382 0.9992006394884093 0.6118124436429215 0.9992006394884093
0 0.366546438232642 0.3341326938449241 0.3800721370604148 0.3365307753796963 0.3859332732191163 0.33253397282174263 0.3868349864743012 0.32214228617106316 0.3836789900811542 0.3061550759392486 0.36834986474301173 0.3053557154276579 0.3656447249774572 0.30935251798561153 0.3651938683498648 0.32693844924060755 0.366546438232642 0.3341326938449241
0 0.9039675383228134 0.7521982414068745 0.9102795311091073 0.7498001598721024 0.9346257889990982 0.7521982414068745 0.9404869251577999 0.7498001598721024 0.9422903516681695 0.7450039968025579 0.9422903516681695 0.7362110311750599 0.9386834986474301 0.7242206235011991 0.9075743913435527 0.7210231814548362 0.9044183949504058 0.7226219024780176 0.900360685302074 0.7306155075939249 0.900360685302074 0.748201438848921 0.9039675383228134 0.7521982414068745
0 0.21415689810640218 0.46282973621103124 0.22768259693417492 0.4612310151878497 0.23354373309287646 0.4524380495603517 0.23264201983769162 0.43645083932853723 0.2290351668169522 0.4292565947242206 0.2168620378719567 0.43165467625899284 0.21325518485121733 0.4356514788169465 0.21145175834084762 0.44124700239808157 0.21100090171325517 0.4540367705835332 0.21415689810640218 0.46282973621103124
0 0.18034265103697025 0.16626698641087131 0.19972948602344456 0.16866506794564348 0.20198376916140667 0.16466826538768983 0.20288548241659152 0.1486810551558753 0.19972948602344456 0.14228617106314947 0.18169522091974755 0.13828936850519585 0.17808836789900812 0.14548361310951238 0.17808836789900812 0.16147082334132695 0.18034265103697025 0.16626698641087131
0 0.8764652840396754 0.12070343725019984 0.8926961226330028 0.12709832134292565 0.8976555455365194 0.12709832134292565 0.9021641118124436 0.12390087929656275 0.9026149684400361 0.10951239008792966 0.8990081154192966 0.09832134292565947 0.8827772768259693 0.09352517985611512 0.8764652840396754 0.09432454036770584 0.8751127141568981 0.09832134292565947 0.8746618575293057 0.1135091926458833 0.8764652840396754 0.12070343725019984
0 0.5960324616771866 0.6514788169464429 0.602795311091073 0.6514788169464429 0.6055004508566276 0.6410871302957634 0.6045987376014428 0.6099120703437251 0.6009918845807034 0.6067146282973622 0.5924256086564473 0.6075139888089529 0.5919747520288549 0.6474820143884892 0.5960324616771866 0.6514788169464429
0 0.3467087466185753 0.07753796962430057 0.36834986474301173 0.07753796962430057 0.369702434625789 0.05755395683453238 0.3674481514878269 0.04716227018385292 0.35843101893597834 0.04476418864908074 0.345356176735798 0.04636290967226219 0.34445446348061315 0.06634692246203039 0.3467087466185753 0.07753796962430057
0 0.4197475202885482 0.7985611510791367 0.42425608656447256 0.8025579536370904 0.45671776375112716 0.8025579536370904 0.45671776375112716 0.7745803357314149 0.4522091974752029 0.7673860911270984 0.4206492335437331 0.7641886490807354 0.41794409377817854 0.7649880095923263 0.4174932371505861 0.7681854516386891 0.4174932371505861 0.7929656274980017 0.4197475202885482 0.7985611510791367
0 0.8899909828674482 0.059952038369304565 0.9080252479711453 0.059952038369304565 0.9084761045987376 0.04396482813749002 0.9057709648331831 0.036770583533173466 0.89404869251578 0.0319744204636291 0.888638412984671 0.032773780975219824 0.8877366997294861 0.03597122302158274 0.8872858431018936 0.04716227018385292 0.8899909828674482 0.059952038369304565
0 0.5775473399458972 0.06474820143884892 0.5865644724977458 0.0639488409272582 0.5883678990081154 0.04636290967226219 0.587917042380523 0.02158273381294964 0.5838593327321911 0.018385291766586733 0.5784490532010821 0.018385291766586733 0.5752930568079351 0.02238209432454037 0.5734896302975654 0.0319744204636291 0.5739404869251578 0.059952038369304565 0.5775473399458972 0.06474820143884892
0 0.25022542831379624 0.22621902478017586 0.2723174030658251 0.22861710631494805 0.27547339945897203 0.2238209432454037 0.27682596934174936 0.19904076738609114 0.27412082957619477 0.18864908073541167 0.26645626690712354 0.18465227817745802 0.26194770063119927 0.17905675459632295 0.25473399458972046 0.1774580335731415 0.25067628494138866 0.17985611510791366 0.2484220018034265 0.19264588329336532 0.2479711451758341 0.21742605915267785 0.25022542831379624 0.22621902478017586
0 0.8588818755635708 0.8385291766586731 0.8823264201983769 0.8401278976818546 0.8841298467087467 0.8377298161470824 0.8841298467087467 0.8305355715427658 0.8814247069431921 0.827338129496403 0.8588818755635708 0.8249400479616307 0.8557258791704238 0.8281374900079936 0.8557258791704238 0.8345323741007195 0.8588818755635708 0.8385291766586731
0 0.5081154192966637 0.4156674660271783 0.5103697024346258 0.42845723421262993 0.5144274120829576 0.43165467625899284 0.5207394048692516 0.43165467625899284 0.5252479711451759 0.42845723421262993 0.5270513976555455 0.4004796163069545 0.5234445446348062 0.3892885691446843 0.5184851217312895 0.381294964028777 0.5130748422001803 0.3788968824940048 0.5049594229035167 0.3788968824940048 0.5009017132551848 0.3828936850519585 0.5009017132551848 0.407673860911271 0.5081154192966637 0.4156674660271783
0 0.9138863841298467 0.45643485211830537 0.9206492335437331 0.4588329336530776 0.9260595130748422 0.45643485211830537 0.926961226330027 0.4452438049560352 0.9256086564472498 0.44124700239808157 0.9170423805229937 0.4396482813749001 0.9125338142470695 0.442845723421263 0.9120829576194771 0.44844124700239807 0.9138863841298467 0.45643485211830537
0 0.7245266005410279 0.5203836930455635 0.7272317403065826 0.5227817745803358 0.7385031559963932 0.5227817745803358 0.7421100090171326 0.5195843325339728 0.7434625788999099 0.5067945643485212 0.7434625788999099 0.4948041566746603 0.7421100090171326 0.4924060751398881 0.7258791704238052 0.48840927258193445 0.7236248872858432 0.48920863309352525 0.7227231740306583 0.4932054356514788 0.7222723174030657 0.513189448441247 0.7245266005410279 0.5203836930455635
0 0.5279531109107304 0.9808153477218226 0.5378719567177638 0.9840127897681855 0.542380522993688 0.9800159872102319 0.5437330928764653 0.9624300559552359 0.5419296663660956 0.9568345323741008 0.5284039675383229 0.9560351718625101 0.5252479711451759 0.959232613908873 0.5252479711451759 0.973621103117506 0.5279531109107304 0.9808153477218226
0 0.9296663660955816 0.6506794564348523 0.9314697926059514 0.6522781774580336 0.9472497745716862 0.6538768984812151 0.9499549143372408 0.64828137490008 0.9508566275924257 0.6290967226219025 0.9486023444544635 0.6250999200639489 0.9386834986474301 0.6227018385291766 0.9314697926059514 0.627498001598721 0.9287646528403968 0.6330935251798562 0.9283137962128044 0.6442845723421263 0.9296663660955816 0.6506794564348523
0 0.2551848512173129 0.2829736211031175 0.2750225428313796 0.2877697841726619 0.2772768259693417 0.28617106314948043 0.2781785392245266 0.2613908872901679 0.27592425608656446 0.25259792166266987 0.2723174030658251 0.2501998401278977 0.2583408476104599 0.24940047961630699 0.2551848512173129 0.2517985611510791 0.2538322813345356 0.2565947242206235 0.2533814247069432 0.27817745803357313 0.2551848512173129 0.2829736211031175
0 0.6199278629395851 0.6490807354116707 0.6375112714156899 0.6514788169464429 0.6406672678088369 0.64828137490008 0.6406672678088369 0.6322941646682655 0.6375112714156899 0.6051159072741806 0.630297565374211 0.6011191047162271 0.6226330027051398 0.6019184652278178 0.6181244364292156 0.6139088729016786 0.6172227231740307 0.6338928856914469 0.6199278629395851 0.6490807354116707
0 0.46077547339945896 0.03996802557953637 0.4643823264201984 0.04316546762589928 0.47971145175834085 0.04716227018385292 0.4842200180342651 0.04716227018385292 0.4855725879170424 0.04476418864908074 0.48692515779981965 0.03996802557953637 0.48647430117222723 0.02238209432454037 0.4842200180342651 0.010391686650679457 0.47294860234445446 0.003996802557953637 0.45897204688908927 0.004796163069544364 0.45852119026149685 0.030375699440447643 0.46077547339945896 0.03996802557953637
0 0.9323715058611362 0.3733013589128697 0.9359783588818756 0.37729816147082335 0.9495040577096483 0.37809752198241414 0.9522091974752029 0.3493205435651479 0.9495040577096483 0.33013589128697046 0.9467989179440939 0.32454036770583533 0.9427412082957619 0.32214228617106316 0.9355275022542832 0.3205435651478817 0.9310189359783588 0.32454036770583533 0.9310189359783588 0.36370903277378097 0.9323715058611362 0.3733013589128697
0 0.8412984670874663 0.7953637090327739 0.8588818755635708 0.7969624300559552 0.8624887285843102 0.7937649880095924 0.8624887285843102 0.7689848121502798 0.8422001803426511 0.7641886490807354 0.8394950405770965 0.7681854516386891 0.8390441839495041 0.7897681854516387 0.8412984670874663 0.7953637090327739
0 0.5671776375112715 0.4932054356514788 0.5703336339044184 0.49880095923261397 0.5888187556357078 0.5019984012789769 0.5928764652840397 0.49720223820943243 0.6100090171325518 0.4948041566746603 0.6145175834084761 0.4908073541167067 0.6131650135256989 0.4684252597921663 0.609107303877367 0.46282973621103124 0.5716862037871957 0.4596322941646683 0.5685302073940487 0.4612310151878497 0.5662759242560865 0.469224620303757 0.5653742110009017 0.4804156674660272 0.5671776375112715 0.4932054356514788
0 0.6122633002705139 0.827338129496403 0.6257889990982868 0.8305355715427658 0.6339044183949504 0.8305355715427658 0.6357078449053201 0.827338129496403 0.6361587015329125 0.8017585931254997 0.6339044183949504 0.7929656274980017 0.6158701532912535 0.7889688249400479 0.6122633002705139 0.7945643485211831 0.6109107303877367 0.8017585931254997 0.6104598737601443 0.818545163868905 0.6122633002705139 0.827338129496403
0 0.7060414788097384 0.8489208633093526 0.7204688908926962 0.8529176658673061 0.7303877366997296 0.8529176658673061 0.7335437330928765 0.8489208633093526 0.7344454463480614 0.8081534772182254 0.7321911632100992 0.800959232613909 0.7132551848512173 0.7985611510791367 0.706492335437331 0.7993605115907274 0.7037871956717764 0.8041566746602719 0.703336339044184 0.8401278976818546 0.7060414788097384 0.8489208633093526
0 0.6050495942290353 0.1334932054356515 0.623985572587917 0.1342925659472422 0.6253381424706943 0.13029576338928858 0.6262398557258791 0.1111111111111111 0.623985572587917 0.07753796962430057 0.6181244364292156 0.07434052757793765 0.6014427412082958 0.07354116706634693 0.5982867448151488 0.0783373301358913 0.5991884580703336 0.12949640287769784 0.6050495942290353 0.1334932054356515
0 0.7308385933273219 0.6227018385291766 0.7398557258791705 0.6195043964828137 0.7398557258791705 0.6139088729016786 0.7321911632100992 0.60431654676259 0.7267808836789902 0.6035171862509993 0.7231740306582507 0.6067146282973622 0.7240757439134355 0.6203037569944045 0.7308385933273219 0.6227018385291766
0 0.6023444544634806 0.05435651478816946 0.6158701532912535 0.05675459632294165 0.6212804328223626 0.05355715427657874 0.6212804328223626 0.0407673860911271 0.6181244364292156 0.02238209432454037 0.6100090171325518 0.019984012789768184 0.5987376014427412 0.020783373301358914 0.6000901713255185 0.04476418864908074 0.6023444544634806 0.05435651478816946
0 0.3106402164111813 0.5611510791366906 0.32191163210099194 0.5627498001598722 0.3237150586113616 0.5603517186250999 0.32551848512173126 0.5475619504396483 0.32461677186654647 0.5315747402078338 0.3106402164111813 0.525179856115108 0.29981965734896304 0.5347721822541966 0.3002705139765554 0.548361310951239 0.3106402164111813 0.5611510791366906
0 0.8660955816050496 0.3597122302158273 0.8692515779981966 0.36211031175059955 0.8773669972948602 0.36211031175059955 0.8791704238052299 0.35891286970423664 0.8796212804328223 0.3477218225419665 0.8764652840396754 0.33812949640287776 0.8669972948602345 0.33573141486810554 0.8642921550946799 0.33892885691446845 0.8638412984670875 0.3525179856115108 0.8660955816050496 0.3597122302158273
0 0.7353471596032463 0.4668265387689848 0.7547339945897205 0.4708233413269384 0.7569882777276826 0.4676258992805756 0.7578899909828674 0.4596322941646683 0.7565374211000901 0.44124700239808157 0.7547339945897205 0.4348521183053557 0.7339945897204688 0.43165467625899284 0.7321911632100992 0.43645083932853723 0.7317403065825068 0.44604316546762596 0.7353471596032463 0.4668265387689848
0 0.7448151487826871 0.5003996802557954 0.7511271415689811 0.49960031974420466 0.7538322813345357 0.4940047961630696 0.7569882777276826 0.47322142286171065 0.7520288548241659 0.47002398081534774 0.7430117222723175 0.47002398081534774 0.7430117222723175 0.4948041566746603 0.7448151487826871 0.5003996802557954
0 0.7272317403065826 0.06314948041566747 0.729936880072137 0.06554756195043965 0.7389540126239856 0.06474820143884892 0.7457168620378719 0.06794564348521183 0.7633002705139765 0.06954436450839328 0.770063119927863 0.06794564348521183 0.7727682596934174 0.059952038369304565 0.7727682596934174 0.05275779376498801 0.7705139765554554 0.04476418864908074 0.7655545536519388 0.04156674660271783 0.7457168620378719 0.03836930455635491 0.7339945897204688 0.03916866506794565 0.7267808836789902 0.04396482813749002 0.7249774571686204 0.04796163069544365 0.7249774571686204 0.05675459632294165 0.7272317403065826 0.06314948041566747
0 0.8733092876465285 0.5187849720223822 0.8904418394950405 0.5243804956035172 0.8976555455365194 0.5211830535571543 0.8985572587917042 0.5035971223021583 0.8976555455365194 0.49720223820943243 0.8954012623985572 0.4940047961630696 0.8769161406672679 0.48840927258193445 0.872858431018936 0.48920863309352525 0.871956717763751 0.49160671462829736 0.8715058611361587 0.5059952038369305 0.8733092876465285 0.5187849720223822