0 0.6681695220919748 0.9536370903277379 0.672678088367899 0.9552358113509193 0.6798917944093779 0.9536370903277379 0.6844003606853021 0.9160671462829737 0.666366095581605 0.9104716227018386 0.6641118124436429 0.9128697042366107 0.6623083859332732 0.9216626698641087 0.6645626690712354 0.9488409272581935 0.6681695220919748 0.9536370903277379
0 0.2966636609558161 0.5139888089528377 0.30477908025247974 0.5115907274180655 0.30522993688007216 0.47242206235011996 0.30883678990081154 0.4636290967226219 0.3106402164111813 0.4508393285371703 0.3119927862939585 0.40527577937649883 0.31018935978358886 0.4004796163069545 0.30613165013525695 0.3996802557953637 0.29486023444544635 0.40367705835331735 0.2935076645626691 0.4060751398880896 0.2889990982867448 0.46442845723421267 0.2889990982867448 0.5067945643485212 0.2966636609558161 0.5139888089528377
0 0.16952209197475201 0.9992006394884093 0.1898106402164112 0.9992006394884093 0.19071235347159604 0.9776179056754596 0.18710550045085664 0.9616306954436452 0.17493237150586113 0.9536370903277379 0.172678088367899 0.9560351718625101 0.1704238052299369 0.9656274980015987 0.16816952209197475 0.9880095923261392 0.16952209197475201 0.9992006394884093
0 0.25428313796212804 0.5107913669064749 0.2551848512173129 0.5331734612310152 0.2569882777276826 0.5395683453237411 0.2655545536519387 0.5435651478816946 0.2822362488728584 0.5411670663469225 0.2844905320108206 0.5347721822541966 0.28764652840396754 0.5083932853717026 0.28809738503155996 0.4596322941646683 0.2894499549143373 0.44604316546762596 0.2903516681695221 0.39728217426059154 0.2862939585211903 0.38848920863309355 0.2813345356176736 0.38609112709832133 0.2687105500450857 0.38609112709832133 0.26149684400360684 0.3892885691446843 0.25924256086564473 0.3932853717026379 0.2560865644724978 0.44844124700239807 0.2560865644724978 0.49000799360511593 0.25428313796212804 0.5107913669064749
0 0.3660955816050496 0.5539568345323741 0.38097385031559966 0.5539568345323741 0.3841298467087466 0.5491606714628298 0.3872858431018936 0.5323741007194245 0.3890892696122633 0.49880095923261397 0.38818755635707847 0.4852118305355716 0.39179440937781784 0.4572342126298961 0.39179440937781784 0.43165467625899284 0.3935978358881876 0.42286171063149486 0.39269612263300274 0.4180655475619504 0.38773669972948605 0.4140687450039968 0.37376014427412085 0.4108713029576339 0.3692515779981966 0.4140687450039968 0.3647430117222723 0.4396482813749001 0.36158701532912535 0.4788169464428457 0.357980162308386 0.5467625899280576 0.3660955816050496 0.5539568345323741
0 0.6055004508566276 0.5795363709032775 0.6194770063119928 0.5787370103916867 0.6230838593327321 0.5763389288569145 0.627141568981064 0.5539568345323741 0.6284941388638413 0.5299760191846523 0.6275924256086564 0.5107913669064749 0.633453561767358 0.4772182254196643 0.6348061316501352 0.44844124700239807 0.6316501352569882 0.4452438049560352 0.6050495942290353 0.43804956035171866 0.6018935978358882 0.4476418864908074 0.5969341749323716 0.5027977617905676 0.5982867448151488 0.574740207833733 0.6055004508566276 0.5795363709032775
0 0.23083859332732193 0.9048760991207034 0.23805229936880073 0.9080735411670664 0.2583408476104599 0.9072741806554757 0.2587917042380523 0.8912869704236611 0.2560865644724978 0.8872901678657075 0.24752028854824168 0.8864908073541167 0.24346257889990983 0.8792965627498002 0.22948602344454463 0.8784972022382095 0.22678088367899008 0.8808952837729817 0.22678088367899008 0.8960831334932055 0.23083859332732193 0.9048760991207034
0 0.33047790802524796 0.5579536370903277 0.3331830477908025 0.5635491606714629 0.3376916140667268 0.5667466027178258 0.3489630297565374 0.5675459632294165 0.3525698827772768 0.5651478816946442 0.3557258791704238 0.5563549160671463 0.35978358881875566 0.5171862509992007 0.3606853020739405 0.48121502797761795 0.3629395852119026 0.4676258992805756 0.36384129846708746 0.4420463629096723 0.3669972948602344 0.42046362909672264 0.3660955816050496 0.41247002398081534 0.35662759242560865 0.4020783373301359 0.345356176735798 0.4012789768185452 0.3412984670874662 0.4092725819344525 0.3363390441839495 0.4940047961630696 0.33047790802524796 0.5579536370903277
0 0.3440036068530208 0.9224620303756994 0.366546438232642 0.9248601119104717 0.3692515779981966 0.9216626698641087 0.369702434625789 0.9040767386091128 0.3660955816050496 0.8936850519584333 0.3503155996393147 0.8904876099120704 0.3440036068530208 0.8920863309352519 0.3417493237150586 0.8960831334932055 0.3412984670874662 0.9144684252597922 0.3440036068530208 0.9224620303756994
0 0.5383228133453561 0.5195843325339728 0.5428313796212805 0.521982414068745 0.5410279531109107 0.5283772981614708 0.5347159603246168 0.5307753796962431 0.5342651036970244 0.5355715427657874 0.5396753832281335 0.5443645083932854 0.560414788097385 0.542765787370104 0.563570784490532 0.5363709032773781 0.5640216411181245 0.5243804956035172 0.5626690712353472 0.5187849720223822 0.5640216411181245 0.5163868904876099 0.5662759242560865 0.49160671462829736 0.5622182146077548 0.47322142286171065 0.563570784490532 0.45803357314148685 0.5572587917042381 0.4508393285371703 0.5504959422903517 0.44844124700239807 0.539224526600541 0.4532374100719425 0.5369702434625789 0.46203037569944044 0.5333633904418394 0.5123900879296562 0.5383228133453561 0.5195843325339728
0 0.6541929666366095 0.6059152677857713 0.6587015329125337 0.6075139888089529 0.669522091974752 0.5971223021582733 0.6717763751127143 0.5915267785771383 0.672678088367899 0.5763389288569145 0.675834084761046 0.5603517186250999 0.675834084761046 0.5411670663469225 0.6794409377817855 0.5067945643485212 0.6789900811541929 0.49720223820943243 0.6762849413886385 0.4924060751398881 0.6677186654643824 0.48920863309352525 0.6645626690712354 0.48920863309352525 0.6632100991884582 0.49160671462829736 0.6600541027953112 0.5107913669064749 0.6573489630297565 0.5451638689048761 0.6550946798917944 0.5555555555555556 0.65238954012624 0.6011191047162271 0.6541929666366095 0.6059152677857713