0 0.8999098286744815 0.4772182254196643 0.9030658250676284 0.504396482813749 0.9066726780883679 0.5139888089528377 0.9129846708746618 0.5195843325339728 0.9170423805229937 0.5467625899280576 0.9183949504057709 0.5491606714628298 0.9233543733092877 0.5491606714628298 0.9454463480613166 0.5411670663469225 0.9472497745716862 0.5355715427657874 0.9467989179440939 0.5283772981614708 0.9355275022542832 0.4444444444444444 0.9319206492335438 0.4396482813749001 0.9161406672678089 0.4444444444444444 0.9093778178539225 0.4420463629096723 0.897204688908927 0.44364508393285373 0.8967538322813345 0.46282973621103124 0.8999098286744815 0.4772182254196643
0 0.15058611361587015 0.31015187849720227 0.15734896302975654 0.32214228617106316 0.20333633904418397 0.3317346123101519 0.21055004508566277 0.3309352517985612 0.21325518485121733 0.32773780975219824 0.21415689810640218 0.29576338928856916 0.21325518485121733 0.28936850519584334 0.21009918845807032 0.28617106314948043 0.15599639314697925 0.2765787370103917 0.1510369702434626 0.2765787370103917 0.1492335437330929 0.2789768185451639 0.14878268710550044 0.30375699440447645 0.15058611361587015 0.31015187849720227
0 0.023444544634806132 0.862509992006395 0.05004508566275924 0.8497202238209433 0.05049594229035167 0.841726618705036 0.05004508566275924 0.8385291766586731 0.045536519386834985 0.8369304556354917 0.019837691614066726 0.8489208633093526 0.019837691614066726 0.8577138289368506 0.023444544634806132 0.862509992006395
0 0.025247971145175834 0.8928856914468426 0.04057709648331831 0.8872901678657075 0.04328223624887286 0.8832933653077538 0.04283137962128043 0.8776978417266187 0.03922452660054102 0.8745003996802558 0.03291253381424707 0.8745003996802558 0.023444544634806132 0.8808952837729817 0.023444544634806132 0.8904876099120704 0.025247971145175834 0.8928856914468426
0 0.8593327321911632 0.3764988009592326 0.8624887285843102 0.38848920863309355 0.8660955816050496 0.3908872901678657 0.8863841298467088 0.3828936850519585 0.8958521190261496 0.36930455635491605 0.9111812443642923 0.3557154276578737 0.9287646528403968 0.3501199040767386 0.9314697926059514 0.3445243804956035 0.9314697926059514 0.3365307753796963 0.9287646528403968 0.31414868105515587 0.9215509467989179 0.3133493205435652 0.8958521190261496 0.3213429256594725 0.8656447249774571 0.3365307753796963 0.8552750225428314 0.3445243804956035 0.8548241659152389 0.3501199040767386 0.8593327321911632 0.3764988009592326
0 0.25969341749323716 0.30375699440447645 0.26465284039675385 0.3429256594724221 0.26916140667267807 0.3597122302158273 0.2732191163210099 0.3605115907274181 0.28313796212804326 0.35411670663469225 0.2889990982867448 0.3469224620303757 0.2975653742110009 0.34612310151878495 0.30928764652840396 0.33812949640287776 0.31018935978358886 0.3317346123101519 0.30883678990081154 0.3133493205435652 0.3034265103697024 0.27817745803357313 0.2989179440937782 0.2557953637090328 0.2939585211902615 0.24380495603517185 0.28313796212804326 0.24380495603517185 0.2678088367899008 0.2541966426858513 0.25293056807935077 0.2677857713828937 0.25293056807935077 0.27737809752198245 0.25969341749323716 0.30375699440447645
0 0.9778088367899009 0.4986530775379697 0.9778088367899009 0.4835211830535571 0.9721460775473398 0.4835211830535571 0.9721460775473398 0.4986530775379697 0.9778088367899009 0.4986530775379697
0 0.9908498647430116 0.495771382893685 0.9908498647430116 0.4803117505995204 0.9866253381424707 0.4803117505995204 0.9866253381424707 0.495771382893685 0.9908498647430116 0.495771382893685
0 0.9847452660054102 0.4971662669864109 0.9847452660054102 0.48083533173461235 0.9788074842200181 0.48083533173461235 0.9788074842200181 0.4971662669864109 0.9847452660054102 0.4971662669864109
0 0.9770063119927863 0.5331734612310152 0.993688007213706 0.5291766586730615 0.9927862939585211 0.5147881694644285 0.9909828674481516 0.5115907274180655 0.9738503155996393 0.5139888089528377 0.9747520288548243 0.5291766586730615 0.9770063119927863 0.5331734612310152
0 0.024797114517583405 0.8745003996802558 0.05229936880072138 0.862509992006395 0.05004508566275924 0.8513189448441247 0.02254283137962128 0.8601119104716227 0.02164111812443643 0.8697042366107114 0.024797114517583405 0.8745003996802558