0 0.8110910730387737 0.5595523581135092 0.8205590622182147 0.5611510791366906 0.8237150586113616 0.5571542765787371 0.8237150586113616 0.5499600319744204 0.8210099188458071 0.5443645083932854 0.8133453561767359 0.5435651478816946 0.8101893597835889 0.5467625899280576 0.8097385031559965 0.5571542765787371 0.8110910730387737 0.5595523581135092
0 0.8620378719567178 0.3525179856115108 0.8688007213706042 0.3557154276578737 0.8791704238052299 0.35651478816946447 0.8872858431018936 0.35651478816946447 0.8913435527502254 0.3525179856115108 0.8913435527502254 0.33812949640287776 0.8881875563570785 0.3341326938449241 0.863390441839495 0.32933653077537967 0.8588818755635708 0.3317346123101519 0.8584310189359784 0.34612310151878495 0.8620378719567178 0.3525179856115108
0 0.7930568079350766 0.9040767386091128 0.7975653742110009 0.9056754596322941 0.8110910730387737 0.897681854516387 0.8110910730387737 0.8776978417266187 0.805229936880072 0.8457234212629897 0.799819657348963 0.8425259792166268 0.7858431018935979 0.850519584332534 0.7853922452660055 0.8601119104716227 0.7930568079350766 0.9040767386091128
0 0.8214607754733995 0.5403677058353318 0.8282236248872858 0.5435651478816946 0.8354373309287646 0.5395683453237411 0.8354373309287646 0.5347721822541966 0.8313796212804329 0.5235811350919265 0.8264201983769162 0.5211830535571543 0.8210099188458071 0.5227817745803358 0.8201082055906221 0.5363709032773781 0.8214607754733995 0.5403677058353318
0 0.5108205590622182 0.8617106314948043 0.5225428313796213 0.8633093525179857 0.5279531109107304 0.8673061550759393 0.5360685302073941 0.8673061550759393 0.5396753832281335 0.859312549960032 0.5396753832281335 0.8441247002398081 0.5360685302073941 0.8369304556354917 0.5148782687105501 0.8345323741007195 0.5099188458070334 0.8377298161470824 0.5081154192966637 0.8441247002398081 0.5076645626690712 0.8577138289368506 0.5108205590622182 0.8617106314948043
0 0.8656447249774571 0.6842525979216627 0.876014427412083 0.6866506794564349 0.8827772768259693 0.6850519584332534 0.8827772768259693 0.6754596322941646 0.8809738503155997 0.6730615507593926 0.8642921550946799 0.6722621902478018 0.8629395852119026 0.6762589928057555 0.8656447249774571 0.6842525979216627
0 0.7209197475202885 0.5555555555555556 0.7353471596032463 0.5611510791366906 0.7457168620378719 0.5587529976019185 0.7470694319206492 0.5499600319744204 0.7470694319206492 0.5291766586730615 0.7448151487826871 0.521982414068745 0.733092876465284 0.5179856115107914 0.7191163210099188 0.5195843325339728 0.7186654643823265 0.5451638689048761 0.7209197475202885 0.5555555555555556
0 0.2944093778178539 0.3733013589128697 0.3065825067628494 0.37250199840127896 0.3056807935076645 0.35891286970423664 0.2939585211902615 0.3581135091926459 0.29305680793507666 0.36370903277378097 0.2944093778178539 0.3733013589128697
0 0.8097385031559965 0.6994404476418865 0.8223624887285843 0.7034372501998403 0.8282236248872858 0.7018385291766587 0.8291253381424708 0.6818545163868905 0.827321911632101 0.6786570743405277 0.8192064923354373 0.6762589928057555 0.809287646528404 0.6770583533173462 0.8083859332732191 0.6914468425259792 0.8097385031559965 0.6994404476418865
0 0.4008115419296664 0.3908872901678657 0.4030658250676285 0.39408473221422863 0.42560865644724977 0.39488409272581937 0.42741208295761945 0.390087929656275 0.4260595130748422 0.3844924060751399 0.42200180342651034 0.3820943245403677 0.40216411181244366 0.381294964028777 0.4008115419296664 0.3836930455635492 0.4008115419296664 0.3908872901678657
0 0.9535617673579802 0.6986410871302958 0.967087466185753 0.6994404476418865 0.9706943192064924 0.6962430055955237 0.9706943192064924 0.689048760991207 0.9688908926961226 0.6866506794564349 0.9513074842200181 0.6866506794564349 0.9508566275924257 0.695443645083933 0.9535617673579802 0.6986410871302958
0 0.6064021641118125 0.8209432454036771 0.6194770063119928 0.8209432454036771 0.6194770063119928 0.8137490007993605 0.6163210099188459 0.8081534772182254 0.609107303877367 0.806554756195044 0.6050495942290353 0.809752198241407 0.6045987376014428 0.8177458033573143 0.6064021641118125 0.8209432454036771
0 0.5766456266907123 0.9272581934452439 0.5924256086564473 0.929656274980016 0.5951307484220018 0.9264588329336532 0.5946798917944094 0.9184652278177459 0.587917042380523 0.9104716227018386 0.5779981965734896 0.9088729016786572 0.5757439134355276 0.9112709832134293 0.5748422001803427 0.9232613908872902 0.5766456266907123 0.9272581934452439
0 0.6230838593327321 0.8409272581934453 0.6230838593327321 0.8353317346123101 0.6208295761947701 0.8305355715427658 0.6127141568981065 0.8297362110311751 0.6104598737601443 0.8321342925659473 0.6109107303877367 0.841726618705036 0.6230838593327321 0.8409272581934453
0 0.5500450856627592 0.6682653876898482 0.5712353471596032 0.6690647482014389 0.5743913435527502 0.6618705035971224 0.5743913435527502 0.6562749800159873 0.5712353471596032 0.6474820143884892 0.5464382326420198 0.645083932853717 0.545536519386835 0.6578737010391686 0.5500450856627592 0.6682653876898482
0 0.49323715058611367 0.8577138289368506 0.5049594229035167 0.8577138289368506 0.5076645626690712 0.8345323741007195 0.5076645626690712 0.8233413269384493 0.5054102795311091 0.8113509192645884 0.5013525698827773 0.8081534772182254 0.4945897204688909 0.8081534772182254 0.49098286744815145 0.8089528377298163 0.48872858431018934 0.8129496402877698 0.4891794409377818 0.8545163868904877 0.49323715058611367 0.8577138289368506
0 0.8552750225428314 0.6690647482014389 0.8818755635707846 0.6706634692246204 0.8836789900811541 0.6682653876898482 0.8836789900811541 0.6610711430855316 0.8805229936880072 0.657074340527578 0.8624887285843102 0.6538768984812151 0.8552750225428314 0.6538768984812151 0.8525698827772769 0.6562749800159873 0.8525698827772769 0.6634692246203038 0.8552750225428314 0.6690647482014389
0 0.6447249774571686 0.06794564348521183 0.6632100991884582 0.07114308553157474 0.6785392245266005 0.07034372501998402 0.7191163210099188 0.0783373301358913 0.7285843101893598 0.07753796962430057 0.7308385933273219 0.06954436450839328 0.7290351668169522 0.05115907274180656 0.7218214607754734 0.04636290967226219 0.6920649233543733 0.04396482813749002 0.6807935076645627 0.03836930455635491 0.6474301172227231 0.03756994404476419 0.6438232642019839 0.03836930455635491 0.6424706943192064 0.04156674660271783 0.6420198376916141 0.059952038369304565 0.6447249774571686 0.06794564348521183
0 0.539224526600541 0.9360511590727418 0.5464382326420198 0.9464428457234213 0.5504959422903517 0.947242206235012 0.5518485121731289 0.9416466826538769 0.5500450856627592 0.9352517985611511 0.5446348061316502 0.9272581934452439 0.5414788097385032 0.9280575539568345 0.539224526600541 0.9320543565147882 0.539224526600541 0.9360511590727418
0 0.5513976555455365 0.9304556354916067 0.5550045085662759 0.9320543565147882 0.5577096483318305 0.929656274980016 0.5568079350766456 0.9224620303756994 0.5509467989179441 0.91207034372502 0.5477908025247972 0.91207034372502 0.545536519386835 0.9168665067945644 0.5450856627592425 0.9216626698641087 0.5513976555455365 0.9304556354916067
0 0.2957619477006312 0.6282973621103117 0.3002705139765554 0.6314948041566747 0.3097385031559964 0.6298960831334932 0.31154192966636607 0.6051159072741806 0.3106402164111813 0.5963229416466826 0.30477908025247974 0.592326139088729 0.2984670874661858 0.592326139088729 0.2957619477006312 0.5947242206235012 0.29486023444544635 0.6003197442046363 0.2944093778178539 0.6155075939248602 0.2957619477006312 0.6282973621103117
0 0.8309287646528404 0.5643485211830536 0.8426510369702435 0.5643485211830536 0.8444544634806133 0.5603517186250999 0.8435527502254283 0.5515587529976019 0.8385933273219116 0.5475619504396483 0.8322813345356176 0.5507593924860112 0.8291253381424708 0.5555555555555556 0.8286744815148782 0.5603517186250999 0.8309287646528404 0.5643485211830536
0 0.69702434625789 0.6818545163868905 0.6992786293958522 0.6842525979216627 0.703336339044184 0.6818545163868905 0.7028854824165914 0.6738609112709832 0.6920649233543733 0.6554756195043965 0.6889089269612263 0.6522781774580336 0.6866546438232641 0.6538768984812151 0.6853020739404869 0.6602717825739409 0.69702434625789 0.6818545163868905
0 0.5883678990081154 0.6418864908073542 0.5906221821460775 0.6466826538768985 0.608205590622182 0.6490807354116707 0.6109107303877367 0.6474820143884892 0.6118124436429215 0.6227018385291766 0.6104598737601443 0.6187050359712231 0.594229035166817 0.6123101518784972 0.5874661857529305 0.6131095123900879 0.5870153291253382 0.6314948041566747 0.5883678990081154 0.6418864908073542
0 0.6311992786293958 0.9432454036770584 0.6505861136158702 0.9456434852118306 0.6528403967538323 0.9424460431654678 0.6528403967538323 0.9280575539568345 0.6505861136158702 0.9224620303756994 0.6352569882777277 0.9184652278177459 0.6293958521190262 0.9216626698641087 0.6289449954914338 0.9376498800959233 0.6311992786293958 0.9432454036770584
0 0.6704238052299368 0.6235011990407675 0.6866546438232641 0.6258992805755397 0.694770063119928 0.6258992805755397 0.6974752028854824 0.6235011990407675 0.69702434625789 0.6083133493205436 0.6943192064923354 0.6019184652278178 0.6681695220919748 0.5995203836930456 0.6681695220919748 0.6203037569944045 0.6704238052299368 0.6235011990407675
0 0.9810640216411182 0.7266187050359713 0.9896302975653742 0.7306155075939249 0.9995491433724076 0.7314148681055157 0.9995491433724076 0.6962430055955237 0.9824165915238955 0.6938449240607514 0.9801623083859333 0.6962430055955237 0.9797114517583408 0.7002398081534772 0.9792605951307485 0.7178257394084733 0.9810640216411182 0.7266187050359713