0 0.11136158701532912 0.7761790567545964 0.11677186654643823 0.7729816147082335 0.12308385933273219 0.7609912070343725 0.12308385933273219 0.753796962430056 0.1212804328223625 0.7474020783373301 0.11722272317403065 0.7402078337330137 0.11316501352569883 0.7370103916866507 0.10820559062218214 0.7402078337330137 0.1036970243462579 0.7545963229416467 0.10459873760144275 0.7681854516386891 0.11136158701532912 0.7761790567545964
0 0.07709648331830478 0.23101518784972022 0.08656447249774572 0.24220623501199043 0.09377817853922453 0.24620303756994405 0.09918845807033362 0.23741007194244604 0.1036970243462579 0.22062350119904078 0.10459873760144275 0.20863309352517986 0.0951307484220018 0.19584332533972823 0.08431018935978359 0.1894484412470024 0.08070333633904418 0.19344524380495606 0.0739404869251578 0.21422861710631497 0.07348963029756538 0.2238209432454037 0.07709648331830478 0.23101518784972022
0 0.027502254283137965 0.20863309352517986 0.03922452660054102 0.22062350119904078 0.045536519386834985 0.2222222222222222 0.05004508566275924 0.2126298960831335 0.0563570784490532 0.1894484412470024 0.05680793507664563 0.1774580335731415 0.05365193868349865 0.17186250999200642 0.03967538322813345 0.15987210231814547 0.035617673579801626 0.16386890487609912 0.028403967538322816 0.19104716227018384 0.02660054102795311 0.2006394884092726 0.027502254283137965 0.20863309352517986
0 0.806131650135257 0.08233413269384492 0.8223624887285843 0.09512390087929656 0.8300270513976555 0.09752198241406874 0.8412984670874663 0.07034372501998402 0.8422001803426511 0.05115907274180656 0.8385933273219116 0.03756994404476419 0.8313796212804329 0.03517186250999201 0.8210099188458071 0.02557953637090328 0.8174030658250677 0.024780175859312553 0.8142470694319207 0.02877697841726619 0.8025247971145176 0.059952038369304565 0.8020739404869252 0.07114308553157474 0.806131650135257 0.08233413269384492
0 0.16050495942290352 0.4852118305355716 0.17808836789900812 0.49960031974420466 0.1825969341749324 0.49880095923261397 0.18620378719567177 0.4940047961630696 0.18665464382326422 0.47322142286171065 0.18214607754733994 0.4660271782573941 0.16095581605049597 0.4540367705835332 0.15779981965734896 0.45483613109512394 0.15419296663660956 0.46522781774580335 0.15374211000901714 0.4772182254196643 0.16050495942290352 0.4852118305355716
0 0.900360685302074 0.6235011990407675 0.9211000901713255 0.6394884092725819 0.9256086564472498 0.6378896882494005 0.9265103697024346 0.6298960831334932 0.9229035166816953 0.6227018385291766 0.9053201082055906 0.6051159072741806 0.9012623985572588 0.60431654676259 0.8994589720468892 0.6083133493205436 0.8990081154192966 0.6179056754596324 0.900360685302074 0.6235011990407675
0 0.09963931469792607 0.011990407673860913 0.10595130748422002 0.02238209432454037 0.11541929666366096 0.030375699440447643 0.12082957619477007 0.031175059952038373 0.12353471596032461 0.02877697841726619 0.12623985572587917 0.01278976818545164 0.12623985572587917 0.005595523581135092 0.12443642921550947 0 0.1036970243462579 0 0.10009017132551848 0.004796163069544364 0.09873760144274121 0.007194244604316547 0.09963931469792607 0.011990407673860913
0 0.7610459873760144 0.21023181454836132 0.7723174030658251 0.21982414068745004 0.7786293958521191 0.22062350119904078 0.7813345356176735 0.19904076738609114 0.7871956717763752 0.17186250999200642 0.7853922452660055 0.1566746602717826 0.7808836789900812 0.15027977617905677 0.7723174030658251 0.14708233413269386 0.7633002705139765 0.1806554756195044 0.7569882777276826 0.19664268585131894 0.7569882777276826 0.2038369304556355 0.7610459873760144 0.21023181454836132
0 0.7989179440937783 0.4020783373301359 0.8070333633904418 0.41167066346922465 0.8187556357078449 0.42046362909672264 0.8214607754733995 0.42046362909672264 0.824165915238954 0.416466826538769 0.8286744815148782 0.39568345323741005 0.8277727682596934 0.3788968824940048 0.8101893597835889 0.3645083932853717 0.8038773669972948 0.3669064748201439 0.7975653742110009 0.3868904876099121 0.7962128043282236 0.39408473221422863 0.7989179440937783 0.4020783373301359
0 0.6429215509467989 0.16866506794564348 0.6451758340847611 0.1750599520383693 0.6505861136158702 0.17665867306155078 0.6559963931469793 0.16147082334132695 0.6573489630297565 0.1510791366906475 0.6559963931469793 0.14708233413269386 0.6510369702434625 0.14388489208633096 0.6483318304779081 0.14708233413269386 0.6429215509467989 0.16466826538768983 0.6429215509467989 0.16866506794564348
0 0.04283137962128043 0.3469224620303757 0.06086564472497746 0.36370903277378097 0.06762849413886383 0.36530775379696245 0.07123534715960325 0.35891286970423664 0.07123534715960325 0.3493205435651479 0.06943192064923355 0.3429256594724221 0.05184851217312895 0.3229416466826539 0.045536519386834985 0.32214228617106316 0.043733092876465283 0.32454036770583533 0.04147880973850316 0.3349320543565148 0.04102795311091073 0.34212629896083135 0.04283137962128043 0.3469224620303757
0 0.2096483318304779 0.5011990407673861 0.21190261496844004 0.5051958433253397 0.25428313796212804 0.5403677058353318 0.25969341749323716 0.5419664268585133 0.26284941388638416 0.5387689848121503 0.26465284039675385 0.5187849720223822 0.2623985572587917 0.49880095923261397 0.2587917042380523 0.4932054356514788 0.24752028854824168 0.48441247002398086 0.23534715960324618 0.4804156674660272 0.22407574391343554 0.47242206235011996 0.2164111812443643 0.4748201438848921 0.21235347159603246 0.4836131095123901 0.2096483318304779 0.4948041566746603 0.2096483318304779 0.5011990407673861
0 0.24481514878268712 0.39728217426059154 0.2777276825969342 0.4260591526778577 0.28268710550045084 0.4268585131894485 0.2862939585211903 0.4188649080735412 0.2885482416591524 0.407673860911271 0.2885482416591524 0.4020783373301359 0.2862939585211903 0.39728217426059154 0.2709648331830478 0.3892885691446843 0.25293056807935077 0.36930455635491605 0.2479711451758341 0.37010391686650684 0.242560865644725 0.3868904876099121 0.24211000901713256 0.3924860111910472 0.24481514878268712 0.39728217426059154
0 0.7813345356176735 0.4668265387689848 0.7822362488728585 0.4716227018385292 0.793507664562669 0.48201438848920863 0.7975653742110009 0.4828137490007994 0.8034265103697025 0.4676258992805756 0.80297565374211 0.4508393285371703 0.7993688007213706 0.442845723421263 0.7899008115419297 0.4348521183053557 0.7862939585211903 0.434052757793765 0.7840396753832282 0.44124700239808157 0.7840396753832282 0.4524380495603517 0.7813345356176735 0.4668265387689848
0 0.5477908025247972 0.2126298960831335 0.5577096483318305 0.22062350119904078 0.5608656447249775 0.21822541966426862 0.5644724977457168 0.2070343725019984 0.5653742110009017 0.1918465227817746 0.5599639314697926 0.18545163868904876 0.5527502254283138 0.1838529176658673 0.5491433724075744 0.18864908073541167 0.5459873760144275 0.2006394884092726 0.5459873760144275 0.2094324540367706 0.5477908025247972 0.2126298960831335
0 0.4688908926961226 0.03517186250999201 0.4806131650135257 0.04716227018385292 0.4837691614066727 0.04636290967226219 0.48782687105500455 0.036770583533173466 0.4891794409377818 0.019984012789768184 0.48737601442741213 0.011990407673860913 0.47745716862037874 0 0.4612263300270514 0 0.4580703336339044 0.01598721023181455 0.45852119026149685 0.02877697841726619 0.4688908926961226 0.03517186250999201
0 0.0721370604147881 0.7338129496402878 0.08836789900811542 0.7450039968025579 0.09107303877366997 0.7426059152677859 0.09648331830477908 0.7306155075939249 0.09738503155996393 0.7202238209432456 0.0951307484220018 0.709832134292566 0.09107303877366997 0.7026378896882494 0.08070333633904418 0.695443645083933 0.0757439134355275 0.6994404476418865 0.07078449053201082 0.7234212629896084 0.0703336339044184 0.7282174260591526 0.0721370604147881 0.7338129496402878
0 0.21415689810640218 0.3413269384492406 0.22948602344454463 0.3557154276578737 0.23354373309287646 0.3557154276578737 0.23534715960324618 0.3525179856115108 0.24165915238954014 0.3309352517985612 0.24165915238954014 0.3229416466826539 0.239404869251578 0.31414868105515587 0.23354373309287646 0.3069544364508393 0.22452660054102797 0.30055955235811355 0.22001803426510372 0.30295763389288566 0.215058611361587 0.32454036770583533 0.21325518485121733 0.3341326938449241 0.21415689810640218 0.3413269384492406
0 0.1018935978358882 0.2414068745003997 0.11181244364292155 0.2541966426858513 0.11632100991884581 0.2557953637090328 0.12308385933273219 0.2414068745003997 0.1266907123534716 0.2270183852917666 0.1266907123534716 0.2214228617106315 0.12263300270513977 0.21422861710631497 0.11632100991884581 0.20863309352517986 0.11181244364292155 0.20783373301358915 0.10459873760144275 0.21662669864108713 0.10099188458070334 0.2294164668265388 0.10054102795311091 0.23820943245403678 0.1018935978358882 0.2414068745003997
0 0.03787195671776375 0.13189448441247004 0.04328223624887286 0.14068745003996805 0.05275022542831379 0.1486810551558753 0.05680793507664563 0.14788169464428458 0.060414788097385035 0.14068745003996805 0.06627592425608657 0.11990407673860913 0.06447249774571685 0.1135091926458833 0.05590622182146077 0.10551558752997602 0.04959422903516681 0.09512390087929656 0.044634806131650134 0.09192645883293366 0.04057709648331831 0.09832134292565947 0.03606853020739405 0.11270983213429257 0.0351668169522092 0.12390087929656275 0.03787195671776375 0.13189448441247004
0 0.9224526600541028 0.6139088729016786 0.9341749323715058 0.6179056754596324 0.936429215509468 0.6155075939248602 0.9400360685302074 0.60431654676259 0.9409377817853922 0.5883293365307755 0.9368800721370605 0.5835331734612311 0.9278629395852119 0.5803357314148682 0.9247069431920649 0.5843325339728218 0.9215509467989179 0.5995203836930456 0.9206492335437331 0.6099120703437251 0.9224526600541028 0.6139088729016786
0 0.9057709648331831 0.5995203836930456 0.9111812443642923 0.60431654676259 0.9143372407574392 0.60431654676259 0.9188458070333634 0.5915267785771383 0.9215509467989179 0.577937649880096 0.9206492335437331 0.574740207833733 0.9147880973850315 0.565947242206235 0.9093778178539225 0.5627498001598722 0.9075743913435527 0.5643485211830536 0.9039675383228134 0.5771382893685052 0.903516681695221 0.592326139088729 0.9057709648331831 0.5995203836930456
0 0.059963931469792606 0.3149480415667466 0.08025247971145176 0.33253397282174263 0.08476104598737601 0.3317346123101519 0.08611361587015329 0.328537170263789 0.08881875563570783 0.31894484412470026 0.08881875563570783 0.3069544364508393 0.08476104598737601 0.293365307753797 0.07258791704238053 0.2829736211031175 0.06537421100090171 0.2805755395683453 0.060414788097385035 0.2829736211031175 0.0563570784490532 0.29176658673061556 0.05590622182146077 0.30295763389288566 0.059963931469792606 0.3149480415667466
0 0.30703336339044185 0.2533972821742606 0.3133453561767358 0.2613908872901679 0.32146077547339946 0.26458832933653076 0.32551848512173126 0.2613908872901679 0.3309287646528404 0.23421262989608316 0.3295761947700631 0.2278177458033573 0.32506762849413884 0.2222222222222222 0.3165013525698828 0.21902478017585933 0.3083859332732191 0.2414068745003997 0.3065825067628494 0.2478017585931255 0.30703336339044185 0.2533972821742606
0 0.6370604147880974 0.16626698641087131 0.6406672678088369 0.16147082334132695 0.6424706943192064 0.15267785771382894 0.6469792605951307 0.14388489208633096 0.6510369702434625 0.14388489208633096 0.639765554553652 0.13509192645883294 0.636609558160505 0.13828936850519585 0.6325518485121732 0.14948041566746603 0.6321009918845808 0.16466826538768983 0.6370604147880974 0.16626698641087131
0 0.11677186654643823 0.6898481215027978 0.12037871956717765 0.6930455635491607 0.1280432822362489 0.6946442845723421 0.13615870153291254 0.6754596322941646 0.13345356176735798 0.6586730615507593 0.12353471596032461 0.642685851318945 0.11722272317403065 0.642685851318945 0.1127141568981064 0.6602717825739409 0.11361587015329126 0.6818545163868905 0.11677186654643823 0.6898481215027978
0 0.729936880072137 0.8361310951239008 0.7344454463480614 0.8377298161470824 0.7366997294860235 0.8353317346123101 0.7389540126239856 0.8297362110311751 0.739404869251578 0.8113509192645884 0.7276825969341749 0.7993605115907274 0.7204688908926962 0.7969624300559552 0.7186654643823265 0.7993605115907274 0.7186654643823265 0.827338129496403 0.729936880072137 0.8361310951239008
0 0.29621280432822367 0.2478017585931255 0.3043282236248873 0.25099920063948844 0.3151487826871055 0.2621902478017586 0.32146077547339946 0.26458832933653076 0.32506762849413884 0.2621902478017586 0.3309287646528404 0.23101518784972022 0.3300270513976556 0.22621902478017586 0.32461677186654647 0.21902478017585933 0.3137962128043282 0.21183053557154277 0.3065825067628494 0.21023181454836132 0.30252479711451763 0.2126298960831335 0.2984670874661858 0.21902478017585933 0.2939585211902615 0.23820943245403678 0.2939585211902615 0.24300559552358114 0.29621280432822367 0.2478017585931255
0 0.19296663660955815 0.6051159072741806 0.2164111812443643 0.6258992805755397 0.2218214607754734 0.6235011990407675 0.22137060414788098 0.6163069544364509 0.21731289449954916 0.6115107913669064 0.19927862939585214 0.595523581135092 0.1934174932371506 0.595523581135092 0.19161406672678089 0.5987210231814549 0.19296663660955815 0.6051159072741806
0 0.6199278629395851 0.020783373301358914 0.6370604147880974 0.03597122302158274 0.6411181244364292 0.032773780975219824 0.6447249774571686 0.016786570743405275 0.6451758340847611 0.007194244604316547 0.6433724075743913 0 0.6217312894499549 0 0.6194770063119928 0.00639488409272582 0.6176735798016231 0.01598721023181455 0.6199278629395851 0.020783373301358914
0 0.19837691614066724 0.5883293365307755 0.20694319206492334 0.5931254996003198 0.2164111812443643 0.6027178257394085 0.2249774571686204 0.6027178257394085 0.2254283137962128 0.5987210231814549 0.2236248872858431 0.5947242206235012 0.20288548241659152 0.5763389288569145 0.19927862939585214 0.574740207833733 0.1952209197475203 0.577937649880096 0.1952209197475203 0.5851318944844125 0.19837691614066724 0.5883293365307755
0 0.8579801623083859 0.2685851318944844 0.8669972948602345 0.2765787370103917 0.871956717763751 0.27737809752198245 0.8746618575293057 0.2717825739408473 0.8746618575293057 0.26618705035971224 0.871956717763751 0.26059152677857716 0.8611361587015329 0.2549960031974421 0.8557258791704238 0.25739408473221426 0.8552750225428314 0.26298960831334933 0.8579801623083859 0.2685851318944844
0 0.05320108205590622 0.9288569144684253 0.05725879170423805 0.9336530775379696 0.07439134355275022 0.938449240607514 0.07889990982867448 0.9288569144684253 0.08205590622182146 0.9128697042366107 0.08656447249774572 0.8848920863309353 0.08521190261496844 0.8760991207034373 0.07123534715960325 0.8649080735411672 0.06266907123534717 0.8641087130295764 0.059062218214607755 0.86810551558753 0.05680793507664563 0.876898481215028 0.05229936880072138 0.9248601119104717 0.05320108205590622 0.9288569144684253
0 0.7412082957619477 0.4108713029576339 0.7457168620378719 0.4108713029576339 0.7493237150586113 0.4004796163069545 0.7484220018034266 0.3892885691446843 0.742560865644725 0.3820943245403677 0.7326420198376916 0.37729816147082335 0.7294860234445446 0.3868904876099121 0.7294860234445446 0.398880895283773 0.7412082957619477 0.4108713029576339
0 0.4008115419296664 0.019184652278177457 0.40847610459873757 0.023181454836131096 0.43192064923354373 0.04396482813749002 0.4359783588818755 0.04476418864908074 0.4409377817853923 0.03597122302158274 0.44138863841298465 0.026378896882494004 0.4310189359783589 0.017585931254996006 0.4287646528403968 0.011990407673860913 0.4287646528403968 0.003996802557953637 0.42651036970243467 0 0.39269612263300274 0 0.39269612263300274 0.007993605115907274 0.4008115419296664 0.019184652278177457
0 0.690712353471596 0.876898481215028 0.7168620378719567 0.8912869704236611 0.7200180342651037 0.8896882494004797 0.7236248872858432 0.8832933653077538 0.7276825969341749 0.8697042366107114 0.7272317403065826 0.8633093525179857 0.7236248872858432 0.8577138289368506 0.6997294860234445 0.8481215027977619 0.6943192064923354 0.8513189448441247 0.6889089269612263 0.8649080735411672 0.6884580703336339 0.8729016786570745 0.690712353471596 0.876898481215028
0 0.1600541027953111 0.031175059952038373 0.17538322813345356 0.04476418864908074 0.178990081154193 0.04476418864908074 0.18169522091974755 0.0407673860911271 0.18169522091974755 0.036770583533173466 0.178990081154193 0.032773780975219824 0.16140667267808836 0.017585931254996006 0.15779981965734896 0.018385291766586733 0.15734896302975654 0.02557953637090328 0.1600541027953111 0.031175059952038373
0 0.4044183949504058 0.381294964028777 0.40802524797114514 0.3836930455635492 0.4337240757439134 0.3677058353317346 0.4346257889990983 0.3629096722621903 0.4287646528403968 0.33253397282174263 0.4192966636609558 0.29416466826538773 0.4147880973850316 0.29256594724220625 0.3904418394950406 0.3077537969624301 0.3904418394950406 0.3237410071942446 0.4044183949504058 0.381294964028777
0 0.7326420198376916 0.595523581135092 0.75834084761046 0.6171063149480416 0.7614968440036068 0.6155075939248602 0.7660054102795312 0.6059152677857713 0.7687105500450856 0.5939248601119105 0.7660054102795312 0.5787370103916867 0.7628494138863842 0.5723421262989609 0.7511271415689811 0.5619504396482814 0.74165915238954 0.5571542765787371 0.7376014427412083 0.5595523581135092 0.733092876465284 0.5699440447641887 0.7312894499549144 0.586730615507594 0.7326420198376916 0.595523581135092
0 0.4463480613165014 0.1342925659472422 0.4661857529305681 0.15267785771382894 0.47069431920649235 0.15267785771382894 0.47339945897204694 0.14708233413269386 0.47700631199278626 0.12629896083133493 0.47520288548241657 0.11910471622701839 0.4711451758340848 0.11430855315747403 0.4499549143372408 0.09672262190247803 0.4454463480613165 0.09832134292565947 0.44229035166816955 0.11270983213429257 0.44229035166816955 0.12629896083133493 0.4463480613165014 0.1342925659472422
0 0.5734896302975654 0.13509192645883294 0.584761045987376 0.14548361310951238 0.5883678990081154 0.14548361310951238 0.5919747520288549 0.13908872901678657 0.5919747520288549 0.12949640287769784 0.5901713255184852 0.12470023980815349 0.5798016230838593 0.11430855315747403 0.5743913435527502 0.11430855315747403 0.5712353471596032 0.12390087929656275 0.5712353471596032 0.12949640287769784 0.5734896302975654 0.13509192645883294
0 0.7619477006311993 0.30935251798561153 0.7768259693417493 0.3213429256594725 0.7831379621280433 0.31974420463629094 0.7858431018935979 0.293365307753797 0.7826871055004508 0.2853717026378897 0.7623985572587918 0.2685851318944844 0.7601442741208296 0.27098321342925663 0.75834084761046 0.27817745803357313 0.7556357078449053 0.2949640287769784 0.7619477006311993 0.30935251798561153
0 0.6618575293056808 0.06794564348521183 0.6997294860234445 0.10071942446043165 0.7042380522993689 0.1015187849720224 0.7073940486925159 0.09752198241406874 0.7096483318304779 0.0903277378097522 0.7096483318304779 0.07593924860111911 0.7069431920649234 0.06634692246203039 0.6717763751127143 0.03517186250999201 0.6681695220919748 0.03357314148681055 0.6668169522091975 0.03597122302158274 0.6609558160504959 0.05675459632294165 0.6605049594229035 0.06474820143884892 0.6618575293056808 0.06794564348521183
0 0.1812443642921551 0.3932853717026379 0.19657348963029758 0.4060751398880896 0.20694319206492334 0.40687450039968026 0.22001803426510372 0.4140687450039968 0.22407574391343554 0.40527577937649883 0.22452660054102797 0.3836930455635492 0.21009918845807032 0.36850519584332536 0.1952209197475203 0.3605115907274181 0.18575293056807937 0.36530775379696245 0.18169522091974755 0.3749000799360512 0.17989179440937783 0.3868904876099121 0.1812443642921551 0.3932853717026379
0 0.10099188458070334 0.8936850519584333 0.11541929666366096 0.9048760991207034 0.11992786293958521 0.9024780175859313 0.13345356176735798 0.8561151079136692 0.13480613165013525 0.844924060751399 0.1339044183949504 0.8369304556354917 0.11947700631199279 0.8233413269384493 0.11677186654643823 0.8257394084732215 0.11316501352569883 0.8345323741007195 0.11361587015329126 0.8385291766586731 0.10595130748422002 0.8633093525179857 0.10144274120829576 0.8729016786570745 0.09963931469792607 0.8832933653077538 0.09918845807033362 0.8896882494004797 0.10099188458070334 0.8936850519584333
0 0.9806131650135257 0.24940047961630699 0.9945897204688909 0.2637889688249401 0.9995491433724076 0.26538768984812156 0.9995491433724076 0.2294164668265388 0.9909828674481516 0.21902478017585933 0.9842200180342651 0.22062350119904078 0.9801623083859333 0.2294164668265388 0.9792605951307485 0.23900879296562752 0.9806131650135257 0.24940047961630699
0 0.1564472497745717 0.049560351718625106 0.16816952209197475 0.059952038369304565 0.17222723174030657 0.0583533173461231 0.172678088367899 0.050359712230215826 0.16140667267808836 0.03836930455635491 0.15734896302975654 0.036770583533173466 0.15419296663660956 0.03996802557953637 0.15374211000901714 0.04636290967226219 0.1564472497745717 0.049560351718625106
0 0.7664562669071235 0.521982414068745 0.7750225428313796 0.5299760191846523 0.7795311091073039 0.5307753796962431 0.7826871055004508 0.5243804956035172 0.784941388638413 0.5139888089528377 0.7840396753832282 0.5019984012789769 0.7736699729486024 0.4932054356514788 0.7705139765554554 0.4932054356514788 0.7682596934174932 0.49880095923261397 0.7655545536519388 0.5147881694644285 0.7664562669071235 0.521982414068745
0 0.1406672678088368 0.7969624300559552 0.1568981064021641 0.809752198241407 0.1650135256988278 0.8049560351718625 0.17538322813345356 0.8105515587529977 0.18034265103697025 0.797761790567546 0.18034265103697025 0.7913669064748201 0.17673579801623085 0.7841726618705037 0.1496844003606853 0.7609912070343725 0.1460775473399459 0.7609912070343725 0.14382326420198377 0.7641886490807354 0.13976555455365194 0.7817745803357314 0.1388638412984671 0.7905675459632294 0.1406672678088368 0.7969624300559552