0 0.9179440937781785 0.17186250999200642 0.9211000901713255 0.1750599520383693 0.9256086564472498 0.1750599520383693 0.9314697926059514 0.17106314948041568 0.9359783588818756 0.15827338129496404 0.9350766456266908 0.14708233413269386 0.9296663660955816 0.14148681055155876 0.9220018034265104 0.14148681055155876 0.9174932371505862 0.15027977617905677 0.9165915238954013 0.16626698641087131 0.9179440937781785 0.17186250999200642
0 0.5631199278629396 0.7002398081534772 0.5716862037871957 0.7002398081534772 0.5757439134355276 0.695443645083933 0.5770964833183048 0.6850519584332534 0.5739404869251578 0.6714628297362111 0.5680793507664563 0.6658673061550759 0.5640216411181245 0.6650679456434853 0.560414788097385 0.6706634692246204 0.5572587917042381 0.6874500399680257 0.5572587917042381 0.6962430055955237 0.5631199278629396 0.7002398081534772
0 0.6474301172227231 0.4596322941646683 0.6510369702434625 0.460431654676259 0.6609558160504959 0.4716227018385292 0.6645626690712354 0.4708233413269384 0.6668169522091975 0.4668265387689848 0.669522091974752 0.4508393285371703 0.6659152389540126 0.4348521183053557 0.6596032461677187 0.42845723421262993 0.6514878268710551 0.4260591526778577 0.6474301172227231 0.4356514788169465 0.6465284039675383 0.4420463629096723 0.6456266907123535 0.45643485211830537 0.6474301172227231 0.4596322941646683
0 0 0.2621902478017586 0.00721370604147881 0.2637889688249401 0.011722272317403066 0.2549960031974421 0.013525698827772768 0.23741007194244604 0.012173128944995492 0.2334132693844924 0.0018034265103697026 0.22541966426858515 0 0.22541966426858515 0 0.2621902478017586
0 0.9756537421100091 0.13828936850519585 0.9909828674481516 0.15027977617905677 0.9941388638412986 0.15507593924860114 0.9995491433724076 0.14788169464428458 0.9995491433724076 0.14068745003996805 0.9977457168620378 0.1398880895283773 0.9963931469792606 0.13269384492406078 0.9837691614066727 0.1278976818545164 0.9806131650135257 0.12230215827338131 0.9774571686203787 0.12390087929656275 0.9743011722272317 0.13029576338928858 0.9738503155996393 0.1334932054356515 0.9756537421100091 0.13828936850519585
0 0.8678990081154194 0.6027178257394085 0.8796212804328223 0.6123101518784972 0.8841298467087467 0.6107114308553158 0.8868349864743011 0.6051159072741806 0.8868349864743011 0.5939248601119105 0.8850315599639315 0.5883293365307755 0.8706041478809738 0.5691446842525979 0.8629395852119026 0.565947242206235 0.8588818755635708 0.5723421262989609 0.8588818755635708 0.5891286970423661 0.8678990081154194 0.6027178257394085
0 0.5045085662759243 0.9840127897681855 0.5099188458070334 0.9848121502797762 0.5112714156898106 0.9768185451638689 0.5148782687105501 0.9712230215827339 0.5225428313796213 0.9728217426059154 0.5270513976555455 0.9680255795363709 0.5297565374211001 0.9632294164668266 0.5333633904418394 0.9464428457234213 0.5333633904418394 0.9408473221422862 0.5297565374211001 0.9304556354916067 0.521190261496844 0.9200639488409273 0.5157799819657348 0.9192645883293366 0.5013525698827773 0.9712230215827339 0.5018034265103697 0.9808153477218226 0.5045085662759243 0.9840127897681855
0 0.5689810640216412 0.49720223820943243 0.5743913435527502 0.5019984012789769 0.5829576194770063 0.5019984012789769 0.5861136158701533 0.4876099120703437 0.5856627592425608 0.47002398081534774 0.5820559062218215 0.46282973621103124 0.5743913435527502 0.4556354916067146 0.5703336339044184 0.45803357314148685 0.5680793507664563 0.469224620303757 0.5676284941388638 0.4924060751398881 0.5689810640216412 0.49720223820943243
0 0.5175834084761046 0.29096722621902477 0.5256988277727683 0.29896083133493206 0.5293056807935077 0.2973621103117506 0.5347159603246168 0.2765787370103917 0.5329125338142471 0.266986410871303 0.5288548241659152 0.2589928057553957 0.5220919747520288 0.25739408473221426 0.5180342651036971 0.2685851318944844 0.5157799819657348 0.2805755395683453 0.5175834084761046 0.29096722621902477
0 0.013976555455365193 0.4372501998401279 0.02073940486925158 0.44124700239808157 0.02614968440036069 0.4396482813749001 0.027953110910730387 0.42845723421262993 0.02614968440036069 0.42206235011990406 0.018935978358881875 0.4180655475619504 0.012173128944995492 0.42206235011990406 0.01127141568981064 0.43165467625899284 0.013976555455365193 0.4372501998401279
0 0.8899909828674482 0.1342925659472422 0.9008115419296664 0.14388489208633096 0.9044183949504058 0.1398880895283773 0.9062218214607755 0.12310151878497202 0.9039675383228134 0.11270983213429257 0.8958521190261496 0.10631494804156676 0.8890892696122633 0.1167066346922462 0.8872858431018936 0.12949640287769784 0.8899909828674482 0.1342925659472422
0 0.9165915238954013 0.21582733812949642 0.9183949504057709 0.21582733812949642 0.9211000901713255 0.21103117505995203 0.9233543733092877 0.19984012789768185 0.9224526600541028 0.1950439648281375 0.9147880973850315 0.18784972022382096 0.9107303877366997 0.18864908073541167 0.9075743913435527 0.19904076738609114 0.9071235347159603 0.2070343725019984 0.9165915238954013 0.21582733812949642
0 0.26194770063119927 0.5819344524380495 0.2660054102795311 0.5843325339728218 0.2727682596934175 0.5715427657873702 0.27412082957619477 0.5603517186250999 0.2723174030658251 0.5555555555555556 0.26916140667267807 0.5531574740207834 0.2610459873760144 0.5539568345323741 0.25969341749323716 0.5771382893685052 0.26194770063119927 0.5819344524380495
0 0.14201983769161408 0.5403677058353318 0.1532912533814247 0.548361310951239 0.15779981965734896 0.5451638689048761 0.1600541027953111 0.5291766586730615 0.1532912533814247 0.5187849720223822 0.14652840396753833 0.513189448441247 0.14337240757439135 0.513189448441247 0.13976555455365194 0.5179856115107914 0.13841298467087468 0.5235811350919265 0.1375112714156898 0.5323741007194245 0.14201983769161408 0.5403677058353318
0 0.5261496844003607 0.35411670663469225 0.5356176735798016 0.3493205435651479 0.5396753832281335 0.33812949640287776 0.5396753832281335 0.3309352517985612 0.5329125338142471 0.31974420463629094 0.5247971145175834 0.3165467625899281 0.5175834084761046 0.3349320543565148 0.5171325518485121 0.34612310151878495 0.5261496844003607 0.35411670663469225
0 0.058160504959422904 0.2549960031974421 0.07168620378719567 0.2637889688249401 0.07484220018034266 0.2637889688249401 0.07664562669071236 0.26059152677857716 0.08115419296663662 0.24540367705835334 0.07889990982867448 0.2334132693844924 0.07168620378719567 0.2270183852917666 0.06537421100090171 0.22462030375699443 0.061316501352569885 0.22621902478017586 0.05680793507664563 0.23980815347721826 0.0563570784490532 0.25099920063948844 0.058160504959422904 0.2549960031974421
0 0.059062218214607755 0.28457234212629895 0.06266907123534717 0.2901678657074341 0.07123534715960325 0.2965627498001599 0.07844905320108204 0.29416466826538773 0.08160504959422904 0.28457234212629895 0.08160504959422904 0.2789768185451639 0.0793507664562669 0.2749800159872102 0.06402164111812444 0.26059152677857716 0.060414788097385035 0.2613908872901679 0.05725879170423805 0.27098321342925663 0.05680793507664563 0.27737809752198245 0.059062218214607755 0.28457234212629895
0 0.7497745716862038 0.8936850519584333 0.7614968440036068 0.9024780175859313 0.7651036970243462 0.9016786570743406 0.7691614066726781 0.8960831334932055 0.7709648331830479 0.8808952837729817 0.7696122633002704 0.8657074340527579 0.7664562669071235 0.8601119104716227 0.75834084761046 0.8545163868904877 0.7547339945897205 0.8585131894484412 0.7479711451758341 0.8800959232613909 0.7475202885482417 0.8896882494004797 0.7497745716862038 0.8936850519584333
0 0.30387736699729484 0.4092725819344525 0.31018935978358886 0.416466826538769 0.3151487826871055 0.416466826538769 0.3196573489630297 0.4108713029576339 0.32461677186654647 0.39568345323741005 0.3268710550045086 0.3836930455635492 0.32642019837691616 0.3764988009592326 0.31785392245266003 0.3661071143085532 0.3106402164111813 0.36370903277378097 0.30793507664562675 0.3764988009592326 0.30162308385933273 0.3932853717026379 0.3011722272317403 0.4020783373301359 0.30387736699729484 0.4092725819344525
0 0.675834084761046 0.05435651478816946 0.6785392245266005 0.05115907274180656 0.6825969341749324 0.032773780975219824 0.6807935076645627 0.02557953637090328 0.6762849413886385 0.018385291766586733 0.6717763751127143 0.016786570743405275 0.6681695220919748 0.02158273381294964 0.6641118124436429 0.036770583533173466 0.6650135256988278 0.04796163069544365 0.675834084761046 0.05435651478816946
0 0.31018935978358886 0.5787370103916867 0.3174030658250676 0.5875299760191847 0.3223624887285843 0.586730615507594 0.32551848512173126 0.5787370103916867 0.32326420198376915 0.5635491606714629 0.3151487826871055 0.5547561950439649 0.31244364292155097 0.5547561950439649 0.31018935978358886 0.5595523581135092 0.3083859332732191 0.5707434052757794 0.31018935978358886 0.5787370103916867
0 0.7100991884580703 0.9328537170263789 0.7168620378719567 0.9352517985611511 0.7200180342651037 0.929656274980016 0.7209197475202885 0.9144684252597922 0.7182146077547341 0.9088729016786572 0.7137060414788097 0.9056754596322941 0.7110009017132553 0.906474820143885 0.7060414788097384 0.9144684252597922 0.7060414788097384 0.9240607513988809 0.7100991884580703 0.9328537170263789
0 0.8498647430117223 0.7697841726618705 0.8660955816050496 0.7841726618705037 0.869702434625789 0.7769784172661871 0.8710550045085662 0.7689848121502798 0.863390441839495 0.7553956834532374 0.8561767357980163 0.7498001598721024 0.8521190261496844 0.7521982414068745 0.8494138863841298 0.7649880095923263 0.8498647430117223 0.7697841726618705
0 0.6668169522091975 0.18864908073541167 0.6722272317403066 0.1918465227817746 0.6753832281334536 0.1894484412470024 0.6785392245266005 0.1774580335731415 0.6798917944093779 0.16466826538768983 0.6681695220919748 0.15507593924860114 0.6645626690712354 0.1566746602717826 0.6609558160504959 0.16866506794564348 0.6614066726780884 0.17985611510791366 0.6668169522091975 0.18864908073541167
0 0.15374211000901714 0.3677058353317346 0.16140667267808836 0.37010391686650684 0.16862037871956717 0.35891286970423664 0.16862037871956717 0.35331734612310156 0.15779981965734896 0.3397282174260592 0.15058611361587015 0.33733013589128696 0.1478809738503156 0.34212629896083135 0.14743011722272317 0.35891286970423664 0.15374211000901714 0.3677058353317346
0 0.993688007213706 0.2685851318944844 0.9995491433724076 0.26938449240607515 0.9995491433724076 0.23900879296562752 0.9945897204688909 0.23741007194244604 0.9900811541929667 0.2517985611510791 0.9900811541929667 0.2637889688249401 0.993688007213706 0.2685851318944844
0 0.5811541929666366 0.6227018385291766 0.587917042380523 0.6203037569944045 0.5924256086564473 0.6099120703437251 0.59107303877367 0.5987210231814549 0.5883678990081154 0.5931254996003198 0.5843101893597836 0.5931254996003198 0.5802524797114518 0.6003197442046363 0.5761947700631199 0.6195043964828137 0.5811541929666366 0.6227018385291766
0 0.6167718665464382 0.5707434052757794 0.6185752930568079 0.574740207833733 0.6226330027051398 0.5771382893685052 0.6298467087466186 0.5771382893685052 0.6370604147880974 0.5435651478816946 0.6343552750225429 0.525179856115108 0.6307484220018034 0.5211830535571543 0.6266907123534716 0.521982414068745 0.6194770063119928 0.5491606714628298 0.6163210099188459 0.565947242206235 0.6167718665464382 0.5707434052757794
0 0.7227231740306583 0.7633892885691447 0.733092876465284 0.7729816147082335 0.7380522993688007 0.7737809752198243 0.7412082957619477 0.7681854516386891 0.7407574391343553 0.7561950439648283 0.7312894499549144 0.7442046362909672 0.7263300270513976 0.7450039968025579 0.721370604147881 0.753796962430056 0.7209197475202885 0.7585931254996003 0.7227231740306583 0.7633892885691447
0 0.609107303877367 0.7721822541966427 0.6185752930568079 0.78017585931255 0.6226330027051398 0.7793764988009593 0.630297565374211 0.7577937649880097 0.6311992786293958 0.748201438848921 0.6217312894499549 0.7362110311750599 0.6163210099188459 0.7338129496402878 0.6127141568981065 0.7402078337330137 0.6068530207394048 0.7593924860111911 0.60595130748422 0.765787370103917 0.609107303877367 0.7721822541966427
0 0.10595130748422002 0.11590727418065548 0.11587015329125337 0.12310151878497202 0.11992786293958521 0.12390087929656275 0.12173128944995491 0.12070343725019984 0.12578899909828675 0.10631494804156676 0.12263300270513977 0.09192645883293366 0.109107303877367 0.08313349320543566 0.10640216411181244 0.08633093525179857 0.10414788097385032 0.09432454036770584 0.10324616771866547 0.10951239008792966 0.10595130748422002 0.11590727418065548
0 0.48016230838593327 0.7426059152677859 0.48692515779981965 0.7426059152677859 0.49098286744815145 0.7298161470823342 0.4905320108205591 0.7226219024780176 0.48872858431018934 0.718625099920064 0.4810640216411181 0.7146282973621104 0.4765554553651939 0.7154276578737011 0.47339945897204694 0.7250199840127898 0.47294860234445446 0.7370103916866507 0.48016230838593327 0.7426059152677859
0 0.5807033363390443 0.7338129496402878 0.5861136158701533 0.7386091127098321 0.5892696122633003 0.7386091127098321 0.5928764652840397 0.7346123101518786 0.5973850315599639 0.7178257394084733 0.5955816050495942 0.7066346922462031 0.5888187556357078 0.697841726618705 0.584761045987376 0.697841726618705 0.5811541929666366 0.7018385291766587 0.5784490532010821 0.7138289368505196 0.5779981965734896 0.7210231814548362 0.5807033363390443 0.7338129496402878
0 0.6853020739404869 0.82414068745004 0.6925157799819658 0.8297362110311751 0.6956717763751128 0.8353317346123101 0.6992786293958522 0.8313349320543566 0.7019837691614067 0.8201438848920864 0.7006311992786294 0.8137490007993605 0.6893597835888188 0.7993605115907274 0.6844003606853021 0.8081534772182254 0.6830477908025249 0.8193445243804957 0.6853020739404869 0.82414068745004
0 0.7376014427412083 0.7322142286171064 0.7439134355275022 0.7370103916866507 0.7484220018034266 0.7370103916866507 0.7515779981965736 0.7306155075939249 0.7515779981965736 0.7210231814548362 0.7497745716862038 0.7146282973621104 0.7457168620378719 0.7066346922462031 0.7407574391343553 0.7018385291766587 0.7335437330928765 0.704236610711431 0.7308385933273219 0.7146282973621104 0.7308385933273219 0.7234212629896084 0.7376014427412083 0.7322142286171064
0 0.89404869251578 0.19584332533972823 0.8990081154192966 0.20223820943245407 0.9044183949504058 0.2038369304556355 0.9075743913435527 0.1950439648281375 0.9075743913435527 0.18625099920063948 0.9044183949504058 0.1806554756195044 0.8999098286744815 0.1774580335731415 0.897204688908927 0.17665867306155078 0.8935978358881875 0.18145483613109514 0.8926961226330028 0.19024780175859313 0.89404869251578 0.19584332533972823
0 0.41073038773669973 0.8840927258193446 0.4174932371505861 0.8912869704236611 0.4224526600541028 0.8912869704236611 0.42515779981965734 0.8872901678657075 0.430117222723174 0.8721023181454837 0.43192064923354373 0.859312549960032 0.42425608656447256 0.844924060751399 0.418394950405771 0.8441247002398081 0.4098286744815149 0.8729016786570745 0.40937781785392247 0.8808952837729817 0.41073038773669973 0.8840927258193446
0 0.7926059513074842 0.5811350919264588 0.8025247971145176 0.5891286970423661 0.8079350766456267 0.5899280575539568 0.8106402164111812 0.5875299760191847 0.8137962128043282 0.577937649880096 0.8160504959422903 0.5635491606714629 0.8115419296663661 0.5531574740207834 0.8002705139765555 0.5475619504396483 0.7962128043282236 0.5515587529976019 0.7917042380522994 0.5691446842525979 0.7912533814247069 0.5763389288569145 0.7926059513074842 0.5811350919264588
0 0.28584310189359785 0.5995203836930456 0.2935076645626691 0.6059152677857713 0.2975653742110009 0.6059152677857713 0.2993688007213706 0.6035171862509993 0.3011722272317403 0.5931254996003198 0.3002705139765554 0.5827338129496403 0.29080252479711455 0.5739408473221423 0.2871956717763751 0.574740207833733 0.2844905320108206 0.5819344524380495 0.28313796212804326 0.592326139088729 0.28584310189359785 0.5995203836930456
0 0.14878268710550044 0.002398081534772182 0.1510369702434626 0.008792965627498003 0.15734896302975654 0.014388489208633094 0.1618575293056808 0.014388489208633094 0.16456266907123535 0.010391686650679457 0.16591523895401264 0 0.14878268710550044 0 0.14878268710550044 0.002398081534772182