0 0.9201983769161407 0.059952038369304565 0.9314697926059514 0.06794564348521183 0.9355275022542832 0.06314948041566747 0.9377817853922452 0.05115907274180656 0.9323715058611362 0.0407673860911271 0.9256086564472498 0.03357314148681055 0.9220018034265104 0.03357314148681055 0.9183949504057709 0.04316546762589928 0.9179440937781785 0.05675459632294165 0.9201983769161407 0.059952038369304565
0 0.7876465284039675 0.07434052757793765 0.7926059513074842 0.0783373301358913 0.7962128043282236 0.07593924860111911 0.8038773669972948 0.05115907274180656 0.8038773669972948 0.04396482813749002 0.8007213706041478 0.03517186250999201 0.7962128043282236 0.032773780975219824 0.7930568079350766 0.036770583533173466 0.7885482416591524 0.045563549160671464 0.784941388638413 0.059952038369304565 0.7844905320108205 0.06794564348521183 0.7876465284039675 0.07434052757793765
0 0.47069431920649235 0.7993605115907274 0.4833183047790803 0.8121502797761792 0.48647430117222723 0.8113509192645884 0.4891794409377818 0.8073541167066347 0.49323715058611367 0.7881694644284573 0.4914337240757439 0.7785771382893686 0.47745716862037874 0.7641886490807354 0.47024346257889993 0.765787370103917 0.4666366095581605 0.7721822541966427 0.46528403967538323 0.7881694644284573 0.47069431920649235 0.7993605115907274
0 0.6609558160504959 0.354916067146283 0.6654643823264202 0.354916067146283 0.6686203787195673 0.3477218225419665 0.6713255184851218 0.3309352517985612 0.6708746618575293 0.3253397282174261 0.6614066726780884 0.3133493205435652 0.6541929666366095 0.3077537969624301 0.6505861136158702 0.30935251798561153 0.6487826871055005 0.3229416466826539 0.6474301172227231 0.3413269384492406 0.6609558160504959 0.354916067146283
0 0.6501352569882777 0.29576338928856916 0.6596032461677187 0.30135891286970423 0.6623083859332732 0.30135891286970423 0.6650135256988278 0.2973621103117506 0.6668169522091975 0.28457234212629895 0.6645626690712354 0.27737809752198245 0.6550946798917944 0.2677857713828937 0.6514878268710551 0.26938449240607515 0.6492335437330929 0.2741806554756195 0.6483318304779081 0.2869704236610712 0.6501352569882777 0.29576338928856916
0 0.760595130748422 0.3253397282174261 0.7673579801623084 0.32933653077537967 0.7718665464382326 0.32773780975219824 0.7732191163210099 0.32214228617106316 0.7718665464382326 0.31015187849720227 0.7623985572587918 0.30295763389288566 0.7587917042380523 0.3053557154276579 0.7569882777276826 0.31015187849720227 0.7565374211000901 0.31734612310151883 0.760595130748422 0.3253397282174261
0 0.9382326420198377 0.005595523581135092 0.9486023444544635 0.030375699440447643 0.9531109107303878 0.0319744204636291 0.9549143372407575 0.030375699440447643 0.9598737601442742 0.015187849720223821 0.9562669071235348 0.007194244604316547 0.9499549143372408 0 0.9382326420198377 0 0.9382326420198377 0.005595523581135092
0 0.8088367899008116 0.05435651478816946 0.8101893597835889 0.07274180655475619 0.8128944995491433 0.07593924860111911 0.8174030658250677 0.07593924860111911 0.825067628494139 0.05435651478816946 0.825067628494139 0.04636290967226219 0.8174030658250677 0.036770583533173466 0.8106402164111812 0.036770583533173466 0.8115419296663661 0.04316546762589928 0.8088367899008116 0.05435651478816946
0 0.8205590622182147 0.4940047961630696 0.8264201983769162 0.4932054356514788 0.8354373309287646 0.47641886490807356 0.8354373309287646 0.4708233413269384 0.8327321911632102 0.4660271782573941 0.8214607754733995 0.45483613109512394 0.8174030658250677 0.4556354916067146 0.8160504959422903 0.4636290967226219 0.8142470694319207 0.48441247002398086 0.8205590622182147 0.4940047961630696
0 0.9770063119927863 0.7729816147082335 0.9815148782687105 0.7729816147082335 0.9887285843101894 0.7593924860111911 0.9909828674481516 0.7505995203836932 0.9914337240757439 0.7274180655475619 0.9810640216411182 0.7162270183852918 0.9756537421100091 0.7146282973621104 0.9715960324616773 0.7202238209432456 0.9666366095581606 0.7458033573141487 0.9661857529305681 0.7641886490807354 0.9770063119927863 0.7729816147082335
0 0.4224526600541028 0.7026378896882494 0.4287646528403968 0.7018385291766587 0.4323715058611362 0.6858513189448442 0.43056807935076646 0.6770583533173462 0.41794409377817854 0.6650679456434853 0.4147880973850316 0.6650679456434853 0.41343552750225426 0.6690647482014389 0.4129846708746619 0.6898481215027978 0.4224526600541028 0.7026378896882494
0 0.4486023444544635 0.6994404476418865 0.45311091073038773 0.6970423661071143 0.4580703336339044 0.6874500399680257 0.4580703336339044 0.6770583533173462 0.4463480613165014 0.6602717825739409 0.4409377817853923 0.6594724220623502 0.4359783588818755 0.6706634692246204 0.4355275022542831 0.6810551558752997 0.4486023444544635 0.6994404476418865
0 0.25743913435527505 0.42286171063149486 0.26194770063119927 0.4244604316546763 0.2660054102795311 0.4180655475619504 0.2687105500450857 0.4084732214228617 0.26825969341749323 0.40367705835331735 0.2623985572587917 0.39168665067945646 0.2578899909828674 0.39168665067945646 0.25428313796212804 0.39648281374900085 0.2511271415689811 0.41167066346922465 0.25743913435527505 0.42286171063149486
0 0.6411181244364292 0.6642685851318945 0.6483318304779081 0.6722621902478018 0.6559963931469793 0.6714628297362111 0.6609558160504959 0.6546762589928058 0.6587015329125337 0.6402877697841727 0.6474301172227231 0.6306954436450839 0.6438232642019839 0.6322941646682655 0.6429215509467989 0.6354916067146283 0.6402164111812444 0.6530775379696243 0.6411181244364292 0.6642685851318945
0 0.4129846708746619 0.3828936850519585 0.415238954012624 0.3908872901678657 0.4174932371505861 0.39168665067945646 0.42155094679891797 0.3876898481215028 0.42560865644724977 0.3788968824940048 0.4287646528403968 0.3661071143085532 0.4269612263300271 0.35891286970423664 0.41343552750225426 0.3445243804956035 0.41027953110910736 0.34532374100719426 0.40396753832281335 0.36211031175059955 0.4044183949504058 0.37010391686650684 0.4129846708746619 0.3828936850519585
0 0.45626690712353474 0.7545963229416467 0.4688908926961226 0.765787370103917 0.47520288548241657 0.7617905675459633 0.47610459873760147 0.7410071942446044 0.47339945897204694 0.7338129496402878 0.45987376014427417 0.7194244604316546 0.4558160504959423 0.7210231814548362 0.4522091974752029 0.7306155075939249 0.45130748422001804 0.7442046362909672 0.45626690712353474 0.7545963229416467
0 0.9864743011722273 0.03357314148681055 0.9909828674481516 0.032773780975219824 0.9963931469792606 0.02158273381294964 0.9959422903516681 0.007993605115907274 0.9918845807033364 0 0.9810640216411182 0 0.9761045987376015 0.015187849720223821 0.9761045987376015 0.023181454836131096 0.9864743011722273 0.03357314148681055
0 0.2578899909828674 0.495603517186251 0.2651036970243463 0.5059952038369305 0.2727682596934175 0.5123900879296562 0.28043282236248873 0.5099920063948842 0.284941388638413 0.49960031974420466 0.28358881875563574 0.4940047961630696 0.2678088367899008 0.4740207833733014 0.26194770063119927 0.4748201438848921 0.25653742110009015 0.4860111910471623 0.2556357078449053 0.4908073541167067 0.2578899909828674 0.495603517186251
0 0.45987376014427417 0.5827338129496403 0.4643823264201984 0.5971223021582733 0.47024346257889993 0.6035171862509993 0.47385031559963936 0.6027178257394085 0.47790802524797116 0.5971223021582733 0.49188458070333635 0.5667466027178258 0.49504057709648336 0.5563549160671463 0.4945897204688909 0.5387689848121503 0.49098286744815145 0.5307753796962431 0.48647430117222723 0.5291766586730615 0.4792605951307485 0.5211830535571543 0.47700631199278626 0.5211830535571543 0.47385031559963936 0.5291766586730615 0.47339945897204694 0.548361310951239 0.45987376014427417 0.5827338129496403
0 0.8868349864743011 0.18705035971223025 0.9008115419296664 0.19984012789768185 0.9048692515779982 0.19984012789768185 0.9080252479711453 0.19584332533972823 0.9111812443642923 0.18225419664268586 0.9107303877366997 0.17186250999200642 0.9084761045987376 0.16386890487609912 0.8899909828674482 0.14948041566746603 0.8863841298467088 0.15587529976019188 0.8836789900811541 0.16866506794564348 0.8845807033363391 0.18225419664268586 0.8868349864743011 0.18705035971223025
0 0.4003606853020739 0.6850519584332534 0.40712353471596036 0.6914468425259792 0.4138863841298467 0.6930455635491607 0.42155094679891797 0.7018385291766587 0.4278629395852119 0.7018385291766587 0.43192064923354373 0.689048760991207 0.43192064923354373 0.6818545163868905 0.4296663660955816 0.6762589928057555 0.42200180342651034 0.6674660271782575 0.40892696122633004 0.6578737010391686 0.4044183949504058 0.6578737010391686 0.3985572587917043 0.6690647482014389 0.3976555455365194 0.6786570743405277 0.4003606853020739 0.6850519584332534
0 0.7231740306582507 0.32933653077537967 0.7335437330928765 0.33812949640287776 0.7389540126239856 0.3349320543565148 0.7407574391343553 0.328537170263789 0.739404869251578 0.3205435651478817 0.7272317403065826 0.3061550759392486 0.7240757439134355 0.3077537969624301 0.7227231740306583 0.31254996003197444 0.7209197475202885 0.32454036770583533 0.7231740306582507 0.32933653077537967
0 0.3999098286744815 0.6850519584332534 0.40712353471596036 0.6914468425259792 0.412082957619477 0.6898481215027978 0.4138863841298467 0.6650679456434853 0.4116321009918846 0.6602717825739409 0.40396753832281335 0.6578737010391686 0.4003606853020739 0.6626698641087131 0.3976555455365194 0.6706634692246204 0.3976555455365194 0.6802557953637091 0.3999098286744815 0.6850519584332534
0 0.12218214607754734 0.7721822541966427 0.12623985572587917 0.7753796962430056 0.13345356176735798 0.7633892885691447 0.13660955816050496 0.7545963229416467 0.13570784490532012 0.7458033573141487 0.130297565374211 0.7362110311750599 0.12308385933273219 0.7298161470823342 0.11857529305680793 0.7330135891286971 0.11226330027051398 0.748201438848921 0.11226330027051398 0.756994404476419 0.12218214607754734 0.7721822541966427
0 0.12173128944995491 0.9776179056754596 0.1339044183949504 0.9992006394884093 0.14156898106402163 0.9992006394884093 0.14382326420198377 0.9952038369304558 0.1442741208295762 0.9904076738609113 0.1375112714156898 0.9760191846522782 0.1266907123534716 0.9616306954436452 0.12263300270513977 0.9608313349320544 0.11992786293958521 0.9656274980015987 0.11947700631199279 0.9696243005595524 0.12173128944995491 0.9776179056754596
0 0.5568079350766456 0.0783373301358913 0.560414788097385 0.07593924860111911 0.5640216411181245 0.062350119904076746 0.5640216411181245 0.05595523581135092 0.5613165013525699 0.045563549160671464 0.5577096483318305 0.04156674660271783 0.5536519386834987 0.042366107114308556 0.5495942290351669 0.05435651478816946 0.5477908025247972 0.07114308553157474 0.5568079350766456 0.0783373301358913
0 0.6118124436429215 0.6586730615507593 0.6221821460775473 0.6666666666666666 0.6266907123534716 0.6674660271782575 0.6298467087466186 0.6642685851318945 0.6375112714156899 0.6434852118305356 0.6370604147880974 0.6266986410871304 0.6298467087466186 0.6139088729016786 0.6167718665464382 0.6003197442046363 0.6122633002705139 0.6019184652278178 0.6041478809738504 0.6290967226219025 0.6045987376014428 0.64828137490008 0.6118124436429215 0.6586730615507593
0 0.569882777276826 0.43884892086330934 0.5775473399458972 0.44684252597921664 0.5825067628494138 0.44604316546762596 0.5843101893597836 0.42845723421262993 0.5793507664562669 0.416466826538769 0.5707844905320109 0.4092725819344525 0.566726780883679 0.4100719424460432 0.563570784490532 0.416466826538769 0.5631199278629396 0.425259792166267 0.569882777276826 0.43884892086330934
0 0.6920649233543733 0.08233413269384492 0.6965734896302976 0.08393285371702638 0.7019837691614067 0.07434052757793765 0.7019837691614067 0.06794564348521183 0.6965734896302976 0.05435651478816946 0.690712353471596 0.04876099120703437 0.6853020739404869 0.04876099120703437 0.6816952209197475 0.059952038369304565 0.6821460775473399 0.07434052757793765 0.6920649233543733 0.08233413269384492
0 0.8151487826871056 0.17266187050359713 0.8237150586113616 0.1806554756195044 0.8295761947700632 0.17905675459632295 0.8331830477908025 0.16626698641087131 0.8313796212804329 0.14948041566746603 0.8277727682596934 0.14228617106314947 0.8246167718665464 0.1398880895283773 0.8210099188458071 0.14228617106314947 0.8165013525698828 0.15027977617905677 0.8142470694319207 0.15987210231814547 0.8137962128043282 0.16706634692246206 0.8151487826871056 0.17266187050359713
0 0.7439134355275022 0.36530775379696245 0.7466185752930569 0.37170263788968827 0.7542831379621281 0.38049560351718625 0.7623985572587918 0.381294964028777 0.7691614066726781 0.36930455635491605 0.7673579801623084 0.36211031175059955 0.7551848512173129 0.3477218225419665 0.7506762849413887 0.34532374100719426 0.7466185752930569 0.35091926458832934 0.7434625788999099 0.36211031175059955 0.7439134355275022 0.36530775379696245
0 0.5225428313796213 0.8521183053557154 0.5311091073038774 0.8633093525179857 0.5365193868349865 0.8673061550759393 0.5432822362488728 0.86810551558753 0.545536519386835 0.8553157474020784 0.5450856627592425 0.8441247002398081 0.5432822362488728 0.8401278976818546 0.5338142470694319 0.8305355715427658 0.5270513976555455 0.8281374900079936 0.5225428313796213 0.8297362110311751 0.5202885482416592 0.8345323741007195 0.5189359783588818 0.844924060751399 0.5225428313796213 0.8521183053557154
0 0.9197475202885483 0.0959232613908873 0.9283137962128044 0.10311750599520383 0.9323715058611362 0.10311750599520383 0.9337240757439135 0.10071942446043165 0.9359783588818756 0.09112709832134293 0.9355275022542832 0.08473221422861711 0.9337240757439135 0.0815347721822542 0.9260595130748422 0.07354116706634693 0.9215509467989179 0.07354116706634693 0.9179440937781785 0.08313349320543566 0.9174932371505862 0.09192645883293366 0.9197475202885483 0.0959232613908873
0 0.6713255184851218 0.03597122302158274 0.6713255184851218 0.04396482813749002 0.675834084761046 0.049560351718625106 0.6794409377817855 0.050359712230215826 0.6857529305680793 0.04396482813749002 0.6898106402164111 0.02877697841726619 0.6902614968440036 0.018385291766586733 0.6853020739404869 0.011191047162270184 0.675834084761046 0.00639488409272582 0.6740306582506763 0.007993605115907274 0.675834084761046 0.015187849720223821 0.6713255184851218 0.03597122302158274
0 0.26149684400360684 0.9800159872102319 0.26825969341749323 0.9888089528377298 0.2727682596934175 0.9880095923261392 0.27592425608656446 0.982414068745004 0.2772768259693417 0.9696243005595524 0.27051397655545534 0.9576338928856915 0.2687105500450857 0.9568345323741008 0.26465284039675385 0.9608313349320544 0.2610459873760144 0.9696243005595524 0.26149684400360684 0.9800159872102319
0 0.9909828674481516 0.6850519584332534 0.993688007213706 0.6922462030375699 0.9995491433724076 0.6938449240607514 0.9995491433724076 0.6442845723421263 0.9945897204688909 0.645083932853717 0.9914337240757439 0.6522781774580336 0.9923354373309288 0.6738609112709832 0.9909828674481516 0.6850519584332534
0 0.8408476104598738 0.5163868904876099 0.8534715960324617 0.5283772981614708 0.860234445446348 0.5283772981614708 0.8629395852119026 0.5259792166266987 0.8656447249774571 0.5187849720223822 0.8660955816050496 0.504396482813749 0.8642921550946799 0.49800159872102323 0.8593327321911632 0.4908073541167067 0.8498647430117223 0.4836131095123901 0.8449053201082056 0.48441247002398086 0.8394950405770965 0.5059952038369305 0.8390441839495041 0.5123900879296562 0.8408476104598738 0.5163868904876099