0 0.993688007213706 0.5715427657873702 0.9995491433724076 0.5723421262989609 0.9995491433724076 0.5323741007194245 0.9945897204688909 0.5331734612310152 0.9900811541929667 0.5523581135091926 0.9896302975653742 0.5675459632294165 0.993688007213706 0.5715427657873702
0 0.9522091974752029 0.8217426059152678 0.9625788999098286 0.8313349320543566 0.9657348963029756 0.8289368505195844 0.9684400360685302 0.815347721822542 0.9666366095581606 0.8081534772182254 0.9562669071235348 0.7969624300559552 0.9526600541027953 0.7985611510791367 0.9490532010820559 0.8041566746602719 0.9486023444544635 0.8129496402877698 0.9522091974752029 0.8217426059152678
0 0.005861136158701533 0.33253397282174263 0.02164111812443643 0.33892885691446845 0.03381424706943192 0.33733013589128696 0.0351668169522092 0.3237410071942446 0.034715960324616775 0.3085531574740208 0.03291253381424707 0.302158273381295 0.007664562669071236 0.2973621103117506 0.0040577096483318306 0.30295763389288566 0.003606853020739405 0.31095123900879296 0.005861136158701533 0.33253397282174263
0 0.24706943192064923 0.03517186250999201 0.24616771866546439 0.0783373301358913 0.2479711451758341 0.08233413269384492 0.25247971145175835 0.08473221422861711 0.2655545536519387 0.08473221422861711 0.2673579801623084 0.0783373301358913 0.26690712353471596 0.0639488409272582 0.2687105500450857 0.03916866506794565 0.2678088367899008 0.026378896882494004 0.26465284039675385 0.018385291766586733 0.26465284039675385 0.011191047162270184 0.2583408476104599 0.007194244604316547 0.2479711451758341 0.007194244604316547 0.24661857529305684 0.009592326139088728 0.24526600541027954 0.014388489208633094 0.24706943192064923 0.03517186250999201
0 0.05229936880072138 0.031175059952038373 0.05410279531109107 0.03517186250999201 0.06537421100090171 0.03996802557953637 0.07664562669071236 0.03836930455635491 0.07799819657348962 0.0319744204636291 0.07754733994589721 0 0.05184851217312895 0 0.0509467989179441 0.010391686650679457 0.05229936880072138 0.031175059952038373
0 0.1036970243462579 0.1542765787370104 0.10640216411181244 0.1574740207833733 0.11316501352569883 0.15907274180655476 0.12082957619477007 0.1574740207833733 0.12398557258791705 0.14788169464428458 0.12578899909828675 0.13029576338928858 0.12578899909828675 0.12230215827338131 0.12308385933273219 0.10711430855315748 0.11992786293958521 0.10231814548361312 0.10685302073940486 0.09992006394884093 0.10324616771866547 0.1015187849720224 0.1018935978358882 0.10551558752997602 0.10144274120829576 0.12230215827338131 0.1036970243462579 0.1542765787370104
0 0.9711451758340848 0.7953637090327739 0.9806131650135257 0.8017585931254997 0.9828674481514879 0.7993605115907274 0.9878268710550046 0.7857713828936851 0.9882777276825969 0.771382893685052 0.9842200180342651 0.7601918465227818 0.963931469792606 0.7378097521982414 0.9562669071235348 0.7362110311750599 0.9490532010820559 0.7545963229416467 0.9467989179440939 0.7697841726618705 0.9711451758340848 0.7953637090327739
0 0.8485121731289451 0.7306155075939249 0.8521190261496844 0.7298161470823342 0.8584310189359784 0.7130295763389289 0.8570784490532011 0.6986410871302958 0.8530207394048693 0.6914468425259792 0.8422001803426511 0.6842525979216627 0.8381424706943192 0.6914468425259792 0.8345356176735799 0.7074340527577938 0.8349864743011722 0.7178257394084733 0.8485121731289451 0.7306155075939249
0 0.035617673579801626 0.6802557953637091 0.03967538322813345 0.6842525979216627 0.04328223624887286 0.6626698641087131 0.042380522993688004 0.6498800959232613 0.03967538322813345 0.6458832933653078 0.032461677186654644 0.64828137490008 0.031109107303877368 0.6514788169464429 0.031109107303877368 0.6706634692246204 0.035617673579801626 0.6802557953637091
0 0.14382326420198377 0.5163868904876099 0.15058611361587015 0.5163868904876099 0.15374211000901714 0.5139888089528377 0.15509467989179443 0.5067945643485212 0.15419296663660956 0.48920863309352525 0.1510369702434626 0.48441247002398086 0.14472497745716864 0.4828137490007994 0.1406672678088368 0.4836131095123901 0.13976555455365194 0.4860111910471623 0.14021641118124437 0.5115907274180655 0.14382326420198377 0.5163868904876099
0 0.049143372407574396 0.1366906474820144 0.06266907123534717 0.14068745003996805 0.087917042380523 0.1398880895283773 0.087917042380523 0.11590727418065548 0.08521190261496844 0.10871302957633892 0.06492335437330929 0.1047162270183853 0.05590622182146077 0.09992006394884093 0.049143372407574396 0.09992006394884093 0.04643823264201984 0.11031175059952039 0.04643823264201984 0.13189448441247004 0.049143372407574396 0.1366906474820144
0 0.05365193868349865 0.6914468425259792 0.0915238954012624 0.697841726618705 0.09918845807033362 0.697841726618705 0.10099188458070334 0.695443645083933 0.10234445446348062 0.6882494004796164 0.10234445446348062 0.6690647482014389 0.09873760144274121 0.6618705035971224 0.06176735798016231 0.6538768984812151 0.05229936880072138 0.6562749800159873 0.05004508566275924 0.6594724220623502 0.05004508566275924 0.6818545163868905 0.05365193868349865 0.6914468425259792
0 0.13796212804328223 0.36211031175059955 0.15464382326420198 0.36370903277378097 0.15734896302975654 0.35891286970423664 0.15779981965734896 0.33812949640287776 0.15554553651938682 0.33573141486810554 0.13976555455365194 0.3333333333333333 0.13660955816050496 0.33573141486810554 0.13570784490532012 0.3413269384492406 0.13525698827772767 0.35331734612310156 0.13796212804328223 0.36211031175059955
0 0.9134355275022543 0.5331734612310152 0.9386834986474301 0.5547561950439649 0.9418394950405771 0.5499600319744204 0.9449954914337241 0.5387689848121503 0.9458972046889089 0.521982414068745 0.9436429215509469 0.5123900879296562 0.9215509467989179 0.4932054356514788 0.9179440937781785 0.4924060751398881 0.9147880973850315 0.49640287769784175 0.9107303877366997 0.5187849720223822 0.9102795311091073 0.5267785771382895 0.9134355275022543 0.5331734612310152
0 0.9116321009918846 0.7865707434052758 0.9156898106402165 0.7873701039168666 0.9183949504057709 0.7825739408473221 0.9138863841298467 0.7753796962430056 0.9075743913435527 0.771382893685052 0.900360685302074 0.7697841726618705 0.8981064021641119 0.7721822541966427 0.8985572587917042 0.7785771382893686 0.9116321009918846 0.7865707434052758
0 0.7975653742110009 0.6370903277378098 0.7993688007213706 0.6410871302957634 0.824165915238954 0.6618705035971224 0.8286744815148782 0.6594724220623502 0.8349864743011722 0.6402877697841727 0.8345356176735799 0.6330935251798562 0.8322813345356176 0.6290967226219025 0.8101893597835889 0.6107114308553158 0.80297565374211 0.6091127098321344 0.8002705139765555 0.6131095123900879 0.7975653742110009 0.6322941646682655 0.7975653742110009 0.6370903277378098
0 0.0351668169522092 0.4636290967226219 0.05004508566275924 0.4668265387689848 0.06537421100090171 0.4660271782573941 0.06672678088367899 0.4244604316546763 0.06402164111812444 0.4140687450039968 0.03967538322813345 0.4100719424460432 0.03606853020739405 0.41247002398081534 0.034265103697024346 0.42206235011990406 0.03381424706943192 0.4556354916067146 0.0351668169522092 0.4636290967226219
0 0.9341749323715058 0.39408473221422863 0.9346257889990982 0.40687450039968026 0.9490532010820559 0.42206235011990406 0.9562669071235348 0.425259792166267 0.9612263300270514 0.4084732214228617 0.9603246167718665 0.3924860111910472 0.9535617673579802 0.3844924060751399 0.9458972046889089 0.37969624300559557 0.9386834986474301 0.37809752198241414 0.9359783588818756 0.3820943245403677 0.936429215509468 0.390087929656275 0.9341749323715058 0.39408473221422863
0 0.9995491433724076 0.6314948041566747 0.9995491433724076 0.6035171862509993 0.9977457168620378 0.6035171862509993 0.9945897204688909 0.6099120703437251 0.9945897204688909 0.6266986410871304 0.9995491433724076 0.6314948041566747
0 0 0.8001598721023181 0.01127141568981064 0.8017585931254997 0.013525698827772768 0.7873701039168666 0.013074842200180344 0.7721822541966427 0.010820559062218215 0.765787370103917 0.004508566275924256 0.7649880095923263 0 0.765787370103917 0 0.8001598721023181
0 0.957619477006312 0.5627498001598722 0.9706943192064924 0.5723421262989609 0.9806131650135257 0.5467625899280576 0.9806131650135257 0.5363709032773781 0.9770063119927863 0.5283772981614708 0.9733994589720468 0.525179856115108 0.963931469792606 0.525179856115108 0.9598737601442742 0.5355715427657874 0.9562669071235348 0.5531574740207834 0.9558160504959423 0.5595523581135092 0.957619477006312 0.5627498001598722
0 0.9513074842200181 0.5915267785771383 0.9594229035166817 0.5995203836930456 0.9643823264201984 0.5971223021582733 0.9657348963029756 0.5891286970423661 0.9643823264201984 0.5827338129496403 0.957619477006312 0.5739408473221423 0.9522091974752029 0.5731414868105515 0.9481514878268711 0.5803357314148682 0.9481514878268711 0.5875299760191847 0.9513074842200181 0.5915267785771383
0 0.80297565374211 0.7897681854516387 0.8002705139765555 0.8049560351718625 0.8043282236248873 0.8145483613109513 0.8110910730387737 0.8145483613109513 0.8169522091974751 0.809752198241407 0.8318304779080252 0.8145483613109513 0.8385933273219116 0.8001598721023181 0.8385933273219116 0.7873701039168666 0.8358881875563571 0.7753796962430056 0.8119927862939585 0.7561950439648283 0.8065825067628495 0.7545963229416467 0.8020739404869252 0.7673860911270984 0.8011722272317404 0.7753796962430056 0.80297565374211 0.7817745803357314 0.80297565374211 0.7897681854516387
0 0.175834084761046 0.32214228617106316 0.18800721370604148 0.32773780975219824 0.21100090171325517 0.3309352517985612 0.21280432822362488 0.29416466826538773 0.2096483318304779 0.2789768185451639 0.20649233543733095 0.27577937649880097 0.18890892696122633 0.27098321342925663 0.17853922452660054 0.27098321342925663 0.17538322813345356 0.2765787370103917 0.1740306582506763 0.28936850519584334 0.17357980162308384 0.3133493205435652 0.175834084761046 0.32214228617106316
0 0.008115419296663661 0.04156674660271783 0.046889089269612265 0.04396482813749002 0.04959422903516681 0.03916866506794565 0.04869251577998197 0.015187849720223821 0.04012623985572588 0.00639488409272582 0.02164111812443643 0.005595523581135092 0.016681695220919748 0.011191047162270184 0.009467989179440937 0.013589128697042365 0.00721370604147881 0.02238209432454037 0.006762849413886384 0.03996802557953637 0.008115419296663661 0.04156674660271783
0 0 0.701039168665068 0.008115419296663661 0.6994404476418865 0.012173128944995492 0.695443645083933 0.012173128944995492 0.6762589928057555 0.0063119927862939585 0.6666666666666666 0 0.6666666666666666 0 0.701039168665068
0 0.23534715960324618 0.12629896083133493 0.23985572587917042 0.13029576338928858 0.28088367899008115 0.1334932054356515 0.28313796212804326 0.12949640287769784 0.28268710550045084 0.1135091926458833 0.28088367899008115 0.10231814548361312 0.27908025247971147 0.09912070343725021 0.24436429215509467 0.09352517985611512 0.2344454463480613 0.09432454036770584 0.2321911632100992 0.09912070343725021 0.2321911632100992 0.11830535571542766 0.23534715960324618 0.12629896083133493
0 0.04418394950405771 0.7410071942446044 0.05184851217312895 0.7450039968025579 0.06807935076645627 0.7442046362909672 0.06853020739404869 0.7202238209432456 0.06357078449053201 0.7066346922462031 0.049143372407574396 0.7026378896882494 0.04643823264201984 0.7058353317346123 0.042380522993688004 0.7170263788968825 0.04192966636609558 0.7322142286171064 0.04418394950405771 0.7410071942446044
0 0.866546438232642 0.5227817745803358 0.876014427412083 0.5323741007194245 0.8805229936880072 0.533972821742606 0.8832281334535618 0.5323741007194245 0.8877366997294861 0.521982414068745 0.8913435527502254 0.5011990407673861 0.890892696122633 0.49720223820943243 0.8872858431018936 0.4908073541167067 0.872858431018936 0.4796163069544365 0.8706041478809738 0.4836131095123901 0.8647430117222724 0.5067945643485212 0.8642921550946799 0.5179856115107914 0.866546438232642 0.5227817745803358
0 0.7164111812443643 0.9584332533972821 0.7290351668169522 0.973621103117506 0.7376014427412083 0.9784172661870505 0.74165915238954 0.9696243005595524 0.7448151487826871 0.9520383693045564 0.7439134355275022 0.9424460431654678 0.7254283137962128 0.9216626698641087 0.7204688908926962 0.9224620303756994 0.715960324616772 0.9352517985611511 0.7146077547339945 0.9512390087929657 0.7164111812443643 0.9584332533972821
0 0.876014427412083 0.3788968824940048 0.8755635707844905 0.3892885691446843 0.8877366997294861 0.4020783373301359 0.8922452660054103 0.4020783373301359 0.9080252479711453 0.3764988009592326 0.9080252479711453 0.36930455635491605 0.9066726780883679 0.3661071143085532 0.897204688908927 0.35171862509992013 0.8863841298467088 0.3469224620303757 0.8836789900811541 0.3429256594724221 0.8787195671776376 0.35171862509992013 0.8773669972948602 0.3581135091926459 0.8782687105500451 0.37090327737809753 0.876014427412083 0.3788968824940048
0 0.03651938683498648 0.7825739408473221 0.05320108205590622 0.7833733013589129 0.07303877366997295 0.7937649880095924 0.08521190261496844 0.7937649880095924 0.08836789900811542 0.7897681854516387 0.08836789900811542 0.78017585931255 0.08521190261496844 0.7689848121502798 0.08476104598737601 0.7601918465227818 0.07799819657348962 0.7490007993605117 0.04869251577998197 0.7458033573141487 0.03606853020739405 0.7386091127098321 0.033363390441839495 0.7450039968025579 0.03201082055906222 0.7577937649880097 0.031559963931469794 0.7761790567545964 0.03651938683498648 0.7825739408473221
0 0.9075743913435527 0.762589928057554 0.9242560865644726 0.7729816147082335 0.9283137962128044 0.7721822541966427 0.9292155094679891 0.7697841726618705 0.9292155094679891 0.7649880095923263 0.9274120829576196 0.7617905675459633 0.9116321009918846 0.7505995203836932 0.9039675383228134 0.7505995203836932 0.9039675383228134 0.7577937649880097 0.9075743913435527 0.762589928057554
0 0.12578899909828675 0.5235811350919265 0.13255184851217314 0.5267785771382895 0.13796212804328223 0.525179856115108 0.13841298467087468 0.504396482813749 0.13570784490532012 0.4908073541167067 0.13345356176735798 0.4876099120703437 0.1289449954914337 0.4876099120703437 0.12308385933273219 0.4940047961630696 0.12263300270513977 0.5027977617905676 0.12578899909828675 0.5235811350919265