0 0.12082957619477007 0.9992006394884093 0.12037871956717765 0.9920063948840928 0.11316501352569883 0.9808153477218226 0.09873760144274121 0.9680255795363709 0.09287646528403969 0.9696243005595524 0.09287646528403969 0.9768185451638689 0.08881875563570783 0.9888089528377298 0.08881875563570783 0.9992006394884093 0.12082957619477007 0.9992006394884093
0 0.8349864743011722 0.3756994404476419 0.8462578899909828 0.3844924060751399 0.8525698827772769 0.37969624300559557 0.8557258791704238 0.37010391686650684 0.8566275924256087 0.3605115907274181 0.8539224526600542 0.354916067146283 0.8462578899909828 0.3469224620303757 0.8408476104598738 0.3445243804956035 0.8376916140667268 0.34852118305355717 0.8327321911632102 0.36370903277378097 0.8322813345356176 0.36930455635491605 0.8349864743011722 0.3756994404476419
0 0.38863841298467083 0.7370103916866507 0.4138863841298467 0.7585931254996003 0.418394950405771 0.7553956834532374 0.42741208295761945 0.7266187050359713 0.42560865644724977 0.7170263788968825 0.4192966636609558 0.7050359712230216 0.40937781785392247 0.695443645083933 0.39720468890892696 0.6882494004796164 0.39314697926059516 0.6922462030375699 0.3868349864743012 0.718625099920064 0.3872858431018936 0.7338129496402878 0.38863841298467083 0.7370103916866507
0 0.02885482416591524 0.34852118305355717 0.049143372407574396 0.3629096722621903 0.05365193868349865 0.3629096722621903 0.05545536519386835 0.3597122302158273 0.05770964833183048 0.34852118305355717 0.058160504959422904 0.3365307753796963 0.05365193868349865 0.32773780975219824 0.03651938683498648 0.31574740207833735 0.031559963931469794 0.31574740207833735 0.028403967538322816 0.3205435651478817 0.027502254283137965 0.3309352517985612 0.027051397655545536 0.34532374100719426 0.02885482416591524 0.34852118305355717
0 0.9359783588818756 0.002398081534772182 0.9427412082957619 0.011990407673860913 0.9531109107303878 0.01598721023181455 0.9571686203787195 0.013589128697042365 0.9603246167718665 0.007993605115907274 0.9598737601442742 0 0.9359783588818756 0 0.9359783588818756 0.002398081534772182
0 0.14743011722272317 0.24220623501199043 0.15238954012623987 0.2414068745003997 0.15509467989179443 0.23741007194244604 0.15284039675383226 0.2302158273381295 0.1478809738503156 0.22541966426858515 0.14382326420198377 0.22462030375699443 0.14201983769161408 0.23181454836131096 0.14156898106402163 0.23741007194244604 0.14743011722272317 0.24220623501199043
0 0.7655545536519388 0.806554756195044 0.7723174030658251 0.8121502797761792 0.7763751127141569 0.8121502797761792 0.7804328223624887 0.7905675459632294 0.7808836789900812 0.78017585931255 0.7790802524797115 0.7753796962430056 0.7723174030658251 0.7681854516386891 0.7687105500450856 0.7681854516386891 0.7651036970243462 0.7769784172661871 0.7623985572587918 0.7897681854516387 0.7614968440036068 0.797761790567546 0.7655545536519388 0.806554756195044
0 0.5148782687105501 0.495603517186251 0.5279531109107304 0.5075939248601119 0.5297565374211001 0.5075939248601119 0.5329125338142471 0.5019984012789769 0.5369702434625789 0.4860111910471623 0.5365193868349865 0.47801758593125504 0.5338142470694319 0.47242206235011996 0.5207394048692516 0.46282973621103124 0.5189359783588818 0.4636290967226219 0.5144274120829576 0.47641886490807356 0.5130748422001803 0.49160671462829736 0.5148782687105501 0.495603517186251
0 0.8228133453561768 0.9848121502797762 0.8277727682596934 0.9856115107913669 0.8322813345356176 0.9776179056754596 0.8322813345356176 0.9576338928856915 0.8295761947700632 0.9512390087929657 0.8232642019837692 0.9448441247002399 0.8183047790802525 0.9408473221422862 0.8146979260595131 0.9424460431654678 0.8101893597835889 0.959232613908873 0.8097385031559965 0.9720223820943246 0.8228133453561768 0.9848121502797762
0 0.22272317403065825 0.7306155075939249 0.23669972948602347 0.7394084732214229 0.2407574391343553 0.7362110311750599 0.24165915238954014 0.7218225419664269 0.22948602344454463 0.7026378896882494 0.2218214607754734 0.701039168665068 0.21596032461677186 0.7122302158273383 0.21550946798917944 0.7178257394084733 0.22272317403065825 0.7306155075939249
0 0.4075743913435528 0.9216626698641087 0.42155094679891797 0.9344524380495605 0.42651036970243467 0.9312549960031975 0.4292155094679892 0.9136690647482014 0.42515779981965734 0.9016786570743406 0.41568981064021643 0.8952837729816148 0.41118124436429215 0.8952837729816148 0.4075743913435528 0.9008792965627499 0.40577096483318303 0.9136690647482014 0.4075743913435528 0.9216626698641087
0 0.7276825969341749 0.36930455635491605 0.729936880072137 0.3741007194244605 0.7366997294860235 0.37729816147082335 0.7457168620378719 0.3741007194244605 0.7502254283137962 0.3597122302158273 0.7497745716862038 0.3557154276578737 0.7452660054102795 0.3477218225419665 0.7412082957619477 0.3445243804956035 0.7308385933273219 0.35411670663469225 0.7290351668169522 0.3581135091926459 0.7272317403065826 0.3645083932853717 0.7276825969341749 0.36930455635491605
0 0.042380522993688004 0.6314948041566747 0.045536519386834985 0.6306954436450839 0.05365193868349865 0.6083133493205436 0.05365193868349865 0.5995203836930456 0.044634806131650134 0.5875299760191847 0.04012623985572588 0.586730615507594 0.03291253381424707 0.6147082334132695 0.033363390441839495 0.6243005595523582 0.042380522993688004 0.6314948041566747
0 0.05320108205590622 0.6442845723421263 0.060414788097385035 0.6490807354116707 0.06582506762849415 0.6378896882494005 0.06988277727682597 0.6187050359712231 0.06537421100090171 0.6107114308553158 0.058611361587015326 0.6083133493205436 0.05545536519386835 0.6123101518784972 0.0509467989179441 0.6330935251798562 0.05049594229035167 0.6386890487609912 0.05320108205590622 0.6442845723421263
0 0.8070333633904418 0.8161470823341327 0.8110910730387737 0.8113509192645884 0.8137962128043282 0.8033573141486812 0.8183047790802525 0.7857713828936851 0.8178539224526601 0.78017585931255 0.8101893597835889 0.7721822541966427 0.8034265103697025 0.7705835331734613 0.796663660955816 0.7825739408473221 0.7926059513074842 0.7969624300559552 0.7921550946798918 0.8137490007993605 0.8070333633904418 0.8161470823341327
0 0.37150586113615874 0.30375699440447645 0.3913435527502254 0.32214228617106316 0.3976555455365194 0.3237410071942446 0.4012623985572588 0.3181454836131095 0.40171325518485124 0.3133493205435652 0.4003606853020739 0.30935251798561153 0.3764652840396754 0.28457234212629895 0.37285843101893595 0.2853717026378897 0.37060414788097384 0.293365307753797 0.3701532912533814 0.2997601918465228 0.37150586113615874 0.30375699440447645
0 0.6496844003606853 0.6658673061550759 0.6600541027953112 0.6754596322941646 0.6650135256988278 0.6754596322941646 0.6686203787195673 0.6642685851318945 0.6654643823264202 0.6538768984812151 0.6510369702434625 0.642685851318945 0.6474301172227231 0.6490807354116707 0.6469792605951307 0.6610711430855316 0.6496844003606853 0.6658673061550759
0 0.1036970243462579 0.2294164668265388 0.11226330027051398 0.23980815347721826 0.11587015329125337 0.24060751398880897 0.11902614968440037 0.23501199040767387 0.11902614968440037 0.2302158273381295 0.11496844003606854 0.2238209432454037 0.11632100991884581 0.21902478017585933 0.11316501352569883 0.21982414068745004 0.11136158701532912 0.21582733812949642 0.11361587015329126 0.21342925659472425 0.11045987376014427 0.2094324540367706 0.10595130748422002 0.2094324540367706 0.09873760144274121 0.22062350119904078 0.09873760144274121 0.2270183852917666 0.1036970243462579 0.2294164668265388
0 0.40577096483318303 0.6538768984812151 0.4147880973850316 0.6538768984812151 0.4355275022542831 0.6706634692246204 0.44048692515779986 0.6666666666666666 0.44454463480613166 0.6522781774580336 0.44454463480613166 0.6466826538768985 0.4409377817853923 0.6386890487609912 0.4138863841298467 0.6179056754596324 0.41073038773669973 0.6171063149480416 0.40847610459873757 0.6195043964828137 0.40486925157799825 0.6378896882494005 0.4044183949504058 0.64828137490008 0.40577096483318303 0.6538768984812151
0 0.03967538322813345 0.7306155075939249 0.04733994589720469 0.7338129496402878 0.05275022542831379 0.7234212629896084 0.0563570784490532 0.7034372501998403 0.05410279531109107 0.6986410871302958 0.03922452660054102 0.6882494004796164 0.03651938683498648 0.6914468425259792 0.03201082055906222 0.7106314948041567 0.032461677186654644 0.7210231814548362 0.03967538322813345 0.7306155075939249
0 0.2096483318304779 0.5699440447641887 0.21776375112714155 0.5723421262989609 0.23354373309287646 0.586730615507594 0.23805229936880073 0.5875299760191847 0.2407574391343553 0.5811350919264588 0.24165915238954014 0.5731414868105515 0.23985572587917042 0.5635491606714629 0.23083859332732193 0.5523581135091926 0.2091974752028855 0.5347721822541966 0.20243462578899912 0.533972821742606 0.19927862939585214 0.5419664268585133 0.19927862939585214 0.5579536370903277 0.2096483318304779 0.5699440447641887
0 0.2556357078449053 0.3661071143085532 0.27186654643823266 0.38049560351718625 0.27862939585211904 0.37969624300559557 0.28313796212804326 0.37090327737809753 0.2813345356176736 0.3645083932853717 0.2678088367899008 0.354916067146283 0.2569882777276826 0.35091926458832934 0.25473399458972046 0.3557154276578737 0.25428313796212804 0.36211031175059955 0.2556357078449053 0.3661071143085532
0 0.022091974752028856 0.4244604316546763 0.035617673579801626 0.43884892086330934 0.04057709648331831 0.4404476418864908 0.04643823264201984 0.42286171063149486 0.04824165915238954 0.40687450039968026 0.04328223624887286 0.3980815347721823 0.032461677186654644 0.3892885691446843 0.02569882777276826 0.39408473221422863 0.020288548241659154 0.4132693844924061 0.019837691614066726 0.4180655475619504 0.022091974752028856 0.4244604316546763
0 0.8552750225428314 0.7386091127098321 0.8660955816050496 0.7474020783373301 0.8692515779981966 0.7474020783373301 0.8715058611361587 0.7434052757793765 0.8742110009017132 0.7330135891286971 0.8742110009017132 0.7234212629896084 0.869702434625789 0.7122302158273383 0.8588818755635708 0.7058353317346123 0.8557258791704238 0.7106314948041567 0.8543733092876465 0.7194244604316546 0.8539224526600542 0.7354116706634692 0.8552750225428314 0.7386091127098321
0 0.19927862939585214 0.7929656274980017 0.21550946798917944 0.8113509192645884 0.22633002705139765 0.8193445243804957 0.23309287646528404 0.8177458033573143 0.23850315599639313 0.8089528377298163 0.2407574391343553 0.800959232613909 0.2407574391343553 0.7969624300559552 0.2339945897204689 0.7857713828936851 0.22407574391343554 0.7729816147082335 0.21009918845807032 0.7601918465227818 0.20333633904418397 0.7609912070343725 0.19702434625788998 0.7793764988009593 0.19657348963029758 0.7873701039168666 0.19927862939585214 0.7929656274980017
0 0.4995491433724076 0.8529176658673061 0.521190261496844 0.86810551558753 0.5266005410279532 0.8633093525179857 0.5293056807935077 0.8545163868904877 0.5311091073038774 0.8401278976818546 0.5311091073038774 0.8313349320543566 0.5270513976555455 0.8233413269384493 0.5085662759242561 0.8137490007993605 0.5013525698827773 0.8281374900079936 0.49864743011722273 0.844924060751399 0.4995491433724076 0.8529176658673061
0 0.6163210099188459 0.8225419664268585 0.6230838593327321 0.832933653077538 0.6275924256086564 0.8313349320543566 0.633453561767358 0.8105515587529977 0.6325518485121732 0.8025579536370904 0.6172227231740307 0.7841726618705037 0.6127141568981065 0.7841726618705037 0.609107303877367 0.7897681854516387 0.6064021641118125 0.8041566746602719 0.60595130748422 0.8137490007993605 0.6163210099188459 0.8225419664268585
0 0.10865644724977458 0.8377298161470824 0.13841298467087468 0.8641087130295764 0.1442741208295762 0.8737010391686652 0.15058611361587015 0.8752997601918465 0.15193868349864742 0.8729016786570745 0.15599639314697925 0.853717026378897 0.15464382326420198 0.841726618705036 0.11677186654643823 0.8057553956834532 0.1127141568981064 0.8049560351718625 0.10775473399458972 0.815347721822542 0.10550045085662758 0.8297362110311751 0.10865644724977458 0.8377298161470824
0 0.2795311091073039 0.3597122302158273 0.2862939585211903 0.36211031175059955 0.2903516681695221 0.3573141486810552 0.2917042380522994 0.34612310151878495 0.28990081154192965 0.34212629896083135 0.2822362488728584 0.33812949640287776 0.2781785392245266 0.3445243804956035 0.2777276825969342 0.35411670663469225 0.2795311091073039 0.3597122302158273
0 0.08205590622182146 0.5075939248601119 0.09107303877366997 0.513189448441247 0.0951307484220018 0.5115907274180655 0.09648331830477908 0.5075939248601119 0.09648331830477908 0.49880095923261397 0.08476104598737601 0.4860111910471623 0.07799819657348962 0.4836131095123901 0.0757439134355275 0.49160671462829736 0.07529305680793508 0.5011990407673861 0.08205590622182146 0.5075939248601119
0 0.2655545536519387 0.5883293365307755 0.2867448151487827 0.6075139888089529 0.29305680793507666 0.6107114308553158 0.2966636609558161 0.6067146282973622 0.30252479711451763 0.5843325339728218 0.30252479711451763 0.5763389288569145 0.3007213706041479 0.5715427657873702 0.2957619477006312 0.5675459632294165 0.28268710550045084 0.5491606714628298 0.2763751127141569 0.5443645083932854 0.2723174030658251 0.5443645083932854 0.2709648331830478 0.5467625899280576 0.26825969341749323 0.5643485211830536 0.2651036970243463 0.5739408473221423 0.26375112714156895 0.5843325339728218 0.2655545536519387 0.5883293365307755
0 0.0915238954012624 0.49000799360511593 0.09873760144274121 0.4932054356514788 0.10279531109107304 0.4876099120703437 0.10234445446348062 0.4772182254196643 0.09197475202885483 0.46203037569944044 0.08476104598737601 0.460431654676259 0.08115419296663662 0.4668265387689848 0.08115419296663662 0.4796163069544365 0.0915238954012624 0.49000799360511593
0 0.1618575293056808 0.7178257394084733 0.172678088367899 0.7306155075939249 0.178990081154193 0.7330135891286971 0.18530207394048692 0.7290167865707434 0.18890892696122633 0.7218225419664269 0.18575293056807937 0.7122302158273383 0.16816952209197475 0.6962430055955237 0.16456266907123535 0.697841726618705 0.16321009918845808 0.7026378896882494 0.16140667267808836 0.7122302158273383 0.1618575293056808 0.7178257394084733
0 0.015779981965734897 0.7785771382893686 0.028403967538322816 0.7889688249400479 0.03291253381424707 0.7889688249400479 0.03651938683498648 0.7841726618705037 0.0369702434625789 0.7705835331734613 0.029756537421100092 0.7601918465227818 0.018935978358881875 0.753796962430056 0.015329125338142471 0.7617905675459633 0.01442741208295762 0.7753796962430056 0.015779981965734897 0.7785771382893686
0 0.7939585211902616 0.45803357314148685 0.7975653742110009 0.4588329336530776 0.799819657348963 0.45643485211830537 0.8043282236248873 0.442845723421263 0.8070333633904418 0.43165467625899284 0.8070333633904418 0.4244604316546763 0.7989179440937783 0.4172661870503597 0.7930568079350766 0.4172661870503597 0.7876465284039675 0.4348521183053557 0.7876465284039675 0.45163868904876103 0.7939585211902616 0.45803357314148685
0 0.7028854824165914 0.574740207833733 0.7132551848512173 0.586730615507594 0.7164111812443643 0.5891286970423661 0.7200180342651037 0.5883293365307755 0.7240757439134355 0.5739408473221423 0.7236248872858432 0.5619504396482814 0.7204688908926962 0.5499600319744204 0.7137060414788097 0.542765787370104 0.7091974752028855 0.5419664268585133 0.7037871956717764 0.5547561950439649 0.7024346257889991 0.5603517186250999 0.7028854824165914 0.574740207833733
0 0.25067628494138866 0.2478017585931255 0.2687105500450857 0.26538768984812156 0.2727682596934175 0.26538768984812156 0.27592425608656446 0.2597921662669864 0.27862939585211904 0.2478017585931255 0.2772768259693417 0.23261390887290168 0.27366997294860235 0.2270183852917666 0.2623985572587917 0.21742605915267785 0.2583408476104599 0.21662669864108713 0.2560865644724978 0.21982414068745004 0.25022542831379624 0.23661071143085532 0.24932371505861137 0.24300559552358114 0.25067628494138866 0.2478017585931255
0 0.004959422903516681 0.002398081534772182 0.005410279531109108 0.004796163069544364 0.015779981965734897 0.013589128697042365 0.022091974752028856 0.02877697841726619 0.032461677186654644 0.03357314148681055 0.03606853020739405 0.02877697841726619 0.03832281334535618 0.018385291766586733 0.03651938683498648 0.00639488409272582 0.03291253381424707 0 0.004959422903516681 0 0.004959422903516681 0.002398081534772182
0 0.2515779981965735 0.2014388489208633 0.260595130748422 0.20463629096722624 0.2651036970243463 0.21103117505995203 0.27006311992786297 0.2030375699440448 0.27051397655545534 0.19584332533972823 0.2687105500450857 0.18465227817745802 0.25969341749323716 0.17426059152677859 0.2551848512173129 0.17426059152677859 0.2497745716862038 0.18784972022382096 0.24887285843101895 0.19424460431654678 0.2515779981965735 0.2014388489208633
0 0.6794409377817855 0.9992006394884093 0.69702434625789 0.9992006394884093 0.6974752028854824 0.9968025579536371 0.6965734896302976 0.9928057553956835 0.6857529305680793 0.9832134292565947 0.6821460775473399 0.9840127897681855 0.6798917944093779 0.9880095923261392 0.6785392245266005 0.9928057553956835 0.6794409377817855 0.9992006394884093
0 0.45671776375112716 0.7945643485211831 0.4634806131650135 0.7969624300559552 0.47069431920649235 0.7849720223820944 0.47385031559963936 0.7697841726618705 0.4743011722272317 0.7545963229416467 0.4675383228133454 0.7450039968025579 0.45897204688908927 0.7410071942446044 0.4558160504959423 0.7466027178257394 0.45356176735798015 0.7585931254996003 0.4495040577096483 0.7857713828936851 0.45671776375112716 0.7945643485211831
0 0.9152389540126239 0.4452438049560352 0.9287646528403968 0.45483613109512394 0.9355275022542832 0.4524380495603517 0.939585211902615 0.4396482813749001 0.9391343552750226 0.4292565947242206 0.9323715058611362 0.416466826538769 0.9292155094679891 0.41486810551558756 0.9179440937781785 0.4156674660271783 0.9147880973850315 0.4212629896083134 0.9125338142470695 0.43165467625899284 0.9120829576194771 0.43884892086330934 0.9152389540126239 0.4452438049560352
0 0.7114517583408476 0.8896882494004797 0.7236248872858432 0.8992805755395684 0.7272317403065826 0.8968824940047961 0.7335437330928765 0.8760991207034373 0.7294860234445446 0.8585131894484412 0.7245266005410279 0.8529176658673061 0.7200180342651037 0.8529176658673061 0.7173128944995492 0.8561151079136692 0.7114517583408476 0.8705035971223022 0.7100991884580703 0.8776978417266187 0.7114517583408476 0.8896882494004797
0 0.12714156898106402 0.7929656274980017 0.13119927862939584 0.7953637090327739 0.13660955816050496 0.8033573141486812 0.14743011722272317 0.8113509192645884 0.15374211000901714 0.815347721822542 0.15599639314697925 0.8137490007993605 0.16050495942290352 0.7937649880095924 0.16050495942290352 0.7889688249400479 0.15734896302975654 0.7809752198241406 0.14337240757439135 0.7681854516386891 0.13570784490532012 0.7649880095923263 0.12939585211902616 0.7673860911270984 0.12623985572587917 0.7761790567545964 0.12578899909828675 0.7905675459632294 0.12714156898106402 0.7929656274980017
0 0.45987376014427417 0.05115907274180656 0.46934174932371503 0.05275779376498801 0.47565374211000905 0.0407673860911271 0.47610459873760147 0.03597122302158274 0.4743011722272317 0.029576338928856916 0.4634806131650135 0.017585931254996006 0.4580703336339044 0.018385291766586733 0.45446348061316505 0.029576338928856916 0.4549143372407574 0.04636290967226219 0.45987376014427417 0.05115907274180656
0 0.47700631199278626 0.5395683453237411 0.4806131650135257 0.5395683453237411 0.4855725879170424 0.5243804956035172 0.4855725879170424 0.5107913669064749 0.4828674481514878 0.5051958433253397 0.48016230838593327 0.5035971223021583 0.46844003606853024 0.5011990407673861 0.4666366095581605 0.5027977617905676 0.4634806131650135 0.5139888089528377 0.4634806131650135 0.5267785771382895 0.47700631199278626 0.5395683453237411
0 0.7082957619477006 0.6962430055955237 0.7204688908926962 0.7058353317346123 0.7245266005410279 0.7050359712230216 0.7272317403065826 0.6986410871302958 0.7294860234445446 0.6770583533173462 0.7285843101893598 0.6722621902478018 0.7204688908926962 0.657074340527578 0.7100991884580703 0.6554756195043965 0.7055906221821461 0.6674660271782575 0.7042380522993689 0.6778577138289369 0.7037871956717764 0.689048760991207 0.7082957619477006 0.6962430055955237
0 0.46393146979260597 0.47002398081534774 0.48467087466185754 0.4908073541167067 0.48872858431018934 0.48920863309352525 0.4959422903516682 0.460431654676259 0.49188458070333635 0.4532374100719425 0.4715960324616772 0.4356514788169465 0.4679891794409378 0.43804956035171866 0.4630297565374211 0.4532374100719425 0.4621280432822363 0.46522781774580335 0.46393146979260597 0.47002398081534774
0 0.445897204688909 0.8425259792166268 0.4499549143372408 0.8425259792166268 0.45671776375112716 0.8297362110311751 0.45761947700631195 0.815347721822542 0.4526600541027953 0.8041566746602719 0.44454463480613166 0.8041566746602719 0.44183949504057707 0.8081534772182254 0.43913435527502254 0.8177458033573143 0.4386834986474301 0.8305355715427658 0.445897204688909 0.8425259792166268
0 0.7308385933273219 0.10711430855315748 0.7407574391343553 0.1167066346922462 0.7452660054102795 0.1167066346922462 0.7484220018034266 0.10951239008792966 0.7524797114517583 0.07274180655475619 0.7470694319206492 0.0639488409272582 0.7412082957619477 0.062350119904076746 0.7371505861136158 0.06954436450839328 0.729936880072137 0.09512390087929656 0.7290351668169522 0.10311750599520383 0.7308385933273219 0.10711430855315748
0 0.6131650135256989 0.47801758593125504 0.6248872858431019 0.486810551558753 0.627141568981064 0.486810551558753 0.630297565374211 0.48201438848920863 0.6339044183949504 0.45803357314148685 0.633453561767358 0.45003996802557955 0.6307484220018034 0.4420463629096723 0.6212804328223626 0.4356514788169465 0.6167718665464382 0.43645083932853723 0.6100090171325518 0.45803357314148685 0.6100090171325518 0.47002398081534774 0.6131650135256989 0.47801758593125504
0 0.7308385933273219 0.6051159072741806 0.7339945897204688 0.6131095123900879 0.7407574391343553 0.6195043964828137 0.7457168620378719 0.6211031175059952 0.7484220018034266 0.6083133493205436 0.7470694319206492 0.5851318944844125 0.7452660054102795 0.5795363709032775 0.7407574391343553 0.5739408473221423 0.7366997294860235 0.5739408473221423 0.733092876465284 0.5795363709032775 0.7303877366997296 0.5947242206235012 0.7308385933273219 0.6051159072741806
0 0.49188458070333635 0.14388489208633096 0.5121731289449956 0.15987210231814547 0.5157799819657348 0.1566746602717826 0.5184851217312895 0.14308553157474022 0.5135256988277728 0.13189448441247004 0.4981965734896303 0.1167066346922462 0.4945897204688909 0.11750599520383694 0.49098286744815145 0.12949640287769784 0.49008115419296666 0.1398880895283773 0.49188458070333635 0.14388489208633096
0 0.8074842200180342 0.34212629896083135 0.8210099188458071 0.354916067146283 0.825067628494139 0.3493205435651479 0.8282236248872858 0.33812949640287776 0.827321911632101 0.32933653077537967 0.8119927862939585 0.32214228617106316 0.8065825067628495 0.32454036770583533 0.805229936880072 0.33573141486810554 0.8074842200180342 0.34212629896083135
0 0.29305680793507666 0.3365307753796963 0.2966636609558161 0.33573141486810554 0.30162308385933273 0.32214228617106316 0.3002705139765554 0.31734612310151883 0.2912533814247069 0.31175059952038375 0.28809738503155996 0.31254996003197444 0.28539224526600543 0.3213429256594725 0.284941388638413 0.3309352517985612 0.29305680793507666 0.3365307753796963
0 0.18845807033363393 0.9432454036770584 0.20108205590622183 0.9568345323741008 0.20559062218214608 0.959232613908873 0.2091974752028855 0.9568345323741008 0.21145175834084762 0.9408473221422862 0.21145175834084762 0.9304556354916067 0.2096483318304779 0.9256594724220625 0.1934174932371506 0.9088729016786572 0.1902614968440036 0.9104716227018386 0.18665464382326422 0.920863309352518 0.18575293056807937 0.9360511590727418 0.18845807033363393 0.9432454036770584
0 0.9697926059513075 0.595523581135092 0.9729486023444545 0.5963229416466826 0.9873760144274121 0.5907274180655476 0.9900811541929667 0.5795363709032775 0.9900811541929667 0.5739408473221423 0.9882777276825969 0.5699440447641887 0.9779080252479712 0.5643485211830536 0.9711451758340848 0.5667466027178258 0.9679891794409378 0.5763389288569145 0.967087466185753 0.5907274180655476 0.9697926059513075 0.595523581135092
0 0.13976555455365194 0.2549960031974421 0.1501352569882777 0.2637889688249401 0.15374211000901714 0.2613908872901679 0.15374211000901714 0.2517985611510791 0.1496844003606853 0.24380495603517185 0.14156898106402163 0.2414068745003997 0.13841298467087468 0.24460431654676262 0.1375112714156898 0.25099920063948844 0.13976555455365194 0.2549960031974421