0 0.348512173128945 0.2637889688249401 0.357980162308386 0.26938449240607515 0.36158701532912535 0.26458832933653076 0.3629395852119026 0.25099920063948844 0.3606853020739405 0.24460431654676262 0.348512173128945 0.23980815347721826 0.34580703336339047 0.24940047961630699 0.345356176735798 0.2557953637090328 0.348512173128945 0.2637889688249401
0 0.07980162308385934 0.4876099120703437 0.09422903516681697 0.49880095923261397 0.09873760144274121 0.4948041566746603 0.10459873760144275 0.4796163069544365 0.10234445446348062 0.4716227018385292 0.08836789900811542 0.4556354916067146 0.08476104598737601 0.4540367705835332 0.08115419296663662 0.4588329336530776 0.07754733994589721 0.4716227018385292 0.07709648331830478 0.48121502797761795 0.07980162308385934 0.4876099120703437
0 0.16411181244364292 0.0319744204636291 0.1744815148782687 0.03756994404476419 0.17853922452660054 0.03597122302158274 0.18530207394048692 0.019984012789768184 0.18620378719567177 0.010391686650679457 0.18440036068530208 0 0.16771866546438233 0 0.16275924256086563 0.019984012789768184 0.16230838593327324 0.026378896882494004 0.16411181244364292 0.0319744204636291
0 0.2885482416591524 0.5587529976019185 0.29621280432822367 0.5643485211830536 0.3011722272317403 0.5603517186250999 0.30162308385933273 0.5531574740207834 0.2975653742110009 0.5467625899280576 0.2917042380522994 0.542765787370104 0.2889990982867448 0.542765787370104 0.28764652840396754 0.5459632294164669 0.2871956717763751 0.5563549160671463 0.2885482416591524 0.5587529976019185
0 0.5410279531109107 0.06794564348521183 0.5522993688007214 0.08633093525179857 0.5572587917042381 0.08633093525179857 0.5608656447249775 0.07354116706634693 0.5613165013525699 0.05675459632294165 0.5468890892696122 0.04716227018385292 0.5410279531109107 0.05115907274180656 0.5396753832281335 0.0583533173461231 0.5410279531109107 0.06794564348521183
0 0.0175834084761046 0.7521982414068745 0.02569882777276826 0.7617905675459633 0.030207394048692517 0.7633892885691447 0.033363390441839495 0.7442046362909672 0.019837691614066726 0.7194244604316546 0.016230838593327322 0.7154276578737011 0.012173128944995492 0.7154276578737011 0.006762849413886384 0.7266187050359713 0.0063119927862939585 0.7322142286171064 0.0175834084761046 0.7521982414068745
0 0.14382326420198377 0.1566746602717826 0.1496844003606853 0.15507593924860114 0.15284039675383226 0.14228617106314947 0.1510369702434626 0.12310151878497202 0.14382326420198377 0.1167066346922462 0.13706041478809738 0.11830535571542766 0.13300270513976556 0.12310151878497202 0.13210099188458072 0.14228617106314947 0.14382326420198377 0.1566746602717826
0 0.26825969341749323 0.4212629896083134 0.2862939585211903 0.43325339728217427 0.28990081154192965 0.4324540367705836 0.2917042380522994 0.4292565947242206 0.29531109107303877 0.4108713029576339 0.2939585211902615 0.4020783373301359 0.28539224526600543 0.3932853717026379 0.28358881875563574 0.390087929656275 0.28268710550045084 0.381294964028777 0.2795311091073039 0.37809752198241414 0.27592425608656446 0.37809752198241414 0.27141568981064024 0.3868904876099121 0.26465284039675385 0.4084732214228617 0.26420198376916143 0.41486810551558756 0.26825969341749323 0.4212629896083134
0 0.11947700631199279 0.18864908073541167 0.13255184851217314 0.19264588329336532 0.13660955816050496 0.18864908073541167 0.1388638412984671 0.1774580335731415 0.1375112714156898 0.16706634692246206 0.11992786293958521 0.1542765787370104 0.11587015329125337 0.16626698641087131 0.11541929666366096 0.18145483613109514 0.11947700631199279 0.18864908073541167
0 0.16816952209197475 0.5163868904876099 0.17132551848512173 0.5155875299760192 0.172678088367899 0.5123900879296562 0.17493237150586113 0.5027977617905676 0.17493237150586113 0.49880095923261397 0.172678088367899 0.4948041566746603 0.1600541027953111 0.4836131095123901 0.1532912533814247 0.4804156674660272 0.14743011722272317 0.4804156674660272 0.14652840396753833 0.4836131095123901 0.14697926059513075 0.49800159872102323 0.16816952209197475 0.5163868904876099
0 0.4842200180342651 0.26938449240607515 0.48692515779981965 0.2733812949640288 0.4954914337240758 0.27737809752198245 0.49864743011722273 0.27258193445243806 0.5018034265103697 0.2621902478017586 0.5036068530207394 0.2470023980815348 0.5013525698827773 0.23741007194244604 0.49413886384129846 0.2302158273381295 0.48737601442741213 0.2294164668265388 0.4837691614066727 0.2334132693844924 0.4806131650135257 0.24620303756994405 0.48016230838593327 0.2541966426858513 0.4842200180342651 0.26938449240607515
0 0.17132551848512173 0.13589128697042366 0.18079350766456267 0.14468425259792167 0.18530207394048692 0.14468425259792167 0.18935978358881875 0.13589128697042366 0.19116321009918846 0.12629896083133493 0.18845807033363393 0.10871302957633892 0.1834986474301172 0.10311750599520383 0.17538322813345356 0.1047162270183853 0.1704238052299369 0.12310151878497202 0.16997294860234446 0.13029576338928858 0.17132551848512173 0.13589128697042366
0 0 0.9248601119104717 0.0018034265103697026 0.9256594724220625 0.004508566275924256 0.9344524380495605 0.018935978358881875 0.9480415667466028 0.02254283137962128 0.9320543565147882 0.022091974752028856 0.9248601119104717 0.013074842200180344 0.9048760991207034 0.001352569882777277 0.8928856914468426 0 0.8928856914468426 0 0.9248601119104717
0 0.3034265103697024 0.7585931254996003 0.3097385031559964 0.7665867306155076 0.31424706943192066 0.765787370103917 0.3174030658250676 0.7593924860111911 0.3196573489630297 0.7474020783373301 0.3174030658250676 0.7338129496402878 0.3106402164111813 0.7258193445243806 0.30703336339044185 0.7258193445243806 0.3034265103697024 0.7330135891286971 0.30252479711451763 0.7386091127098321 0.30162308385933273 0.7498001598721024 0.3034265103697024 0.7585931254996003
0 0.3606853020739405 0.5051958433253397 0.3660955816050496 0.5099920063948842 0.3719567177637511 0.5083932853717026 0.3764652840396754 0.5019984012789769 0.3800721370604148 0.4940047961630696 0.3814247069431921 0.4860111910471623 0.3805229936880072 0.47801758593125504 0.3764652840396754 0.47002398081534774 0.366546438232642 0.46282973621103124 0.36158701532912535 0.4636290967226219 0.357980162308386 0.469224620303757 0.35482416591523896 0.4796163069544365 0.35527502254283133 0.4932054356514788 0.3606853020739405 0.5051958433253397
0 0.4657348963029757 0.5667466027178258 0.47024346257889993 0.5667466027178258 0.4783588818755636 0.5395683453237411 0.47520288548241657 0.5331734612310152 0.4666366095581605 0.5275779376498801 0.4625788999098287 0.5315747402078338 0.45852119026149685 0.5515587529976019 0.4594229035166817 0.5611510791366906 0.4657348963029757 0.5667466027178258
0 0.34761045987376016 0.17665867306155078 0.3624887285843102 0.1894484412470024 0.3669972948602344 0.1830535571542766 0.36834986474301173 0.16866506794564348 0.3647430117222723 0.1574740207833733 0.3602344454463481 0.15187849720223823 0.35211902614968443 0.14708233413269386 0.348512173128945 0.1510791366906475 0.345356176735798 0.16227018385291767 0.34490532010820557 0.17266187050359713 0.34761045987376016 0.17665867306155078
0 0.37330928764652843 0.2094324540367706 0.3764652840396754 0.2126298960831335 0.3800721370604148 0.2126298960831335 0.3872858431018936 0.18705035971223025 0.38773669972948605 0.17905675459632295 0.38097385031559966 0.17026378896882494 0.37285843101893595 0.16786570743405277 0.369702434625789 0.17186250999200642 0.3678990081154193 0.1806554756195044 0.3678990081154193 0.19024780175859313 0.37330928764652843 0.2094324540367706
0 0.10595130748422002 0.9104716227018386 0.10865644724977458 0.9128697042366107 0.1127141568981064 0.9128697042366107 0.1145175834084761 0.9104716227018386 0.11587015329125337 0.8968824940047961 0.11226330027051398 0.8808952837729817 0.10595130748422002 0.8784972022382095 0.09828674481514879 0.8864908073541167 0.09873760144274121 0.8960831334932055 0.10595130748422002 0.9104716227018386
0 0.2601442741208296 0.5675459632294165 0.26645626690712354 0.5763389288569145 0.2723174030658251 0.5771382893685052 0.27592425608656446 0.5643485211830536 0.27592425608656446 0.5531574740207834 0.27366997294860235 0.5491606714628298 0.26916140667267807 0.5467625899280576 0.2651036970243463 0.5459632294164669 0.26149684400360684 0.5499600319744204 0.25924256086564473 0.5563549160671463 0.2601442741208296 0.5675459632294165