0 0.018034265103697024 0.32933653077537967 0.030207394048692517 0.3309352517985612 0.03742110009017133 0.32773780975219824 0.03832281334535618 0.3061550759392486 0.035617673579801626 0.2885691446842526 0.03291253381424707 0.28617106314948043 0.018935978358881875 0.2877697841726619 0.017132551848512173 0.2901678657074341 0.016230838593327322 0.2965627498001599 0.016230838593327322 0.3229416466826539 0.018034265103697024 0.32933653077537967
0 0.18440036068530208 0.6994404476418865 0.19702434625788998 0.6986410871302958 0.19927862939585214 0.6730615507593926 0.1988277727682597 0.6546762589928058 0.19612263300270513 0.6506794564348523 0.18575293056807937 0.6506794564348523 0.1830477908025248 0.6546762589928058 0.18214607754733994 0.6602717825739409 0.18169522091974755 0.6970423661071143 0.18440036068530208 0.6994404476418865
0 0.07529305680793508 0.8737010391686652 0.09648331830477908 0.8649080735411672 0.09873760144274121 0.8617106314948043 0.09873760144274121 0.8561151079136692 0.09467989179440937 0.8521183053557154 0.07078449053201082 0.862509992006395 0.07078449053201082 0.8705035971223022 0.07529305680793508 0.8737010391686652
0 0.18079350766456267 0.8553157474020784 0.22001803426510372 0.859312549960032 0.2339945897204689 0.859312549960032 0.23534715960324618 0.8553157474020784 0.2357980162308386 0.818545163868905 0.2339945897204689 0.8145483613109513 0.22723174030658252 0.8105515587529977 0.1920649233543733 0.8089528377298163 0.18034265103697025 0.8129496402877698 0.17853922452660054 0.8233413269384493 0.17808836789900812 0.850519584332534 0.18079350766456267 0.8553157474020784
0 0.21235347159603246 0.9104716227018386 0.2285843101893598 0.9104716227018386 0.22948602344454463 0.8928856914468426 0.22768259693417492 0.8864908073541167 0.21776375112714155 0.8816946442845724 0.21280432822362488 0.8816946442845724 0.21145175834084762 0.8840927258193446 0.21100090171325517 0.8984812150279777 0.21235347159603246 0.9104716227018386
0 0.2551848512173129 0.8457234212629897 0.26194770063119927 0.8481215027977619 0.2871956717763751 0.8481215027977619 0.28990081154192965 0.8457234212629897 0.28990081154192965 0.8297362110311751 0.2862939585211903 0.8161470823341327 0.27051397655545534 0.8169464428457234 0.25428313796212804 0.8225419664268585 0.2538322813345356 0.8393285371702638 0.2551848512173129 0.8457234212629897
0 0.07439134355275022 0.8912869704236611 0.1018935978358882 0.8872901678657075 0.1036970243462579 0.8840927258193446 0.1036970243462579 0.8792965627498002 0.1018935978358882 0.8760991207034373 0.07168620378719567 0.8816946442845724 0.07078449053201082 0.8872901678657075 0.07439134355275022 0.8912869704236611
0 0.09828674481514879 0.39648281374900085 0.12218214607754734 0.4012789768185452 0.12623985572587917 0.39728217426059154 0.1266907123534716 0.3836930455635492 0.12263300270513977 0.3756994404476419 0.10234445446348062 0.37170263788968827 0.09603246167718665 0.3741007194244605 0.09603246167718665 0.390087929656275 0.09828674481514879 0.39648281374900085
0 0.07168620378719567 0.8617106314948043 0.0915238954012624 0.8497202238209433 0.09287646528403969 0.841726618705036 0.09197475202885483 0.8393285371702638 0.08746618575293057 0.8393285371702638 0.06627592425608657 0.8521183053557154 0.06627592425608657 0.859312549960032 0.07168620378719567 0.8617106314948043
0 0.18710550045085664 0.577937649880096 0.18890892696122633 0.5835331734612311 0.22452660054102797 0.5859312549960032 0.22948602344454463 0.5883293365307755 0.23534715960324618 0.5883293365307755 0.23760144274120829 0.5843325339728218 0.2357980162308386 0.5619504396482814 0.23128944995491435 0.5547561950439649 0.22993688007213708 0.5395683453237411 0.22723174030658252 0.5307753796962431 0.22452660054102797 0.5283772981614708 0.19612263300270513 0.5275779376498801 0.18890892696122633 0.5355715427657874 0.18755635707844906 0.5459632294164669 0.18665464382326422 0.5667466027178258 0.18710550045085664 0.577937649880096
0 0.11947700631199279 0.16786570743405277 0.1375112714156898 0.16866506794564348 0.13931469792605952 0.16626698641087131 0.13931469792605952 0.1510791366906475 0.13706041478809738 0.14148681055155876 0.12037871956717765 0.1398880895283773 0.11857529305680793 0.14308553157474022 0.11812443642921551 0.15987210231814547 0.11947700631199279 0.16786570743405277
0 0.2479711451758341 0.9040767386091128 0.25969341749323716 0.9040767386091128 0.260595130748422 0.8920863309352519 0.2587917042380523 0.8808952837729817 0.2479711451758341 0.8792965627498002 0.24616771866546439 0.8824940047961631 0.24571686203787196 0.8960831334932055 0.2479711451758341 0.9040767386091128