0 0.9278629395852119 0.3597122302158273 0.9382326420198377 0.3741007194244605 0.9427412082957619 0.3749000799360512 0.9463480613165013 0.36211031175059955 0.9531109107303878 0.34852118305355717 0.9531109107303878 0.34532374100719426 0.9467989179440939 0.3309352517985612 0.9386834986474301 0.3237410071942446 0.9350766456266908 0.32693844924060755 0.926961226330027 0.3493205435651479 0.9265103697024346 0.3557154276578737 0.9278629395852119 0.3597122302158273
0 0.2236248872858431 0.7210231814548362 0.23985572587917042 0.7226219024780176 0.2430117222723174 0.7202238209432456 0.2430117222723174 0.6922462030375699 0.23083859332732193 0.6866506794564349 0.22272317403065825 0.689048760991207 0.2218214607754734 0.7018385291766587 0.2236248872858431 0.7210231814548362
0 0 0.31974420463629094 0.015779981965734897 0.3213429256594725 0.01848512173128945 0.31894484412470026 0.020288548241659154 0.31414868105515587 0.020288548241659154 0.3061550759392486 0.016230838593327322 0.2901678657074341 0.009918845807033363 0.28617106314948043 0.002254283137962128 0.2853717026378897 0 0.2853717026378897 0 0.31974420463629094
0 0.18710550045085664 0.6602717825739409 0.20288548241659152 0.6642685851318945 0.20874661857529306 0.6618705035971224 0.2096483318304779 0.6354916067146283 0.20513976555455368 0.6330935251798562 0.18845807033363393 0.6322941646682655 0.18530207394048692 0.6370903277378098 0.1848512173128945 0.6546762589928058 0.18710550045085664 0.6602717825739409
0 0.13976555455365194 0.6219024780175859 0.14743011722272317 0.6266986410871304 0.175834084761046 0.6282973621103117 0.17853922452660054 0.627498001598721 0.17989179440937783 0.6235011990407675 0.17944093778178538 0.6123101518784972 0.17538322813345356 0.6091127098321344 0.1406672678088368 0.6067146282973622 0.13931469792605952 0.6091127098321344 0.13976555455365194 0.6219024780175859
0 0.2484220018034265 0.6658673061550759 0.26284941388638416 0.6658673061550759 0.26690712353471596 0.6618705035971224 0.2673579801623084 0.6434852118305356 0.2655545536519387 0.6402877697841727 0.2556357078449053 0.6378896882494005 0.2479711451758341 0.6378896882494005 0.24571686203787196 0.6402877697841727 0.24526600541027954 0.6530775379696243 0.2484220018034265 0.6658673061550759
0 0.21370604147880973 0.2677857713828937 0.25293056807935077 0.27258193445243806 0.2583408476104599 0.2717825739408473 0.25924256086564473 0.2685851318944844 0.2587917042380523 0.25819344524380494 0.2560865644724978 0.2549960031974421 0.21325518485121733 0.24940047961630699 0.21055004508566277 0.2517985611510791 0.21100090171325517 0.26538768984812156 0.21370604147880973 0.2677857713828937
0 0.18169522091974755 0.2637889688249401 0.20423805229936878 0.266986410871303 0.2073940486925158 0.266986410871303 0.2096483318304779 0.2637889688249401 0.2096483318304779 0.2541966426858513 0.2073940486925158 0.2501998401278977 0.18890892696122633 0.24620303756994405 0.17853922452660054 0.2470023980815348 0.17808836789900812 0.2589928057553957 0.18169522091974755 0.2637889688249401
0 0.18800721370604148 0.2853717026378897 0.20198376916140667 0.2877697841726619 0.2091974752028855 0.28617106314948043 0.20874661857529306 0.2789768185451639 0.20694319206492334 0.27577937649880097 0.1898106402164112 0.2733812949640288 0.18620378719567177 0.2749800159872102 0.18575293056807937 0.2821742605915268 0.18800721370604148 0.2853717026378897
0 0.014878268710550046 0.6258992805755397 0.04102795311091073 0.627498001598721 0.044634806131650134 0.6235011990407675 0.044634806131650134 0.5995203836930456 0.04147880973850316 0.5875299760191847 0.03651938683498648 0.5843325339728218 0.025247971145175834 0.5843325339728218 0.016681695220919748 0.5811350919264588 0.011722272317403066 0.5843325339728218 0.01127141568981064 0.6139088729016786 0.014878268710550046 0.6258992805755397
0 0.7245266005410279 0.6778577138289369 0.7448151487826871 0.6946442845723421 0.7497745716862038 0.6914468425259792 0.7529305680793508 0.6842525979216627 0.7547339945897205 0.6746602717825739 0.7524797114517583 0.6546762589928058 0.7389540126239856 0.6410871302957634 0.7339945897204688 0.6442845723421263 0.7267808836789902 0.657074340527578 0.7236248872858432 0.6674660271782575 0.7231740306582507 0.6746602717825739 0.7245266005410279 0.6778577138289369
0 0.2091974752028855 0.2853717026378897 0.21235347159603246 0.2885691446842526 0.2511271415689811 0.29256594724220625 0.2551848512173129 0.29256594724220625 0.2578899909828674 0.28936850519584334 0.2578899909828674 0.28457234212629895 0.2556357078449053 0.2813749000799361 0.21055004508566277 0.2765787370103917 0.2091974752028855 0.2789768185451639 0.2091974752028855 0.2853717026378897
0 0.9084761045987376 0.33812949640287776 0.9111812443642923 0.34212629896083135 0.9188458070333634 0.3469224620303757 0.9220018034265104 0.3445243804956035 0.9256086564472498 0.33733013589128696 0.9256086564472498 0.3309352517985612 0.9179440937781785 0.3165467625899281 0.9111812443642923 0.31175059952038375 0.9075743913435527 0.3181454836131095 0.9062218214607755 0.32773780975219824 0.9084761045987376 0.33812949640287776
0 0.009918845807033363 0.09512390087929656 0.016681695220919748 0.09912070343725021 0.031109107303877368 0.09752198241406874 0.03381424706943192 0.08553157474020784 0.033363390441839495 0.049560351718625106 0.027953110910730387 0.045563549160671464 0.018935978358881875 0.04476418864908074 0.01036970243462579 0.045563549160671464 0.008115419296663661 0.04796163069544365 0.007664562669071236 0.08792965627498003 0.009918845807033363 0.09512390087929656
0 0.6844003606853021 0.8137490007993605 0.7096483318304779 0.832933653077538 0.7132551848512173 0.8305355715427658 0.7173128944995492 0.8073541167066347 0.7128043282236249 0.7897681854516387 0.6929666366095582 0.7721822541966427 0.6884580703336339 0.7737809752198243 0.6812443642921551 0.8033573141486812 0.6812443642921551 0.809752198241407 0.6844003606853021 0.8137490007993605
0 0.4143372407574391 0.21982414068745004 0.4165915238954013 0.2238209432454037 0.4522091974752029 0.2278177458033573 0.45626690712353474 0.2222222222222222 0.45671776375112716 0.20623501199040767 0.4495040577096483 0.19344524380495606 0.4192966636609558 0.18625099920063948 0.4147880973850316 0.18784972022382096 0.4138863841298467 0.1918465227817746 0.41343552750225426 0.21342925659472425 0.4143372407574391 0.21982414068745004