0 0.8277727682596934 0.4452438049560352 0.8318304779080252 0.4508393285371703 0.8390441839495041 0.4508393285371703 0.8485121731289451 0.44364508393285373 0.8462578899909828 0.43085531574740216 0.8412984670874663 0.4180655475619504 0.8349864743011722 0.4172661870503597 0.8264201983769162 0.42845723421262993 0.8259693417493238 0.4348521183053557 0.8277727682596934 0.4452438049560352
0 0.6623083859332732 0.920863309352518 0.6654643823264202 0.9392486011191048 0.6686203787195673 0.9416466826538769 0.6776375112714157 0.938449240607514 0.6789900811541929 0.9352517985611511 0.6740306582506763 0.9112709832134293 0.6717763751127143 0.9072741806554757 0.6641118124436429 0.9104716227018386 0.6623083859332732 0.9136690647482014 0.6623083859332732 0.920863309352518
0 0.3295761947700631 0.7458033573141487 0.3313796212804328 0.748201438848921 0.3367899008115419 0.748201438848921 0.34490532010820557 0.7458033573141487 0.35437330928764654 0.7386091127098321 0.3669972948602344 0.7346123101518786 0.369702434625789 0.7306155075939249 0.369702434625789 0.7274180655475619 0.3660955816050496 0.7170263788968825 0.36203787195671777 0.7162270183852918 0.3467087466185753 0.718625099920064 0.3309287646528404 0.7258193445243806 0.32822362488728585 0.7306155075939249 0.32777276825969337 0.7370103916866507 0.3295761947700631 0.7458033573141487
0 0.7678088367899009 0.26618705035971224 0.7754733994589721 0.26538768984812156 0.7655545536519388 0.26538768984812156 0.7655545536519388 0.2733812949640288 0.7678088367899009 0.26618705035971224
0 0.7551848512173129 0.2414068745003997 0.7655545536519388 0.2414068745003997 0.7696122633002704 0.23741007194244604 0.7696122633002704 0.2270183852917666 0.7633002705139765 0.20783373301358915 0.7569882777276826 0.2070343725019984 0.7524797114517583 0.21023181454836132 0.7515779981965736 0.21502797761790568 0.7551848512173129 0.2414068745003997
0 0.2984670874661858 0.6243005595523582 0.3002705139765554 0.627498001598721 0.30793507664562675 0.6235011990407675 0.31018935978358886 0.6195043964828137 0.31018935978358886 0.6155075939248602 0.30793507664562675 0.6051159072741806 0.30748422001803427 0.592326139088729 0.30387736699729484 0.586730615507594 0.2935076645626691 0.5915267785771383 0.2935076645626691 0.6075139888089529 0.2984670874661858 0.6243005595523582
0 0.793507664562669 0.6946442845723421 0.796663660955816 0.695443645083933 0.8047790802524797 0.6898481215027978 0.8002705139765555 0.6650679456434853 0.7962128043282236 0.6642685851318945 0.7885482416591524 0.6714628297362111 0.7885482416591524 0.6794564348521184 0.793507664562669 0.6946442845723421
0 0.6785392245266005 0.30295763389288566 0.6812443642921551 0.3077537969624301 0.6934174932371506 0.3045563549160672 0.6974752028854824 0.2997601918465228 0.6961226330027052 0.2885691446842526 0.6929666366095582 0.2805755395683453 0.6893597835888188 0.2797761790567546 0.6780883678990081 0.2869704236610712 0.6771866546438233 0.29096722621902477 0.6785392245266005 0.30295763389288566
0 0.8999098286744815 0.3756994404476419 0.9075743913435527 0.3996802557953637 0.9107303877366997 0.40447641886490815 0.9152389540126239 0.40687450039968026 0.9256086564472498 0.39408473221422863 0.9278629395852119 0.381294964028777 0.926961226330027 0.3741007194244605 0.9143372407574392 0.3413269384492406 0.9111812443642923 0.33733013589128696 0.9080252479711453 0.33892885691446845 0.8967538322813345 0.3557154276578737 0.897204688908927 0.3661071143085532 0.8999098286744815 0.3756994404476419
0 0.47385031559963936 0.20543565147881696 0.47700631199278626 0.21103117505995203 0.4945897204688909 0.2038369304556355 0.4945897204688909 0.19664268585131894 0.49098286744815145 0.18145483613109514 0.48512173128945 0.16786570743405277 0.4765554553651939 0.16786570743405277 0.47249774571686204 0.17426059152677859 0.4715960324616772 0.18625099920063948 0.47385031559963936 0.20543565147881696
0 0.6181244364292156 0.5579536370903277 0.628043282236249 0.5755395683453238 0.633453561767358 0.5755395683453238 0.6447249774571686 0.5675459632294165 0.6438232642019839 0.5539568345323741 0.6406672678088369 0.5395683453237411 0.636609558160505 0.5299760191846523 0.6244364292155096 0.5347721822541966 0.6176735798016231 0.5459632294164669 0.6167718665464382 0.5531574740207834 0.6181244364292156 0.5579536370903277
0 0.44409377817853923 0.7729816147082335 0.4472497745716862 0.7737809752198243 0.4571686203787196 0.7673860911270984 0.45626690712353474 0.7529976019184652 0.4540126239855726 0.748201438848921 0.445897204688909 0.7466027178257394 0.44183949504057707 0.7490007993605117 0.4409377817853923 0.7609912070343725 0.44409377817853923 0.7729816147082335
0 0.8498647430117223 0.9992006394884093 0.8584310189359784 0.9992006394884093 0.8638412984670875 0.9904076738609113 0.8656447249774571 0.9840127897681855 0.8642921550946799 0.9768185451638689 0.8557258791704238 0.9536370903277379 0.8485121731289451 0.9560351718625101 0.8435527502254283 0.9632294164668266 0.8431018935978359 0.9696243005595524 0.8498647430117223 0.9992006394884093
0 0.7763751127141569 0.38609112709832133 0.7795311091073039 0.39408473221422863 0.7953110910730388 0.39408473221422863 0.8011722272317404 0.390087929656275 0.8002705139765555 0.3756994404476419 0.7962128043282236 0.3525179856115108 0.7889990982867447 0.3501199040767386 0.7754733994589721 0.35651478816946447 0.7741208295761948 0.3629096722621903 0.7763751127141569 0.38609112709832133
0 0.5640216411181245 0.9992006394884093 0.5631199278629396 0.991207034372502 0.5599639314697926 0.9848121502797762 0.5464382326420198 0.9904076738609113 0.5437330928764653 0.9960031974420465 0.5432822362488728 0.9992006394884093 0.5640216411181245 0.9992006394884093
0 0.4138863841298467 0.5891286970423661 0.4224526600541028 0.5859312549960032 0.42515779981965734 0.5819344524380495 0.42200180342651034 0.5595523581135092 0.41794409377817854 0.5467625899280576 0.41118124436429215 0.5467625899280576 0.40712353471596036 0.5651478816946442 0.40712353471596036 0.5755395683453238 0.4138863841298467 0.5891286970423661
0 0.23038773669972948 0.7897681854516387 0.23850315599639313 0.7905675459632294 0.24661857529305684 0.7857713828936851 0.24526600541027954 0.7721822541966427 0.24211000901713256 0.7601918465227818 0.23174030658250674 0.7609912070343725 0.22768259693417492 0.7641886490807354 0.22723174030658252 0.7697841726618705 0.23038773669972948 0.7897681854516387
0 0.8435527502254283 0.7865707434052758 0.8449053201082056 0.7985611510791367 0.8489630297565375 0.8001598721023181 0.8570784490532011 0.7929656274980017 0.8588818755635708 0.7889688249400479 0.8507664562669072 0.7593924860111911 0.8462578899909828 0.753796962430056 0.8417493237150586 0.753796962430056 0.8394950405770965 0.7585931254996003 0.8390441839495041 0.7681854516386891 0.8435527502254283 0.7865707434052758
0 0.7389540126239856 0.6195043964828137 0.7452660054102795 0.6211031175059952 0.7520288548241659 0.6147082334132695 0.7502254283137962 0.5907274180655476 0.7484220018034266 0.5851318944844125 0.74165915238954 0.586730615507594 0.7348963029756538 0.592326139088729 0.7357980162308386 0.6091127098321344 0.7389540126239856 0.6195043964828137
0 0.20108205590622183 0.8729016786570745 0.2073940486925158 0.8745003996802558 0.21370604147880973 0.8697042366107114 0.21325518485121733 0.8609112709832134 0.20874661857529306 0.8441247002398081 0.20198376916140667 0.8433253397282174 0.19747520288548243 0.8497202238209433 0.1988277727682597 0.8665067945643485 0.20108205590622183 0.8729016786570745
0 0.4621280432822363 0.636290967226219 0.4666366095581605 0.6386890487609912 0.47249774571686204 0.636290967226219 0.47339945897204694 0.6306954436450839 0.4715960324616772 0.6155075939248602 0.4697926059513075 0.6115107913669064 0.4643823264201984 0.6107114308553158 0.45987376014427417 0.6171063149480416 0.46032461677186653 0.6314948041566747 0.4621280432822363 0.636290967226219
0 0.9179440937781785 0.7130295763389289 0.9251577998196574 0.7290167865707434 0.9287646528403968 0.7298161470823342 0.9359783588818756 0.7234212629896084 0.936429215509468 0.7194244604316546 0.9323715058611362 0.7058353317346123 0.9247069431920649 0.6882494004796164 0.9215509467989179 0.6866506794564349 0.9161406672678089 0.6922462030375699 0.9147880973850315 0.6994404476418865 0.9179440937781785 0.7130295763389289
0 0.5022542831379622 0.9664268585131894 0.5049594229035167 0.9680255795363709 0.5180342651036971 0.9632294164668266 0.5148782687105501 0.9400479616306955 0.5121731289449956 0.938449240607514 0.5 0.9440447641886491 0.49864743011722273 0.9504396482813751 0.5022542831379622 0.9664268585131894
0 0.6853020739404869 0.9176658673061552 0.6911632100991884 0.9184652278177459 0.700180342651037 0.9112709832134293 0.7006311992786294 0.9040767386091128 0.6961226330027052 0.8832933653077538 0.6920649233543733 0.8824940047961631 0.6803426510369702 0.8880895283772982 0.6807935076645627 0.9000799360511591 0.6853020739404869 0.9176658673061552
0 0.5085662759242561 0.37170263788968827 0.5157799819657348 0.37250199840127896 0.5293056807935077 0.3661071143085532 0.5324616771866546 0.3613109512390088 0.5302073940486925 0.3365307753796963 0.5229936880072137 0.3237410071942446 0.5180342651036971 0.3229416466826539 0.5027051397655545 0.33253397282174263 0.5022542831379622 0.33892885691446845 0.5085662759242561 0.37170263788968827
0 0.3850315599639315 0.565947242206235 0.4003606853020739 0.5619504396482814 0.40667267808836793 0.5539568345323741 0.40577096483318303 0.5403677058353318 0.40171325518485124 0.525179856115108 0.39495040577096485 0.525179856115108 0.3782687105500451 0.5307753796962431 0.3800721370604148 0.5531574740207834 0.3850315599639315 0.565947242206235
0 0.4044183949504058 0.885691446842526 0.40802524797114514 0.8864908073541167 0.42515779981965734 0.8760991207034373 0.4355275022542831 0.8784972022382095 0.4409377817853923 0.8737010391686652 0.4359783588818755 0.8457234212629897 0.43192064923354373 0.8393285371702638 0.42515779981965734 0.8401278976818546 0.3999098286744815 0.8529176658673061 0.3994589720468891 0.8657074340527579 0.4044183949504058 0.885691446842526
0 0.6262398557258791 0.4020783373301359 0.6402164111812444 0.39568345323741005 0.6429215509467989 0.3908872901678657 0.6406672678088369 0.37250199840127896 0.6370604147880974 0.36530775379696245 0.6298467087466186 0.3677058353317346 0.6230838593327321 0.38049560351718625 0.6221821460775473 0.3924860111910472 0.6262398557258791 0.4020783373301359
0 0.49098286744815145 0.6099120703437251 0.4977457168620379 0.6298960831334932 0.5225428313796213 0.6219024780175859 0.5252479711451759 0.6187050359712231 0.5261496844003607 0.6139088729016786 0.5229936880072137 0.5915267785771383 0.5198376916140668 0.5891286970423661 0.5040577096483319 0.5947242206235012 0.49323715058611367 0.6019184652278178 0.49098286744815145 0.6059152677857713 0.49098286744815145 0.6099120703437251
0 0.4008115419296664 0.27258193445243806 0.402614968440036 0.2749800159872102 0.41027953110910736 0.27577937649880097 0.4147880973850316 0.2717825739408473 0.4165915238954013 0.2613908872901679 0.41568981064021643 0.2565947242206235 0.412082957619477 0.25099920063948844 0.40712353471596036 0.25099920063948844 0.4003606853020739 0.2549960031974421 0.3994589720468891 0.26458832933653076 0.4008115419296664 0.27258193445243806
0 0.5396753832281335 0.7953637090327739 0.5468890892696122 0.7945643485211831 0.5577096483318305 0.7865707434052758 0.5572587917042381 0.7737809752198243 0.5554553651938684 0.7697841726618705 0.5459873760144275 0.771382893685052 0.539224526600541 0.7761790567545964 0.5374211000901714 0.7825739408473221 0.5396753832281335 0.7953637090327739
0 0.8557258791704238 0.4404476418864908 0.8593327321911632 0.4404476418864908 0.8660955816050496 0.4324540367705836 0.8620378719567178 0.41486810551558756 0.8588818755635708 0.4084732214228617 0.8525698827772769 0.4108713029576339 0.8503155996393147 0.4140687450039968 0.8516681695220919 0.43085531574740216 0.8557258791704238 0.4404476418864908
0 0.6109107303877367 0.15027977617905677 0.6145175834084761 0.15587529976019188 0.6194770063119928 0.1542765787370104 0.6217312894499549 0.14308553157474022 0.627141568981064 0.1366906474820144 0.6266907123534716 0.12629896083133493 0.6235347159603246 0.10951239008792966 0.6167718665464382 0.10071942446043165 0.6131650135256989 0.10071942446043165 0.6041478809738504 0.11031175059952039 0.6055004508566276 0.12470023980815349 0.6109107303877367 0.15027977617905677
0 0.8106402164111812 0.9264588329336532 0.8214607754733995 0.9200639488409273 0.8255184851217313 0.9112709832134293 0.8210099188458071 0.8952837729816148 0.8178539224526601 0.8912869704236611 0.8047790802524797 0.9016786570743406 0.805229936880072 0.9112709832134293 0.8106402164111812 0.9264588329336532
0 0.8210099188458071 0.5715427657873702 0.8291253381424708 0.5707434052757794 0.8412984670874663 0.5611510791366906 0.8381424706943192 0.542765787370104 0.8354373309287646 0.5347721822541966 0.8318304779080252 0.5299760191846523 0.824165915238954 0.5315747402078338 0.8160504959422903 0.5395683453237411 0.8160504959422903 0.5555555555555556 0.8210099188458071 0.5715427657873702
0 0.7240757439134355 0.2589928057553957 0.7317403065825068 0.2597921662669864 0.7385031559963932 0.2549960031974421 0.7294860234445446 0.22302158273381298 0.7258791704238052 0.2214228617106315 0.7191163210099188 0.22541966426858515 0.7182146077547341 0.23101518784972022 0.7240757439134355 0.2589928057553957
0 0.3823264201983769 0.7665867306155076 0.3868349864743012 0.7673860911270984 0.3963029756537421 0.762589928057554 0.3994589720468891 0.7577937649880097 0.3976555455365194 0.7458033573141487 0.39404869251577995 0.7362110311750599 0.3805229936880072 0.7402078337330137 0.37781785392245265 0.7442046362909672 0.3782687105500451 0.7593924860111911 0.3823264201983769 0.7665867306155076
0 0.6000901713255185 0.42286171063149486 0.6131650135256989 0.4188649080735412 0.6212804328223626 0.4092725819344525 0.6208295761947701 0.4004796163069545 0.6163210099188459 0.3844924060751399 0.602795311091073 0.3892885691446843 0.5946798917944094 0.39728217426059154 0.5951307484220018 0.41486810551558756 0.6000901713255185 0.42286171063149486
0 0.9522091974752029 0.8864908073541167 0.9567177637511272 0.8880895283772982 0.9616771866546439 0.8832933653077538 0.9625788999098286 0.8752997601918465 0.9558160504959423 0.8513189448441247 0.9522091974752029 0.850519584332534 0.9463480613165013 0.8569144684252599 0.9472497745716862 0.8689048760991207 0.9522091974752029 0.8864908073541167
0 0.43192064923354373 0.5627498001598722 0.4346257889990983 0.565947242206235 0.44183949504057707 0.5635491606714629 0.44229035166816955 0.5555555555555556 0.4368800721370604 0.533972821742606 0.4355275022542831 0.5315747402078338 0.4287646528403968 0.533972821742606 0.4287646528403968 0.5435651478816946 0.43192064923354373 0.5627498001598722
0 0.5946798917944094 0.16386890487609912 0.5987376014427412 0.1630695443645084 0.6023444544634806 0.15827338129496404 0.6023444544634806 0.1510791366906475 0.5982867448151488 0.13509192645883294 0.5951307484220018 0.13189448441247004 0.5897204688908927 0.13189448441247004 0.5874661857529305 0.1366906474820144 0.587917042380523 0.14708233413269386 0.5946798917944094 0.16386890487609912
0 0.369702434625789 0.6986410871302958 0.3796212804328224 0.697841726618705 0.38322813345356177 0.6946442845723421 0.3850315599639315 0.6874500399680257 0.3850315599639315 0.6770583533173462 0.3841298467087466 0.6698641087130296 0.38097385031559966 0.6626698641087131 0.37601442741208296 0.6618705035971224 0.3647430117222723 0.6682653876898482 0.3642921550946799 0.6850519584332534 0.369702434625789 0.6986410871302958
0 0.20153291253381425 0.8057553956834532 0.21415689810640218 0.8025579536370904 0.21776375112714155 0.8001598721023181 0.21911632100991885 0.7961630695443646 0.21731289449954916 0.7809752198241406 0.2146077547339946 0.7745803357314149 0.20243462578899912 0.7745803357314149 0.19837691614066724 0.78017585931255 0.19927862939585214 0.8001598721023181 0.20153291253381425 0.8057553956834532
0 0.6424706943192064 0.9992006394884093 0.6708746618575293 0.9992006394884093 0.6636609558160506 0.9808153477218226 0.6600541027953112 0.9808153477218226 0.6474301172227231 0.9896083133493206 0.6420198376916141 0.9944044764188649 0.6424706943192064 0.9992006394884093
0 0.8449053201082056 0.6578737010391686 0.8521190261496844 0.6578737010391686 0.8579801623083859 0.6538768984812151 0.8566275924256087 0.636290967226219 0.8516681695220919 0.6258992805755397 0.8516681695220919 0.6227018385291766 0.8453561767357981 0.6235011990407675 0.8403967538322813 0.6298960831334932 0.8399458972046889 0.636290967226219 0.8449053201082056 0.6578737010391686
0 0.7989179440937783 0.5179856115107914 0.8007213706041478 0.5299760191846523 0.80297565374211 0.5347721822541966 0.8070333633904418 0.533972821742606 0.8169522091974751 0.5259792166266987 0.8169522091974751 0.5187849720223822 0.8106402164111812 0.4852118305355716 0.806131650135257 0.4836131095123901 0.7962128043282236 0.4908073541167067 0.7939585211902616 0.4948041566746603 0.7930568079350766 0.5067945643485212 0.7989179440937783 0.5179856115107914
0 0.2894499549143373 0.9992006394884093 0.28809738503155996 0.9872102318145485 0.28539224526600543 0.982414068745004 0.2795311091073039 0.9816147082334133 0.27412082957619477 0.9888089528377298 0.27412082957619477 0.9992006394884093 0.2894499549143373 0.9992006394884093
0 0.8259693417493238 0.2414068745003997 0.8322813345356176 0.23820943245403678 0.8385933273219116 0.2270183852917666 0.8381424706943192 0.21822541966426862 0.8313796212804329 0.20623501199040767 0.8277727682596934 0.20543565147881696 0.8196573489630298 0.21822541966426862 0.8187556357078449 0.2270183852917666 0.8259693417493238 0.2414068745003997
0 0.9373309287646528 0.6434852118305356 0.9427412082957619 0.6538768984812151 0.9472497745716862 0.6530775379696243 0.9540126239855725 0.6402877697841727 0.9531109107303878 0.6306954436450839 0.9481514878268711 0.6195043964828137 0.9418394950405771 0.6179056754596324 0.9355275022542832 0.6266986410871304 0.9350766456266908 0.6338928856914469 0.9373309287646528 0.6434852118305356
0 0.7515779981965736 0.7466027178257394 0.7587917042380523 0.7450039968025579 0.7660054102795312 0.7378097521982414 0.7610459873760144 0.7090327737809753 0.7565374211000901 0.7050359712230216 0.7502254283137962 0.7050359712230216 0.7448151487826871 0.7082334132693845 0.7443642921550947 0.7154276578737011 0.7515779981965736 0.7466027178257394
0 0.6659152389540126 0.46282973621103124 0.6681695220919748 0.4660271782573941 0.675834084761046 0.46282973621103124 0.6771866546438233 0.4556354916067146 0.6713255184851218 0.4260591526778577 0.6681695220919748 0.4188649080735412 0.6645626690712354 0.4196642685851319 0.6614066726780884 0.425259792166267 0.6614066726780884 0.4420463629096723 0.6659152389540126 0.46282973621103124
0 0.5883678990081154 0.5987210231814549 0.5915238954012624 0.6067146282973622 0.5960324616771866 0.6051159072741806 0.6032461677186655 0.5939248601119105 0.6131650135256989 0.586730615507594 0.6149684400360685 0.5771382893685052 0.6127141568981065 0.565947242206235 0.6095581605049595 0.5635491606714629 0.5978358881875564 0.5667466027178258 0.5856627592425608 0.574740207833733 0.5852119026149685 0.5827338129496403 0.5883678990081154 0.5987210231814549
0 0.5351668169522091 0.20223820943245407 0.5387736699729486 0.20543565147881696 0.5450856627592425 0.20463629096722624 0.5459873760144275 0.1950439648281375 0.5432822362488728 0.17266187050359713 0.5378719567177638 0.16786570743405277 0.5329125338142471 0.16866506794564348 0.5306582506762849 0.17186250999200642 0.5306582506762849 0.17905675459632295 0.5351668169522091 0.20223820943245407
0 0.6154192966636609 0.9480415667466028 0.6379621280432822 0.9368505195843326 0.6402164111812444 0.9328537170263789 0.6370604147880974 0.9184652278177459 0.6348061316501352 0.9160671462829737 0.6127141568981065 0.9264588329336532 0.6127141568981065 0.9432454036770584 0.6154192966636609 0.9480415667466028
0 0.7551848512173129 0.21183053557154277 0.760595130748422 0.2094324540367706 0.7551848512173129 0.2094324540367706 0.7551848512173129 0.21183053557154277
0 0.7326420198376916 0.05915267785771383 0.7357980162308386 0.062350119904076746 0.7479711451758341 0.05915267785771383 0.7488728584310189 0.05195843325339729 0.7466185752930569 0.02877697841726619 0.7430117222723175 0.015187849720223821 0.739404869251578 0.011990407673860913 0.733092876465284 0.011990407673860913 0.7308385933273219 0.013589128697042365 0.7290351668169522 0.019184652278177457 0.7285843101893598 0.02717825739408473 0.7326420198376916 0.05915267785771383
0 0.6208295761947701 0.31175059952038375 0.6257889990982868 0.31254996003197444 0.6375112714156899 0.3069544364508393 0.639765554553652 0.30295763389288566 0.6388638412984671 0.2885691446842526 0.636609558160505 0.2765787370103917 0.6339044183949504 0.2717825739408473 0.6266907123534716 0.2717825739408473 0.6199278629395851 0.27577937649880097 0.6190261496844004 0.2797761790567546 0.6185752930568079 0.30295763389288566 0.6208295761947701 0.31175059952038375
0 0.7578899909828674 0.8729016786570745 0.7759242560865645 0.8641087130295764 0.7790802524797115 0.859312549960032 0.7763751127141569 0.841726618705036 0.7727682596934174 0.8377298161470824 0.7587917042380523 0.844924060751399 0.7542831379621281 0.8513189448441247 0.7547339945897205 0.86810551558753 0.7578899909828674 0.8729016786570745
0 0.796663660955816 0.7761790567545964 0.80297565374211 0.7905675459632294 0.8074842200180342 0.7881694644284573 0.8174030658250677 0.7769784172661871 0.8174030658250677 0.7721822541966427 0.8137962128043282 0.7649880095923263 0.8106402164111812 0.7681854516386891 0.8088367899008116 0.7617905675459633 0.8074842200180342 0.7617905675459633 0.8002705139765555 0.7474020783373301 0.7948602344454464 0.7513988808952838 0.793507664562669 0.7609912070343725 0.796663660955816 0.7761790567545964
0 0.30297565374211 0.9656274980015987 0.30613165013525695 0.9688249400479617 0.3137962128043282 0.9664268585131894 0.3155996393146979 0.9632294164668266 0.3165013525698828 0.9528377298161471 0.3151487826871055 0.9424460431654678 0.3106402164111813 0.9272581934452439 0.3065825067628494 0.9216626698641087 0.3002705139765554 0.9248601119104717 0.2984670874661858 0.9280575539568345 0.3002705139765554 0.9568345323741008 0.30297565374211 0.9656274980015987
0 0.7691614066726781 0.2965627498001599 0.7718665464382326 0.2997601918465228 0.7795311091073039 0.2981614708233413 0.7808836789900812 0.2949640287769784 0.7808836789900812 0.2869704236610712 0.7777276825969343 0.26458832933653076 0.7759242560865645 0.2621902478017586 0.7696122633002704 0.2621902478017586 0.7646528403967539 0.26618705035971224 0.7646528403967539 0.27577937649880097 0.7691614066726781 0.2965627498001599
0 0.7619477006311993 0.21342925659472425 0.7619477006311993 0.21023181454836132 0.7601442741208296 0.2094324540367706 0.75834084761046 0.2094324540367706 0.7619477006311993 0.21342925659472425
0 0.7745716862037872 0.709832134292566 0.7790802524797115 0.7122302158273383 0.7876465284039675 0.709832134292566 0.7826871055004508 0.6770583533173462 0.7759242560865645 0.6794564348521184 0.7714156898106402 0.6858513189448442 0.7709648331830479 0.6922462030375699 0.7745716862037872 0.709832134292566
0 0.37285843101893595 0.6123101518784972 0.37736699729486023 0.6123101518784972 0.38954012623985573 0.6059152677857713 0.3944995491433724 0.5987210231814549 0.39314697926059516 0.5883293365307755 0.3904418394950406 0.5811350919264588 0.3692515779981966 0.5915267785771383 0.3692515779981966 0.6003197442046363 0.37285843101893595 0.6123101518784972
0 0.5577096483318305 0.16946442845723422 0.5649233543733093 0.17186250999200642 0.569882777276826 0.16706634692246206 0.5703336339044184 0.16067146282973624 0.5685302073940487 0.15267785771382894 0.5568079350766456 0.15347721822541965 0.5563570784490532 0.16466826538768983 0.5577096483318305 0.16946442845723422
0 0.44229035166816955 0.9944044764188649 0.4486023444544635 0.9952038369304558 0.45987376014427417 0.9896083133493206 0.45761947700631195 0.9728217426059154 0.45536519386834984 0.9672262190247802 0.4454463480613165 0.9696243005595524 0.43913435527502254 0.9760191846522782 0.43913435527502254 0.9864108713029576 0.44229035166816955 0.9944044764188649
0 0.8196573489630298 0.7753796962430056 0.824165915238954 0.7753796962430056 0.830477908025248 0.7689848121502798 0.830477908025248 0.7641886490807354 0.824165915238954 0.7378097521982414 0.8205590622182147 0.7354116706634692 0.8137962128043282 0.7450039968025579 0.8128944995491433 0.753796962430056 0.8196573489630298 0.7753796962430056
0 0.809287646528404 0.827338129496403 0.8115419296663661 0.8297362110311751 0.8169522091974751 0.8281374900079936 0.8183047790802525 0.8249400479616307 0.8178539224526601 0.8169464428457234 0.8119927862939585 0.7953637090327739 0.8065825067628495 0.7937649880095924 0.8034265103697025 0.7969624300559552 0.8034265103697025 0.8049560351718625 0.809287646528404 0.827338129496403
0 0.3800721370604148 0.8721023181454837 0.3904418394950406 0.8705035971223022 0.39224526600541026 0.8673061550759393 0.3904418394950406 0.8569144684252599 0.3868349864743012 0.8513189448441247 0.38322813345356177 0.8497202238209433 0.37556357078449054 0.8561151079136692 0.3751127141568981 0.859312549960032 0.3800721370604148 0.8721023181454837
0 0.5130748422001803 0.17346123101518784 0.524346257889991 0.17186250999200642 0.5297565374211001 0.16786570743405277 0.5293056807935077 0.15507593924860114 0.5266005410279532 0.14948041566746603 0.5180342651036971 0.1486810551558753 0.5094679891794409 0.15507593924860114 0.5090171325518486 0.16147082334132695 0.5130748422001803 0.17346123101518784