0 0.6785392245266005 0.15027977617905677 0.6803426510369702 0.15347721822541965 0.6934174932371506 0.15507593924860114 0.6979260595130748 0.15267785771382894 0.6988277727682598 0.1366906474820144 0.6965734896302976 0.12949640287769784 0.690712353471596 0.12629896083133493 0.6798917944093779 0.12629896083133493 0.6776375112714157 0.12949640287769784 0.6771866546438233 0.1398880895283773 0.6785392245266005 0.15027977617905677
0 0.4630297565374211 0.897681854516387 0.47294860234445446 0.8968824940047961 0.47294860234445446 0.8872901678657075 0.47790802524797116 0.8800959232613909 0.47971145175834085 0.8697042366107114 0.478809738503156 0.8665067945643485 0.4679891794409378 0.8633093525179857 0.4612263300270514 0.8633093525179857 0.45897204688908927 0.8657074340527579 0.45987376014427417 0.8952837729816148 0.4630297565374211 0.897681854516387
0 0.7398557258791705 0.5107913669064749 0.7470694319206492 0.5139888089528377 0.7506762849413887 0.5107913669064749 0.7502254283137962 0.4932054356514788 0.7479711451758341 0.486810551558753 0.7421100090171326 0.486810551558753 0.7389540126239856 0.4932054356514788 0.7380522993688007 0.5075939248601119 0.7398557258791705 0.5107913669064749
0 0.8701532912533815 0.2478017585931255 0.8963029756537422 0.25739408473221426 0.8994589720468892 0.2565947242206235 0.9017132551848512 0.2517985611510791 0.9039675383228134 0.23900879296562752 0.9039675383228134 0.23101518784972022 0.9021641118124436 0.22621902478017586 0.8913435527502254 0.22302158273381298 0.8746618575293057 0.2094324540367706 0.869702434625789 0.2094324540367706 0.8683498647430118 0.21822541966426862 0.8674481514878268 0.2414068745003997 0.8701532912533815 0.2478017585931255
0 0.33904418394950403 0.8641087130295764 0.3530207394048692 0.8641087130295764 0.35662759242560865 0.8585131894484412 0.35482416591523896 0.8513189448441247 0.345356176735798 0.8497202238209433 0.33814247069431924 0.844924060751399 0.3363390441839495 0.8561151079136692 0.33904418394950403 0.8641087130295764
0 0.4643823264201984 0.6682653876898482 0.47069431920649235 0.6682653876898482 0.4743011722272317 0.6610711430855316 0.4743011722272317 0.642685851318945 0.4765554553651939 0.6195043964828137 0.47069431920649235 0.6155075939248602 0.4661857529305681 0.6155075939248602 0.4625788999098287 0.6203037569944045 0.4612263300270514 0.6298960831334932 0.4612263300270514 0.6634692246203038 0.4643823264201984 0.6682653876898482
0 0.35752930568079355 0.9560351718625101 0.37691614066726786 0.9568345323741008 0.37691614066726786 0.9456434852118306 0.37330928764652843 0.9400479616306955 0.35843101893597834 0.9392486011191048 0.3557258791704238 0.9424460431654678 0.35482416591523896 0.9496402877697842 0.35752930568079355 0.9560351718625101
0 0.10550045085662758 0.26298960831334933 0.1650135256988278 0.2685851318944844 0.1762849413886384 0.2541966426858513 0.175834084761046 0.24460431654676262 0.17177637511271418 0.23820943245403678 0.13660955816050496 0.23820943245403678 0.12984670874661858 0.23421262989608316 0.10504959422903516 0.23421262989608316 0.09918845807033362 0.2358113509192646 0.09738503155996393 0.23980815347721826 0.09783588818755636 0.25259792166266987 0.10550045085662758 0.26298960831334933
0 0.47971145175834085 0.6714628297362111 0.4905320108205591 0.6706634692246204 0.49233543733092877 0.6650679456434853 0.49233543733092877 0.6338928856914469 0.49098286744815145 0.627498001598721 0.48737601442741213 0.6227018385291766 0.48016230838593327 0.6211031175059952 0.47745716862037874 0.6250999200639489 0.47565374211000905 0.6338928856914469 0.47520288548241657 0.6674660271782575 0.47971145175834085 0.6714628297362111
0 0.6032461677186655 0.5571542765787371 0.6266907123534716 0.5587529976019185 0.6275924256086564 0.5563549160671463 0.6266907123534716 0.542765787370104 0.6131650135256989 0.5395683453237411 0.6023444544634806 0.5411670663469225 0.6018935978358882 0.5539568345323741 0.6032461677186655 0.5571542765787371
0 0.7218214607754734 0.5667466027178258 0.7236248872858432 0.5699440447641887 0.739404869251578 0.5707434052757794 0.7421100090171326 0.565947242206235 0.74165915238954 0.5603517186250999 0.739404869251578 0.5587529976019185 0.7231740306582507 0.5579536370903277 0.7218214607754734 0.5603517186250999 0.7218214607754734 0.5667466027178258
0 0.06672678088367899 0.86810551558753 0.08115419296663662 0.8729016786570745 0.08836789900811542 0.8729016786570745 0.09242560865644725 0.8697042366107114 0.09467989179440937 0.8513189448441247 0.09197475202885483 0.844924060751399 0.07844905320108204 0.8345323741007195 0.06807935076645627 0.8345323741007195 0.06537421100090171 0.8377298161470824 0.06402164111812444 0.8433253397282174 0.06357078449053201 0.859312549960032 0.06672678088367899 0.86810551558753
0 0.1564472497745717 0.3501199040767386 0.16816952209197475 0.35331734612310156 0.17222723174030657 0.34852118305355717 0.17357980162308384 0.33013589128697046 0.1708746618575293 0.3213429256594725 0.16816952209197475 0.3181454836131095 0.16140667267808836 0.31734612310151883 0.15779981965734896 0.3213429256594725 0.1564472497745717 0.32693844924060755 0.15509467989179443 0.34212629896083135 0.1564472497745717 0.3501199040767386
0 0.10459873760144275 0.3261390887290168 0.11316501352569883 0.32693844924060755 0.1145175834084761 0.32454036770583533 0.11316501352569883 0.2949640287769784 0.109107303877367 0.29096722621902477 0.10550045085662758 0.29096722621902477 0.10099188458070334 0.2949640287769784 0.10099188458070334 0.3069544364508393 0.10459873760144275 0.3261390887290168
0 0.35888187556357076 0.8912869704236611 0.366546438232642 0.8936850519584333 0.3742110009017133 0.8936850519584333 0.37736699729486023 0.8912869704236611 0.37781785392245265 0.8760991207034373 0.3764652840396754 0.8729016786570745 0.3678990081154193 0.8697042366107114 0.36203787195671777 0.8697042366107114 0.357980162308386 0.8729016786570745 0.35752930568079355 0.8872901678657075 0.35888187556357076 0.8912869704236611
0 0.8543733092876465 0.4588329336530776 0.8706041478809738 0.4668265387689848 0.8746618575293057 0.4668265387689848 0.8769161406672679 0.46282973621103124 0.8746618575293057 0.4572342126298961 0.869702434625789 0.4540367705835332 0.8557258791704238 0.4476418864908074 0.8521190261496844 0.44924060751398887 0.8516681695220919 0.4556354916067146 0.8543733092876465 0.4588329336530776
0 0.48692515779981965 0.8992805755395684 0.4905320108205591 0.8968824940047961 0.49188458070333635 0.8872901678657075 0.49098286744815145 0.8729016786570745 0.4806131650135257 0.86810551558753 0.4792605951307485 0.8721023181454837 0.47971145175834085 0.8968824940047961 0.48692515779981965 0.8992805755395684
0 0.4720468890892696 0.9880095923261392 0.47520288548241657 0.9904076738609113 0.49098286744815145 0.991207034372502 0.49323715058611367 0.9840127897681855 0.49188458070333635 0.9632294164668266 0.49008115419296666 0.9568345323741008 0.4810640216411181 0.9536370903277379 0.47294860234445446 0.9544364508393286 0.4711451758340848 0.9560351718625101 0.4720468890892696 0.9880095923261392
0 0.3994589720468891 0.34852118305355717 0.430117222723174 0.35171862509992013 0.4328223624887286 0.3477218225419665 0.433273219116321 0.31574740207833735 0.4310189359783589 0.3069544364508393 0.4292155094679892 0.3053557154276579 0.40396753832281335 0.30135891286970423 0.4008115419296664 0.3077537969624301 0.3985572587917043 0.3213429256594725 0.3981064021641118 0.34212629896083135 0.3994589720468891 0.34852118305355717
0 0.3467087466185753 0.885691446842526 0.3539224526600541 0.8840927258193446 0.35617673579801623 0.8737010391686652 0.3557258791704238 0.8705035971223022 0.3530207394048692 0.86810551558753 0.33724075743913434 0.8689048760991207 0.33724075743913434 0.8800959232613909 0.3467087466185753 0.885691446842526
0 0.1127141568981064 0.28617106314948043 0.1145175834084761 0.2901678657074341 0.11587015329125337 0.30135891286970423 0.11947700631199279 0.3045563549160672 0.16140667267808836 0.3053557154276579 0.1636609558160505 0.2981614708233413 0.16321009918845808 0.28377298161470826 0.16050495942290352 0.27737809752198245 0.11722272317403065 0.2741806554756195 0.10459873760144275 0.27577937649880097 0.10504959422903516 0.2829736211031175 0.1127141568981064 0.28617106314948043
0 0.4855725879170424 0.19344524380495606 0.5193868349864743 0.19344524380495606 0.521190261496844 0.18705035971223025 0.521190261496844 0.18225419664268586 0.5184851217312895 0.1774580335731415 0.49188458070333635 0.17585931254996007 0.4837691614066727 0.17905675459632295 0.4833183047790803 0.18864908073541167 0.4855725879170424 0.19344524380495606
0 0.6469792605951307 0.9840127897681855 0.6681695220919748 0.9864108713029576 0.6717763751127143 0.9832134292565947 0.6713255184851218 0.9544364508393286 0.6641118124436429 0.9520383693045564 0.6487826871055005 0.9520383693045564 0.6456266907123535 0.9544364508393286 0.6447249774571686 0.9776179056754596 0.6469792605951307 0.9840127897681855
0 0.7218214607754734 0.5475619504396483 0.7231740306582507 0.5499600319744204 0.7412082957619477 0.5507593924860112 0.742560865644725 0.5467625899280576 0.7421100090171326 0.5395683453237411 0.7407574391343553 0.5379696243005596 0.7236248872858432 0.5371702637889688 0.7218214607754734 0.5403677058353318 0.7218214607754734 0.5475619504396483
0 0.13525698827772767 0.8305355715427658 0.13570784490532012 0.8521183053557154 0.1406672678088368 0.859312549960032 0.14743011722272317 0.859312549960032 0.151487826871055 0.8529176658673061 0.15193868349864742 0.8145483613109513 0.15058611361587015 0.8049560351718625 0.14743011722272317 0.8001598721023181 0.14292155094679893 0.7993605115907274 0.13660955816050496 0.7993605115907274 0.1339044183949504 0.8049560351718625 0.13345356176735798 0.8193445243804957 0.13525698827772767 0.8305355715427658
0 0.6118124436429215 0.9624300559552359 0.6212804328223626 0.9640287769784173 0.6266907123534716 0.959232613908873 0.6266907123534716 0.9536370903277379 0.6235347159603246 0.9488409272581935 0.6127141568981065 0.947242206235012 0.6086564472497746 0.9504396482813751 0.6086564472497746 0.959232613908873 0.6118124436429215 0.9624300559552359
0 0.7272317403065826 0.4676258992805756 0.7511271415689811 0.47002398081534774 0.7560865644724978 0.4684252597921663 0.7578899909828674 0.46442845723421267 0.7578899909828674 0.4508393285371703 0.7547339945897205 0.4348521183053557 0.7303877366997296 0.434052757793765 0.7249774571686204 0.43884892086330934 0.7249774571686204 0.460431654676259 0.7272317403065826 0.4676258992805756
0 0.06943192064923355 0.7434052757793765 0.07078449053201082 0.7529976019184652 0.08385933273219116 0.7577937649880097 0.09828674481514879 0.756994404476419 0.10054102795311091 0.7426059152677859 0.1018935978358882 0.701039168665068 0.10054102795311091 0.6874500399680257 0.09828674481514879 0.6850519584332534 0.08070333633904418 0.6834532374100719 0.07348963029756538 0.6834532374100719 0.0703336339044184 0.6874500399680257 0.06898106402164111 0.7066346922462031 0.06943192064923355 0.7434052757793765
0 0.8593327321911632 0.28936850519584334 0.8615870153291254 0.2965627498001599 0.869702434625789 0.2981614708233413 0.8742110009017132 0.29576338928856916 0.8746618575293057 0.2829736211031175 0.872858431018936 0.27258193445243806 0.8624887285843102 0.2701838529176659 0.8606853020739406 0.2741806554756195 0.8593327321911632 0.2789768185451639 0.8593327321911632 0.28936850519584334
0 0.37781785392245265 0.9840127897681855 0.39224526600541026 0.9880095923261392 0.3958521190261497 0.9872102318145485 0.3976555455365194 0.9840127897681855 0.39720468890892696 0.9728217426059154 0.39404869251577995 0.9680255795363709 0.38863841298467083 0.9704236610711432 0.3800721370604148 0.9672262190247802 0.37691614066726786 0.9688249400479617 0.37601442741208296 0.9768185451638689 0.37781785392245265 0.9840127897681855
0 0.8615870153291254 0.442845723421263 0.876014427412083 0.44924060751398887 0.8805229936880072 0.44924060751398887 0.8818755635707846 0.4452438049560352 0.8805229936880072 0.43884892086330934 0.8742110009017132 0.4348521183053557 0.8647430117222724 0.43085531574740216 0.8579801623083859 0.4324540367705836 0.8575293056807936 0.43884892086330934 0.8615870153291254 0.442845723421263
0 0.4612263300270514 0.6618705035971224 0.46393146979260597 0.6682653876898482 0.4792605951307485 0.6730615507593926 0.49188458070333635 0.6738609112709832 0.5022542831379622 0.6682653876898482 0.5045085662759243 0.6642685851318945 0.5054102795311091 0.6306954436450839 0.5018034265103697 0.6203037569944045 0.4837691614066727 0.6147082334132695 0.4670874661857529 0.6139088729016786 0.4625788999098287 0.6179056754596324 0.4612263300270514 0.6290967226219025 0.46032461677186653 0.6546762589928058 0.4612263300270514 0.6618705035971224
0 0.9386834986474301 0.4404476418864908 0.9513074842200181 0.44924060751398887 0.9567177637511272 0.44684252597921664 0.9598737601442742 0.43005595523581136 0.9598737601442742 0.41167066346922465 0.9580703336339044 0.407673860911271 0.9467989179440939 0.3996802557953637 0.9418394950405771 0.398880895283773 0.9386834986474301 0.40447641886490815 0.9373309287646528 0.4212629896083134 0.9368800721370605 0.4356514788169465 0.9386834986474301 0.4404476418864908
0 0.18935978358881875 0.8281374900079936 0.20288548241659152 0.8313349320543566 0.20559062218214608 0.8289368505195844 0.20559062218214608 0.8081534772182254 0.20288548241659152 0.7969624300559552 0.18575293056807937 0.7913669064748201 0.18394950405770966 0.7945643485211831 0.18394950405770966 0.8137490007993605 0.18935978358881875 0.8281374900079936
0 0.4927862939585212 0.636290967226219 0.49233543733092877 0.6666666666666666 0.4945897204688909 0.6706634692246204 0.5018034265103697 0.6682653876898482 0.5045085662759243 0.6642685851318945 0.5054102795311091 0.6586730615507593 0.5054102795311091 0.6282973621103117 0.5036068530207394 0.6227018385291766 0.4990982867448151 0.6195043964828137 0.49323715058611367 0.6195043964828137 0.49098286744815145 0.6235011990407675 0.4905320108205591 0.6290967226219025 0.4927862939585212 0.636290967226219
0 0.6541929666366095 0.6011191047162271 0.6722272317403066 0.6027178257394085 0.6753832281334536 0.5987210231814549 0.674932371505861 0.574740207833733 0.6722272317403066 0.5675459632294165 0.65238954012624 0.5683453237410072 0.6528403967538323 0.5979216626698641 0.6541929666366095 0.6011191047162271
0 0.5018034265103697 0.5635491606714629 0.5171325518485121 0.565947242206235 0.524346257889991 0.5643485211830536 0.5266005410279532 0.5291766586730615 0.5247971145175834 0.5243804956035172 0.5189359783588818 0.5187849720223822 0.5148782687105501 0.5211830535571543 0.5108205590622182 0.5187849720223822 0.5112714156898106 0.5243804956035172 0.5013525698827773 0.5235811350919265 0.5 0.5275779376498801 0.4995491433724076 0.5539568345323741 0.5018034265103697 0.5635491606714629
0 0.6352569882777277 0.34852118305355717 0.6559963931469793 0.35411670663469225 0.6636609558160506 0.35171862509992013 0.6641118124436429 0.3309352517985612 0.6442741208295762 0.3181454836131095 0.636609558160505 0.31894484412470026 0.6325518485121732 0.3237410071942446 0.6325518485121732 0.3365307753796963 0.6352569882777277 0.34852118305355717
0 0.12173128944995491 0.86810551558753 0.13210099188458072 0.8665067945643485 0.13660955816050496 0.8521183053557154 0.13525698827772767 0.8297362110311751 0.13255184851217314 0.8177458033573143 0.11902614968440037 0.815347721822542 0.11632100991884581 0.8177458033573143 0.11541929666366096 0.8233413269384493 0.11496844003606854 0.8633093525179857 0.12173128944995491 0.86810551558753
0 0.6348061316501352 0.5635491606714629 0.6438232642019839 0.565947242206235 0.6510369702434625 0.5635491606714629 0.6510369702434625 0.5499600319744204 0.6474301172227231 0.5451638689048761 0.6339044183949504 0.5459632294164669 0.6321009918845808 0.5507593924860112 0.6316501352569882 0.5603517186250999 0.6348061316501352 0.5635491606714629
0 0.8854824165915239 0.39728217426059154 0.8944995491433724 0.4004796163069545 0.8976555455365194 0.39408473221422863 0.8954012623985572 0.38609112709832133 0.8814247069431921 0.3756994404476419 0.8764652840396754 0.3741007194244605 0.872858431018936 0.37809752198241414 0.8733092876465285 0.3876898481215028 0.8854824165915239 0.39728217426059154
0 0.10279531109107304 0.4396482813749001 0.10459873760144275 0.4452438049560352 0.12623985572587917 0.45003996802557955 0.13931469792605952 0.44844124700239807 0.1406672678088368 0.44124700239808157 0.1411181244364292 0.3996802557953637 0.1388638412984671 0.390087929656275 0.11767357980162309 0.3868904876099121 0.10414788097385032 0.3876898481215028 0.10279531109107304 0.390087929656275 0.10279531109107304 0.4396482813749001
0 0.36834986474301173 0.9920063948840928 0.3742110009017133 0.9896083133493206 0.3751127141568981 0.9768185451638689 0.37376014427412085 0.9728217426059154 0.3642921550946799 0.973621103117506 0.3602344454463481 0.9704236610711432 0.3557258791704238 0.9704236610711432 0.3557258791704238 0.9888089528377298 0.36834986474301173 0.9920063948840928