0 0.41343552750225426 0.5843325339728218 0.41794409377817854 0.5947242206235012 0.42560865644724977 0.595523581135092 0.430117222723174 0.592326139088729 0.43056807935076646 0.5667466027178258 0.4287646528403968 0.5611510791366906 0.42110009017132555 0.5595523581135092 0.4129846708746619 0.5651478816946442 0.412082957619477 0.574740207833733 0.41343552750225426 0.5843325339728218
0 0.5171325518485121 0.2358113509192646 0.5229936880072137 0.23501199040767387 0.5247971145175834 0.20223820943245407 0.5238954012623985 0.18625099920063948 0.5166816952209198 0.1806554756195044 0.5108205590622182 0.17985611510791366 0.5085662759242561 0.17985611510791366 0.5045085662759243 0.18545163868904876 0.5049594229035167 0.23181454836131096 0.5171325518485121 0.2358113509192646
0 0 0.26298960831334933 0.007664562669071236 0.2677857713828937 0.012173128944995492 0.266986410871303 0.01442741208295762 0.2501998401278977 0.013976555455365193 0.2334132693844924 0.008115419296663661 0.22541966426858515 0.003606853020739405 0.22541966426858515 0 0.2278177458033573 0 0.26298960831334933
0 0.42155094679891797 0.3085531574740208 0.42560865644724977 0.30935251798561153 0.4355275022542831 0.3045563549160672 0.4359783588818755 0.27577937649880097 0.4337240757439134 0.2685851318944844 0.42831379621280435 0.26538768984812156 0.42155094679891797 0.2677857713828937 0.42019837691614065 0.2813749000799361 0.4197475202885482 0.2997601918465228 0.42155094679891797 0.3085531574740208
0 0.4612263300270514 0.09512390087929656 0.4666366095581605 0.09752198241406874 0.46844003606853024 0.07753796962430057 0.4675383228133454 0.060751398880895285 0.45311091073038773 0.05355715427657874 0.4499549143372408 0.05755395683453238 0.4499549143372408 0.08073541167066348 0.4612263300270514 0.09512390087929656
0 0.6627592425608656 0.02238209432454037 0.6645626690712354 0.024780175859312553 0.6785392245266005 0.023181454836131096 0.6785392245266005 0 0.6614066726780884 0 0.6627592425608656 0.02238209432454037
0 0.09783588818755636 0.18864908073541167 0.10414788097385032 0.18784972022382096 0.10595130748422002 0.1806554756195044 0.10459873760144275 0.16466826538768983 0.10234445446348062 0.16227018385291767 0.0951307484220018 0.16227018385291767 0.09332732191163211 0.16626698641087131 0.09422903516681697 0.18545163868904876 0.09783588818755636 0.18864908073541167
0 0.569882777276826 0.5035971223021583 0.5779981965734896 0.5019984012789769 0.5788999098286746 0.4860111910471623 0.5775473399458972 0.4804156674660272 0.5626690712353472 0.47641886490807356 0.560414788097385 0.47641886490807356 0.5586113615870153 0.4804156674660272 0.5586113615870153 0.5011990407673861 0.569882777276826 0.5035971223021583
0 0.584761045987376 0.24620303756994405 0.5973850315599639 0.2517985611510791 0.6023444544634806 0.24940047961630699 0.6050495942290353 0.22621902478017586 0.6045987376014428 0.21582733812949642 0.6023444544634806 0.20623501199040767 0.5928764652840397 0.20623501199040767 0.587917042380523 0.21183053557154277 0.5865644724977458 0.21662669864108713 0.5838593327321911 0.2334132693844924 0.584761045987376 0.24620303756994405
0 0.14382326420198377 0.381294964028777 0.1501352569882777 0.37969624300559557 0.1510369702434626 0.36530775379696245 0.14878268710550044 0.3525179856115108 0.14697926059513075 0.3501199040767386 0.1424706943192065 0.3501199040767386 0.14021641118124437 0.35091926458832934 0.1375112714156898 0.35651478816946447 0.13931469792605952 0.37729816147082335 0.14382326420198377 0.381294964028777
0 0.5532010820559062 0.12070343725019984 0.5572587917042381 0.12390087929656275 0.5671776375112715 0.12310151878497202 0.5676284941388638 0.07673860911270983 0.5622182146077548 0.07354116706634693 0.5568079350766456 0.07434052757793765 0.5527502254283138 0.07753796962430057 0.5518485121731289 0.0815347721822542 0.5513976555455365 0.09672262190247803 0.5532010820559062 0.12070343725019984
0 0.015329125338142471 0.3645083932853717 0.022993688007213707 0.3645083932853717 0.029305680793507663 0.3605115907274181 0.030207394048692517 0.34372501998401284 0.028403967538322816 0.3397282174260592 0.025247971145175834 0.33733013589128696 0.016681695220919748 0.33733013589128696 0.012623985572587917 0.34212629896083135 0.013074842200180344 0.35651478816946447 0.015329125338142471 0.3645083932853717
0 0.005861136158701533 0.5395683453237411 0.008115419296663661 0.542765787370104 0.017132551848512173 0.5419664268585133 0.018935978358881875 0.5387689848121503 0.01848512173128945 0.5163868904876099 0.015329125338142471 0.5123900879296562 0.007664562669071236 0.513189448441247 0.005410279531109108 0.5155875299760192 0.004508566275924256 0.5203836930455635 0.005861136158701533 0.5395683453237411
0 0.2344454463480613 0.22462030375699443 0.24481514878268712 0.2238209432454037 0.24616771866546439 0.21662669864108713 0.24616771866546439 0.19824140687450043 0.24165915238954014 0.18625099920063948 0.23805229936880073 0.1830535571542766 0.2285843101893598 0.18225419664268586 0.2249774571686204 0.18784972022382096 0.2254283137962128 0.22062350119904078 0.2344454463480613 0.22462030375699443
0 0.07980162308385934 0.3908872901678657 0.08385933273219116 0.39728217426059154 0.0951307484220018 0.39568345323741005 0.09648331830477908 0.3820943245403677 0.0951307484220018 0.33892885691446845 0.0915238954012624 0.3333333333333333 0.08476104598737601 0.3333333333333333 0.08160504959422904 0.3477218225419665 0.08205590622182146 0.3764988009592326 0.07980162308385934 0.3908872901678657
0 0.3656447249774572 0.10551558752997602 0.37285843101893595 0.1047162270183853 0.37691614066726786 0.09752198241406874 0.37736699729486023 0.0671462829736211 0.3751127141568981 0.0639488409272582 0.3692515779981966 0.062350119904076746 0.3647430117222723 0.062350119904076746 0.3624887285843102 0.06634692246203039 0.3629395852119026 0.10071942446043165 0.3656447249774572 0.10551558752997602
0 0 0.19744204636290968 0.015779981965734897 0.19904076738609114 0.0175834084761046 0.19104716227018384 0.015779981965734897 0.17985611510791366 0.015329125338142471 0.1542765787370104 0.012623985572587917 0.14948041566746603 0.003606853020739405 0.14788169464428458 0 0.1486810551558753 0 0.19744204636290968
0 0.20198376916140667 0.8489208633093526 0.21370604147880973 0.8481215027977619 0.21370604147880973 0.8313349320543566 0.21009918845807032 0.8177458033573143 0.20288548241659152 0.8169464428457234 0.20018034265103696 0.8209432454036771 0.19927862939585214 0.8265387689848122 0.1988277727682597 0.8385291766586731 0.20198376916140667 0.8489208633093526
0 0.4486023444544635 0.6962430055955237 0.46077547339945896 0.697841726618705 0.4630297565374211 0.6946442845723421 0.4630297565374211 0.6850519584332534 0.4612263300270514 0.6786570743405277 0.45446348061316505 0.6666666666666666 0.4495040577096483 0.6658673061550759 0.4463480613165014 0.6722621902478018 0.445897204688909 0.6858513189448442 0.4486023444544635 0.6962430055955237
0 0.45852119026149685 0.6027178257394085 0.4648331830477908 0.6099120703437251 0.47024346257889993 0.6091127098321344 0.4715960324616772 0.5947242206235012 0.4711451758340848 0.5771382893685052 0.4648331830477908 0.5715427657873702 0.45761947700631195 0.5739408473221423 0.45671776375112716 0.5819344524380495 0.45852119026149685 0.6027178257394085
0 0.18214607754733994 0.8281374900079936 0.18665464382326422 0.8281374900079936 0.19296663660955815 0.8233413269384493 0.19477006311992787 0.815347721822542 0.1934174932371506 0.8049560351718625 0.18935978358881875 0.8025579536370904 0.1812443642921551 0.8049560351718625 0.18079350766456267 0.82414068745004 0.18214607754733994 0.8281374900079936
0 0.28584310189359785 0.2981614708233413 0.29305680793507666 0.30135891286970423 0.2966636609558161 0.29896083133493206 0.2966636609558161 0.2821742605915268 0.2944093778178539 0.27098321342925663 0.2917042380522994 0.2677857713828937 0.2871956717763751 0.2677857713828937 0.284941388638413 0.27098321342925663 0.2844905320108206 0.2869704236610712 0.28584310189359785 0.2981614708233413
0 0.01036970243462579 0.6378896882494005 0.01848512173128945 0.636290967226219 0.02073940486925158 0.6171063149480416 0.019837691614066726 0.595523581135092 0.016681695220919748 0.5931254996003198 0.0063119927862939585 0.5931254996003198 0.003606853020739405 0.5979216626698641 0.003606853020739405 0.6346922462030377 0.01036970243462579 0.6378896882494005
0 0.2633002705139766 0.4876099120703437 0.2723174030658251 0.4908073541167067 0.27908025247971147 0.4908073541167067 0.28043282236248873 0.486810551558753 0.28043282236248873 0.460431654676259 0.27908025247971147 0.4476418864908074 0.27592425608656446 0.4444444444444444 0.26194770063119927 0.44364508393285373 0.25969341749323716 0.4508393285371703 0.260595130748422 0.48441247002398086 0.2633002705139766 0.4876099120703437
0 0.32100991884580704 0.6027178257394085 0.33498647430117223 0.6035171862509993 0.33724075743913434 0.595523581135092 0.3376916140667268 0.5811350919264588 0.33588818755635713 0.565947242206235 0.3313796212804328 0.5603517186250999 0.3237150586113616 0.5603517186250999 0.31785392245266003 0.5635491606714629 0.3169522091974752 0.5683453237410072 0.3169522091974752 0.5987210231814549 0.32100991884580704 0.6027178257394085
0 0.5135256988277728 0.04316546762589928 0.5153291253381425 0.036770583533173466 0.5139765554553652 0.016786570743405275 0.503155996393147 0.009592326139088728 0.5009017132551848 0.009592326139088728 0.4995491433724076 0.01278976818545164 0.5004508566275925 0.04316546762589928 0.5135256988277728 0.04316546762589928
0 0.20513976555455368 0.6003197442046363 0.2096483318304779 0.6003197442046363 0.21280432822362488 0.5811350919264588 0.21325518485121733 0.5499600319744204 0.21190261496844004 0.542765787370104 0.20784490532010821 0.5379696243005596 0.20108205590622183 0.5355715427657874 0.19386834986474302 0.5371702637889688 0.19116321009918846 0.542765787370104 0.19161406672678089 0.592326139088729 0.20513976555455368 0.6003197442046363
0 0.35211902614968443 0.31734612310151883 0.3674481514878269 0.31414868105515587 0.36880072137060416 0.3077537969624301 0.3678990081154193 0.2805755395683453 0.3624887285843102 0.2749800159872102 0.3507664562669071 0.2749800159872102 0.3489630297565374 0.27817745803357313 0.348512173128945 0.3133493205435652 0.35211902614968443 0.31734612310151883
0 0.12308385933273219 0.37809752198241414 0.13300270513976556 0.37729816147082335 0.13435527502254285 0.3733013589128697 0.13435527502254285 0.35891286970423664 0.130297565374211 0.3469224620303757 0.12308385933273219 0.34372501998401284 0.11992786293958521 0.34532374100719426 0.11902614968440037 0.34852118305355717 0.11947700631199279 0.3741007194244605 0.12308385933273219 0.37809752198241414
0 0.19657348963029758 0.7593924860111911 0.19792605951307485 0.7474020783373301 0.1956717763751127 0.7330135891286971 0.1934174932371506 0.7298161470823342 0.18935978358881875 0.7298161470823342 0.18755635707844906 0.7410071942446044 0.18710550045085664 0.7585931254996003 0.19657348963029758 0.7593924860111911
0 0.5252479711451759 0.44604316546762596 0.5365193868349865 0.44684252597921664 0.5387736699729486 0.43884892086330934 0.5387736699729486 0.407673860911271 0.5365193868349865 0.39728217426059154 0.5320108205590622 0.39168665067945646 0.5220919747520288 0.39168665067945646 0.5193868349864743 0.39648281374900085 0.5180342651036971 0.4084732214228617 0.5184851217312895 0.4420463629096723 0.5252479711451759 0.44604316546762596
0 0.3345356176735798 0.31175059952038375 0.3462578899909829 0.31254996003197444 0.34761045987376016 0.30935251798561153 0.348512173128945 0.293365307753797 0.348512173128945 0.2741806554756195 0.3471596032461677 0.266986410871303 0.345356176735798 0.2637889688249401 0.3336339044183949 0.26298960831334933 0.3309287646528404 0.26538768984812156 0.33047790802524796 0.2717825739408473 0.3309287646528404 0.3085531574740208 0.3345356176735798 0.31175059952038375
0 0.5184851217312895 0.0407673860911271 0.524346257889991 0.03916866506794565 0.524346257889991 0.019984012789768184 0.5220919747520288 0.017585931254996006 0.5148782687105501 0.019184652278177457 0.5153291253381425 0.03756994404476419 0.5184851217312895 0.0407673860911271
0 0.30387736699729484 0.6962430055955237 0.31154192966636607 0.6962430055955237 0.3133453561767358 0.6906474820143885 0.3133453561767358 0.6818545163868905 0.31109107303877365 0.6690647482014389 0.3043282236248873 0.6634692246203038 0.2989179440937782 0.6690647482014389 0.2980162308385933 0.6898481215027978 0.30387736699729484 0.6962430055955237
0 0.10414788097385032 0.4748201438848921 0.11226330027051398 0.4772182254196643 0.1145175834084761 0.47002398081534774 0.11587015329125337 0.44364508393285373 0.11587015329125337 0.4276578737010392 0.11406672678088368 0.4196642685851319 0.11045987376014427 0.4156674660271783 0.10504959422903516 0.416466826538769 0.10279531109107304 0.42286171063149486 0.1018935978358882 0.4348521183053557 0.10144274120829576 0.4708233413269384 0.10414788097385032 0.4748201438848921
0 0.05770964833183048 0.8561151079136692 0.07439134355275022 0.8585131894484412 0.07844905320108204 0.8553157474020784 0.07799819657348962 0.8393285371702638 0.07484220018034266 0.8337330135891287 0.059062218214607755 0.8337330135891287 0.0563570784490532 0.8385291766586731 0.0563570784490532 0.8521183053557154 0.05770964833183048 0.8561151079136692
0 0.6487826871055005 0.1334932054356515 0.65238954012624 0.1366906474820144 0.6591523895401262 0.1342925659472422 0.6605049594229035 0.12869704236610713 0.6600541027953112 0.10871302957633892 0.657799819657349 0.1047162270183853 0.6528403967538323 0.10391686650679458 0.6501352569882777 0.10391686650679458 0.6483318304779081 0.10791366906474821 0.6474301172227231 0.12549960031974422 0.6487826871055005 0.1334932054356515
0 0.4783588818755636 0.43005595523581136 0.48512173128945 0.434052757793765 0.49188458070333635 0.434052757793765 0.49323715058611367 0.43165467625899284 0.4945897204688909 0.425259792166267 0.49413886384129846 0.4180655475619504 0.48737601442741213 0.40367705835331735 0.48016230838593327 0.4028776978417266 0.47700631199278626 0.4092725819344525 0.4765554553651939 0.425259792166267 0.4783588818755636 0.43005595523581136
0 0.32100991884580704 0.01278976818545164 0.3327321911632101 0.015187849720223821 0.33588818755635713 0.011990407673860913 0.33588818755635713 0 0.3201082055906222 0 0.3196573489630297 0.008792965627498003 0.32100991884580704 0.01278976818545164
0 0.4540126239855726 0.4924060751398881 0.45446348061316505 0.504396482813749 0.45626690712353474 0.5091926458832934 0.4697926059513075 0.5107913669064749 0.47385031559963936 0.5075939248601119 0.47385031559963936 0.4940047961630696 0.47024346257889993 0.4796163069544365 0.4625788999098287 0.47641886490807356 0.45536519386834984 0.4772182254196643 0.4540126239855726 0.4796163069544365 0.4540126239855726 0.4924060751398881
0 0.5500450856627592 0.6187050359712231 0.5541027953110911 0.6203037569944045 0.5568079350766456 0.6155075939248602 0.5595130748422003 0.60431654676259 0.5608656447249775 0.5891286970423661 0.5586113615870153 0.586730615507594 0.5509467989179441 0.5859312549960032 0.5482416591523895 0.5931254996003198 0.5477908025247972 0.6115107913669064 0.5500450856627592 0.6187050359712231
0 0.060414788097385035 0.7290167865707434 0.07439134355275022 0.7298161470823342 0.07484220018034266 0.7154276578737011 0.07168620378719567 0.7018385291766587 0.06357078449053201 0.7002398081534772 0.059062218214607755 0.7050359712230216 0.059062218214607755 0.7250199840127898 0.060414788097385035 0.7290167865707434
0 0.5094679891794409 0.10951239008792966 0.5130748422001803 0.11270983213429257 0.5193868349864743 0.1135091926458833 0.5238954012623985 0.10871302957633892 0.5261496844003607 0.09752198241406874 0.5252479711451759 0.08393285371702638 0.5112714156898106 0.08233413269384492 0.5085662759242561 0.08713029576338929 0.5081154192966637 0.10391686650679458 0.5094679891794409 0.10951239008792966
0 0.560414788097385 0.42845723421262993 0.5716862037871957 0.43325339728217427 0.5779981965734896 0.43085531574740216 0.5784490532010821 0.4084732214228617 0.5752930568079351 0.4004796163069545 0.5613165013525699 0.3996802557953637 0.5590622182146078 0.4084732214228617 0.5586113615870153 0.42046362909672264 0.560414788097385 0.42845723421262993
0 0.623985572587917 0.2701838529176659 0.6379621280432822 0.27258193445243806 0.6447249774571686 0.27098321342925663 0.6456266907123535 0.25259792166266987 0.6438232642019839 0.2414068745003997 0.6325518485121732 0.23261390887290168 0.6257889990982868 0.23261390887290168 0.6230838593327321 0.23741007194244604 0.6226330027051398 0.2597921662669864 0.623985572587917 0.2701838529176659
0 0.18079350766456267 0.8657074340527579 0.19972948602344456 0.8657074340527579 0.20018034265103696 0.8489208633093526 0.19657348963029758 0.8369304556354917 0.18440036068530208 0.8369304556354917 0.18034265103697025 0.8409272581934453 0.17944093778178538 0.859312549960032 0.18079350766456267 0.8657074340527579
0 0.23264201983769162 0.8561151079136692 0.2344454463480613 0.859312549960032 0.2412082957619477 0.8577138289368506 0.24346257889990983 0.8521183053557154 0.242560865644725 0.8281374900079936 0.2412082957619477 0.8257394084732215 0.23489630297565375 0.82414068745004 0.23128944995491435 0.827338129496403 0.23083859332732193 0.8457234212629897 0.23264201983769162 0.8561151079136692