0 0.05049594229035167 0.9344524380495605 0.06357078449053201 0.9360511590727418 0.06537421100090171 0.9328537170263789 0.06627592425608657 0.9248601119104717 0.06447249774571685 0.920863309352518 0.04959422903516681 0.9216626698641087 0.049143372407574396 0.929656274980016 0.05049594229035167 0.9344524380495605
0 0.42290351668169524 0.2789768185451639 0.42425608656447256 0.2805755395683453 0.4454463480613165 0.2797761790567546 0.4481514878268711 0.27737809752198245 0.4495040577096483 0.27258193445243806 0.44905320108205593 0.26618705035971224 0.4463480613165014 0.26059152677857716 0.4341749323715059 0.2597921662669864 0.42290351668169524 0.26298960831334933 0.42200180342651034 0.2701838529176659 0.42290351668169524 0.2789768185451639
0 0 0.7002398081534772 0.010820559062218215 0.6994404476418865 0.01036970243462579 0.689048760991207 0.0063119927862939585 0.6858513189448442 0 0.6858513189448442 0 0.7002398081534772
0 0.799819657348963 0.7793764988009593 0.8183047790802525 0.7777777777777778 0.8174030658250677 0.748201438848921 0.799819657348963 0.7466027178257394 0.7975653742110009 0.7490007993605117 0.7971145175834086 0.7601918465227818 0.799819657348963 0.7793764988009593
0 0.22993688007213708 0.6131095123900879 0.23760144274120829 0.6131095123900879 0.24030658250676284 0.6075139888089529 0.2407574391343553 0.5995203836930456 0.23805229936880073 0.5619504396482814 0.2339945897204689 0.5571542765787371 0.22678088367899008 0.5611510791366906 0.22723174030658252 0.6091127098321344 0.22993688007213708 0.6131095123900879
0 0.41027953110910736 0.17026378896882494 0.42200180342651034 0.17026378896882494 0.4224526600541028 0.16067146282973624 0.42110009017132555 0.1574740207833733 0.41118124436429215 0.15267785771382894 0.40802524797114514 0.1542765787370104 0.4075743913435528 0.16386890487609912 0.41027953110910736 0.17026378896882494
0 0.19386834986474302 0.10311750599520383 0.19612263300270513 0.10071942446043165 0.19657348963029758 0.07993605115907274 0.19251577998196576 0.06794564348521183 0.18530207394048692 0.06634692246203039 0.17944093778178538 0.06954436450839328 0.17763751127141567 0.07354116706634693 0.17989179440937783 0.10231814548361312 0.19386834986474302 0.10311750599520383
0 0.20288548241659152 0.12390087929656275 0.21280432822362488 0.12549960031974422 0.2164111812443643 0.12310151878497202 0.2168620378719567 0.10311750599520383 0.2146077547339946 0.09912070343725021 0.20649233543733095 0.09912070343725021 0.19927862939585214 0.1047162270183853 0.1988277727682597 0.10791366906474821 0.20288548241659152 0.12390087929656275
0 0.1902614968440036 0.82414068745004 0.21145175834084762 0.8257394084732215 0.21325518485121733 0.8217426059152678 0.21190261496844004 0.8161470823341327 0.20784490532010821 0.8137490007993605 0.18890892696122633 0.8121502797761792 0.18755635707844906 0.8145483613109513 0.18755635707844906 0.8209432454036771 0.1902614968440036 0.82414068745004
0 0.04824165915238954 0.8928856914468426 0.05004508566275924 0.8968824940047961 0.06492335437330929 0.8968824940047961 0.06492335437330929 0.8904876099120704 0.06176735798016231 0.8848920863309353 0.04959422903516681 0.8848920863309353 0.04824165915238954 0.8872901678657075 0.04824165915238954 0.8928856914468426
0 0.2678088367899008 0.2278177458033573 0.3043282236248873 0.2278177458033573 0.30883678990081154 0.2270183852917666 0.3106402164111813 0.2238209432454037 0.3097385031559964 0.21742605915267785 0.30703336339044185 0.21342925659472425 0.27141568981064024 0.2126298960831335 0.2655545536519387 0.21582733812949642 0.2651036970243463 0.22462030375699443 0.2678088367899008 0.2278177458033573
0 0.35121731289449953 0.5395683453237411 0.36158701532912535 0.5395683453237411 0.3642921550946799 0.5371702637889688 0.3633904418394951 0.5179856115107914 0.3606853020739405 0.5083932853717026 0.3530207394048692 0.5067945643485212 0.348512173128945 0.5107913669064749 0.3489630297565374 0.5291766586730615 0.35121731289449953 0.5395683453237411
0 0.18530207394048692 0.7418065547561951 0.19431920649233542 0.7418065547561951 0.19657348963029758 0.7314148681055157 0.19612263300270513 0.7090327737809753 0.19116321009918846 0.7058353317346123 0.18440036068530208 0.7058353317346123 0.18034265103697025 0.7106314948041567 0.18079350766456267 0.7386091127098321 0.18530207394048692 0.7418065547561951
0 0 0.7322142286171064 0.011722272317403066 0.7322142286171064 0.012173128944995492 0.7218225419664269 0.009467989179440937 0.718625099920064 0 0.718625099920064 0 0.7322142286171064
0 0.05004508566275924 0.9496402877697842 0.059513074842200184 0.9520383693045564 0.06537421100090171 0.9520383693045564 0.06672678088367899 0.9496402877697842 0.06492335437330929 0.9376498800959233 0.04959422903516681 0.9368505195843326 0.04869251577998197 0.9448441247002399 0.05004508566275924 0.9496402877697842
0 0.7781785392245266 0.6826538768984812 0.7894499549143373 0.6826538768984812 0.7899008115419297 0.6698641087130296 0.7885482416591524 0.6610711430855316 0.7768259693417493 0.6610711430855316 0.7763751127141569 0.6778577138289369 0.7781785392245266 0.6826538768984812
0 0.05049594229035167 0.9136690647482014 0.061316501352569885 0.915267785771383 0.06402164111812444 0.9112709832134293 0.062218214607754736 0.9040767386091128 0.05004508566275924 0.9024780175859313 0.04869251577998197 0.9088729016786572 0.05049594229035167 0.9136690647482014
0 0.39224526600541026 0.4860111910471623 0.39495040577096485 0.49800159872102323 0.3985572587917043 0.49960031974420466 0.4075743913435528 0.49640287769784175 0.4075743913435528 0.4852118305355716 0.40577096483318303 0.4772182254196643 0.4030658250676285 0.4748201438848921 0.3935978358881876 0.4756195043964829 0.39224526600541026 0.47801758593125504 0.39224526600541026 0.4860111910471623
0 0.3678990081154193 0.11590727418065548 0.37376014427412085 0.11590727418065548 0.38999098286744815 0.10791366906474821 0.38818755635707847 0.08073541167066348 0.38548241659152394 0.06874500399680256 0.37150586113615874 0.07034372501998402 0.3624887285843102 0.07513988808952839 0.3624887285843102 0.08952837729816147 0.3678990081154193 0.11590727418065548
0 0.05139765554553652 0.8808952837729817 0.06266907123534717 0.8816946442845724 0.06537421100090171 0.8792965627498002 0.06447249774571685 0.871302957633893 0.060414788097385035 0.86810551558753 0.05049594229035167 0.8673061550759393 0.04824165915238954 0.8697042366107114 0.04824165915238954 0.876898481215028 0.05139765554553652 0.8808952837729817
0 0.31785392245266003 0.9288569144684253 0.32642019837691616 0.929656274980016 0.33047790802524796 0.9256594724220625 0.3300270513976556 0.9144684252597922 0.32867448151487827 0.9112709832134293 0.3169522091974752 0.91207034372502 0.3165013525698828 0.9224620303756994 0.31785392245266003 0.9288569144684253
0 0.39720468890892696 0.5627498001598722 0.3990081154192967 0.5651478816946442 0.4165915238954013 0.5643485211830536 0.42425608656447256 0.5603517186250999 0.42290351668169524 0.542765787370104 0.42019837691614065 0.5355715427657874 0.4098286744815149 0.5355715427657874 0.4044183949504058 0.5411670663469225 0.39720468890892696 0.5411670663469225 0.3958521190261497 0.5515587529976019 0.39720468890892696 0.5627498001598722
0 0.4278629395852119 0.1750599520383693 0.43733092876465285 0.17825739408473223 0.44003606853020744 0.17426059152677859 0.43958521190261496 0.16466826538768983 0.4355275022542831 0.15987210231814547 0.4278629395852119 0.15827338129496404 0.42560865644724977 0.15987210231814547 0.4247069431920649 0.16386890487609912 0.42425608656447256 0.17106314948041568 0.4278629395852119 0.1750599520383693
0 0.5432822362488728 0.14788169464428458 0.5653742110009017 0.14788169464428458 0.5671776375112715 0.14388489208633096 0.566726780883679 0.1342925659472422 0.5649233543733093 0.1310951239008793 0.5414788097385032 0.13269384492406078 0.5414788097385032 0.14388489208633096 0.5432822362488728 0.14788169464428458