0 0.5915238954012624 0.32693844924060755 0.6284941388638413 0.33013589128697046 0.633453561767358 0.32773780975219824 0.633453561767358 0.3133493205435652 0.6298467087466186 0.3053557154276579 0.5843101893597836 0.30375699440447645 0.584761045987376 0.31414868105515587 0.5915238954012624 0.32693844924060755
0 0.3056807935076645 0.7490007993605117 0.30928764652840396 0.7545963229416467 0.35662759242560865 0.753796962430056 0.4003606853020739 0.748201438848921 0.43507664562669074 0.748201438848921 0.45311091073038773 0.7458033573141487 0.45626690712353474 0.7442046362909672 0.45671776375112716 0.7410071942446044 0.45626690712353474 0.7162270183852918 0.45356176735798015 0.6882494004796164 0.4504057709648332 0.6746602717825739 0.4449954914337241 0.6714628297362111 0.42515779981965734 0.6746602717825739 0.42425608656447256 0.695443645083933 0.418394950405771 0.7002398081534772 0.39314697926059516 0.7034372501998403 0.38458070333633904 0.7090327737809753 0.37781785392245265 0.709832134292566 0.3678990081154193 0.709832134292566 0.36384129846708746 0.7058353317346123 0.3237150586113616 0.7066346922462031 0.3169522091974752 0.7146282973621104 0.3065825067628494 0.7170263788968825 0.30387736699729484 0.7266187050359713 0.3034265103697024 0.7338129496402878 0.3056807935076645 0.7490007993605117
0 0.6478809738503156 0.5803357314148682 0.6537421100090172 0.5811350919264588 0.6825969341749324 0.574740207833733 0.6844003606853021 0.5715427657873702 0.6844003606853021 0.5651478816946442 0.6825969341749324 0.5627498001598722 0.6704238052299368 0.5635491606714629 0.6532912533814247 0.5667466027178258 0.6469792605951307 0.5707434052757794 0.6465284039675383 0.5763389288569145 0.6478809738503156 0.5803357314148682
0 0.5865644724977458 0.2981614708233413 0.6307484220018034 0.30135891286970423 0.633453561767358 0.2973621103117506 0.633453561767358 0.2853717026378897 0.630297565374211 0.2765787370103917 0.6176735798016231 0.27737809752198245 0.5861136158701533 0.27258193445243806 0.5838593327321911 0.27577937649880097 0.5838593327321911 0.29416466826538773 0.5865644724977458 0.2981614708233413
0 0.5586113615870153 0.16786570743405277 0.569882777276826 0.16866506794564348 0.5721370604147881 0.14628297362110312 0.5694319206492335 0.13908872901678657 0.5676284941388638 0.12470023980815349 0.5608656447249775 0.12390087929656275 0.5568079350766456 0.1310951239008793 0.5568079350766456 0.15267785771382894 0.5586113615870153 0.16786570743405277
0 0.6330027051397656 0.6962430055955237 0.6361587015329125 0.704236610711431 0.6424706943192064 0.7058353317346123 0.674932371505861 0.7026378896882494 0.690712353471596 0.6930455635491607 0.6871055004508567 0.6466826538768985 0.6780883678990081 0.6131095123900879 0.6686203787195673 0.6123101518784972 0.6627592425608656 0.6155075939248602 0.6555455365193867 0.6250999200639489 0.6519386834986475 0.6266986410871304 0.639765554553652 0.6219024780175859 0.633453561767358 0.6235011990407675 0.6298467087466186 0.6290967226219025 0.630297565374211 0.6714628297362111 0.6330027051397656 0.6962430055955237
0 0.6415689810640216 0.5603517186250999 0.6438232642019839 0.5627498001598722 0.6555455365193867 0.5611510791366906 0.6618575293056808 0.5563549160671463 0.6614066726780884 0.5499600319744204 0.6591523895401262 0.548361310951239 0.6429215509467989 0.5515587529976019 0.6415689810640216 0.5539568345323741 0.6415689810640216 0.5603517186250999
0 0.5852119026149685 0.2701838529176659 0.6095581605049595 0.27098321342925663 0.6298467087466186 0.2749800159872102 0.6339044183949504 0.27258193445243806 0.6339044183949504 0.25739408473221426 0.6307484220018034 0.2470023980815348 0.584761045987376 0.24460431654676262 0.5838593327321911 0.26298960831334933 0.5852119026149685 0.2701838529176659
0 0.6550946798917944 0.542765787370104 0.6789900811541929 0.5379696243005596 0.6807935076645627 0.5363709032773781 0.6812443642921551 0.5299760191846523 0.6789900811541929 0.5267785771382895 0.6744815148782687 0.5259792166266987 0.6438232642019839 0.533972821742606 0.6442741208295762 0.5419664268585133 0.6550946798917944 0.542765787370104
0 0.587917042380523 0.16147082334132695 0.5915238954012624 0.16946442845723422 0.6145175834084761 0.17585931254996007 0.6275924256086564 0.17585931254996007 0.6307484220018034 0.17186250999200642 0.6348061316501352 0.15267785771382894 0.6343552750225429 0.12549960031974422 0.6325518485121732 0.1047162270183853 0.6307484220018034 0.09992006394884093 0.6212804328223626 0.09672262190247803 0.5996393146979261 0.09672262190247803 0.5888187556357078 0.09832134292565947 0.584761045987376 0.10231814548361312 0.584761045987376 0.12629896083133493 0.587917042380523 0.16147082334132695
0 0.5883678990081154 0.37250199840127896 0.5915238954012624 0.37969624300559557 0.6190261496844004 0.3836930455635492 0.6311992786293958 0.3836930455635492 0.6325518485121732 0.38049560351718625 0.6330027051397656 0.3669064748201439 0.630297565374211 0.3605115907274181 0.5951307484220018 0.3557154276578737 0.5897204688908927 0.3573141486810552 0.5883678990081154 0.3597122302158273 0.5883678990081154 0.37250199840127896
0 0.636609558160505 0.1918465227817746 0.654643823264202 0.1918465227817746 0.654643823264202 0.16786570743405277 0.65238954012624 0.1566746602717826 0.6478809738503156 0.15347721822541965 0.6384129846708747 0.1542765787370104 0.6357078449053201 0.1574740207833733 0.6348061316501352 0.16386890487609912 0.6343552750225429 0.18145483613109514 0.636609558160505 0.1918465227817746
0 0.27592425608656446 0.6946442845723421 0.284941388638413 0.6962430055955237 0.30613165013525695 0.6922462030375699 0.30703336339044185 0.6858513189448442 0.3056807935076645 0.6618705035971224 0.30252479711451763 0.6466826538768985 0.2777276825969342 0.6466826538768985 0.27186654643823266 0.6506794564348523 0.27186654643823266 0.6690647482014389 0.27592425608656446 0.6946442845723421
0 0.5924256086564473 0.35411670663469225 0.6307484220018034 0.3573141486810552 0.6330027051397656 0.3525179856115108 0.6325518485121732 0.33733013589128696 0.630297565374211 0.3333333333333333 0.59107303877367 0.3309352517985612 0.5888187556357078 0.3341326938449241 0.5892696122633003 0.3501199040767386 0.5924256086564473 0.35411670663469225
0 0.633453561767358 0.24540367705835334 0.6343552750225429 0.2414068745003997 0.6339044183949504 0.2238209432454037 0.6311992786293958 0.21902478017585933 0.611361587015329 0.21662669864108713 0.6064021641118125 0.2094324540367706 0.6032461677186655 0.20863309352517986 0.5892696122633003 0.2070343725019984 0.5838593327321911 0.21103117505995203 0.5852119026149685 0.24300559552358114 0.633453561767358 0.24540367705835334