0 0.9156898106402165 0.1542765787370104 0.9391343552750226 0.15587529976019188 0.9427412082957619 0.14148681055155876 0.9431920649233544 0.12549960031974422 0.9382326420198377 0.12150279776179057 0.9350766456266908 0.12230215827338131 0.9323715058611362 0.12629896083133493 0.9183949504057709 0.12869704236610713 0.9147880973850315 0.13908872901678657 0.9143372407574392 0.15027977617905677 0.9156898106402165 0.1542765787370104
0 0.4981965734896303 0.5987210231814549 0.5162308385933273 0.5979216626698641 0.5166816952209198 0.5795363709032775 0.5148782687105501 0.5691446842525979 0.5018034265103697 0.5627498001598722 0.4977457168620379 0.5627498001598722 0.4954914337240758 0.5675459632294165 0.4945897204688909 0.5843325339728218 0.4981965734896303 0.5987210231814549
0 0.22407574391343554 0.4788169464428457 0.23760144274120829 0.4804156674660272 0.2430117222723174 0.47641886490807356 0.24346257889990983 0.45643485211830537 0.2407574391343553 0.44844124700239807 0.22587917042380526 0.44604316546762596 0.2231740306582507 0.44924060751398887 0.22272317403065825 0.4740207833733014 0.22407574391343554 0.4788169464428457
0 0.18530207394048692 0.8369304556354917 0.20333633904418397 0.8369304556354917 0.20468890892696123 0.827338129496403 0.2037871956717764 0.806554756195044 0.18890892696122633 0.800959232613909 0.1825969341749324 0.8033573141486812 0.18214607754733994 0.8145483613109513 0.18530207394048692 0.8369304556354917
0 0.8575293056807936 0.10631494804156676 0.8809738503155997 0.10791366906474821 0.8832281334535618 0.10711430855315748 0.8850315599639315 0.10231814548361312 0.8845807033363391 0.08313349320543566 0.8800721370604149 0.07753796962430057 0.8733092876465285 0.07434052757793765 0.8656447249774571 0.07434052757793765 0.8593327321911632 0.07913669064748202 0.8561767357980163 0.08792965627498003 0.8557258791704238 0.10391686650679458 0.8575293056807936 0.10631494804156676
0 0.4477006311992786 0.9640287769784173 0.47069431920649235 0.9664268585131894 0.47385031559963936 0.9600319744204637 0.47249774571686204 0.947242206235012 0.46934174932371503 0.9416466826538769 0.4486023444544635 0.9360511590727418 0.4463480613165014 0.9368505195843326 0.4449954914337241 0.9424460431654678 0.4449954914337241 0.9600319744204637 0.4477006311992786 0.9640287769784173
0 0.939585211902615 0.40527577937649883 0.939585211902615 0.42046362909672264 0.9427412082957619 0.425259792166267 0.9562669071235348 0.425259792166267 0.9634806131650135 0.4180655475619504 0.9675383228133454 0.4012789768185452 0.9679891794409378 0.37969624300559557 0.9661857529305681 0.3525179856115108 0.9567177637511272 0.3477218225419665 0.9431920649233544 0.3469224620303757 0.939585211902615 0.35171862509992013 0.9386834986474301 0.35651478816946447 0.9368800721370605 0.3932853717026379 0.939585211902615 0.40527577937649883
0 0.1442741208295762 0.24220623501199043 0.1600541027953111 0.24620303756994405 0.16681695220919746 0.24620303756994405 0.16907123534715962 0.24380495603517185 0.16952209197475201 0.23101518784972022 0.1654643823264202 0.22302158273381298 0.15960324616771868 0.22062350119904078 0.15419296663660956 0.21502797761790568 0.1442741208295762 0.21662669864108713 0.1424706943192065 0.2222222222222222 0.14201983769161408 0.2334132693844924 0.1442741208295762 0.24220623501199043
0 0.6821460775473399 0.37729816147082335 0.6925157799819658 0.38049560351718625 0.6961226330027052 0.3749000799360512 0.693868349864743 0.36211031175059955 0.6916140667267809 0.3597122302158273 0.6825969341749324 0.3597122302158273 0.6776375112714157 0.36530775379696245 0.6776375112714157 0.37090327737809753 0.6821460775473399 0.37729816147082335
0 0.6235347159603246 0.018385291766586733 0.6370604147880974 0.019184652278177457 0.6438232642019839 0.023181454836131096 0.6469792605951307 0.020783373301358914 0.6483318304779081 0.016786570743405275 0.6483318304779081 0 0.6226330027051398 0 0.6221821460775473 0.01598721023181455 0.6235347159603246 0.018385291766586733
0 0.9183949504057709 0.05115907274180656 0.9323715058611362 0.05355715427657874 0.9346257889990982 0.050359712230215826 0.9341749323715058 0.03517186250999201 0.9319206492335438 0.02797761790567546 0.9251577998196574 0.026378896882494004 0.9183949504057709 0.02877697841726619 0.9170423805229937 0.0319744204636291 0.9165915238954013 0.042366107114308556 0.9183949504057709 0.05115907274180656
0 0.8002705139765555 0.05355715427657874 0.8083859332732191 0.05755395683453238 0.8192064923354373 0.05755395683453238 0.8223624887285843 0.05435651478816946 0.8237150586113616 0.0319744204636291 0.8205590622182147 0.020783373301358914 0.8101893597835889 0.01598721023181455 0.8020739404869252 0.01598721023181455 0.7993688007213706 0.020783373301358914 0.7989179440937783 0.04796163069544365 0.8002705139765555 0.05355715427657874
0 0.2587917042380523 0.19584332533972823 0.260595130748422 0.19264588329336532 0.2601442741208296 0.17905675459632295 0.25743913435527505 0.1750599520383693 0.24436429215509467 0.1750599520383693 0.24481514878268712 0.19744204636290968 0.2587917042380523 0.19584332533972823
0 0.9391343552750226 0.4012789768185452 0.9391343552750226 0.4212629896083134 0.9422903516681695 0.425259792166267 0.9558160504959423 0.425259792166267 0.9598737601442742 0.42206235011990406 0.9643823264201984 0.416466826538769 0.9702434625789 0.39648281374900085 0.9864743011722273 0.4012789768185452 0.9918845807033364 0.39728217426059154 0.9909828674481516 0.3677058353317346 0.9873760144274121 0.35891286970423664 0.9779080252479712 0.35411670663469225 0.9738503155996393 0.34852118305355717 0.9571686203787195 0.34612310151878495 0.9422903516681695 0.3469224620303757 0.9386834986474301 0.354916067146283 0.9368800721370605 0.39408473221422863 0.9391343552750226 0.4012789768185452
0 0.733092876465284 0.28377298161470826 0.7403065825067628 0.28617106314948043 0.7488728584310189 0.28617106314948043 0.7506762849413887 0.28377298161470826 0.7524797114517583 0.2613908872901679 0.7515779981965736 0.2549960031974421 0.7335437330928765 0.2517985611510791 0.7317403065825068 0.2565947242206235 0.7317403065825068 0.2789768185451639 0.733092876465284 0.28377298161470826
0 0.41027953110910736 0.3309352517985612 0.4314697926059513 0.3309352517985612 0.4337240757439134 0.32773780975219824 0.4337240757439134 0.3165467625899281 0.43192064923354373 0.30935251798561153 0.42651036970243467 0.3069544364508393 0.41118124436429215 0.3069544364508393 0.40802524797114514 0.31015187849720227 0.4075743913435528 0.3237410071942446 0.41027953110910736 0.3309352517985612
0 0.9044183949504058 0.5387689848121503 0.9296663660955816 0.5387689848121503 0.9305680793507665 0.5227817745803358 0.9278629395852119 0.513189448441247 0.9183949504057709 0.5091926458832934 0.9053201082055906 0.5099920063948842 0.9026149684400361 0.513189448441247 0.9026149684400361 0.5323741007194245 0.9044183949504058 0.5387689848121503
0 0.4522091974752029 0.09912070343725021 0.4657348963029757 0.10311750599520383 0.47385031559963936 0.1015187849720224 0.47610459873760147 0.08553157474020784 0.47385031559963936 0.07753796962430057 0.4661857529305681 0.07673860911270983 0.45987376014427417 0.07274180655475619 0.4522091974752029 0.07354116706634693 0.4504057709648332 0.07673860911270983 0.4499549143372408 0.08952837729816147 0.4522091974752029 0.09912070343725021
0 0.8444544634806133 0.6235011990407675 0.8701532912533815 0.627498001598721 0.8805229936880072 0.6266986410871304 0.8823264201983769 0.6227018385291766 0.8814247069431921 0.5947242206235012 0.8764652840396754 0.5875299760191847 0.8453561767357981 0.5851318944844125 0.8422001803426511 0.5947242206235012 0.8417493237150586 0.6131095123900879 0.8444544634806133 0.6235011990407675
0 0.24346257889990983 0.24460431654676262 0.2511271415689811 0.2478017585931255 0.2556357078449053 0.2478017585931255 0.25924256086564473 0.24460431654676262 0.25969341749323716 0.2270183852917666 0.2583408476104599 0.22302158273381298 0.242560865644725 0.21982414068745004 0.2412082957619477 0.2238209432454037 0.2407574391343553 0.23820943245403678 0.24346257889990983 0.24460431654676262
0 0.8516681695220919 0.9112709832134293 0.8593327321911632 0.9096722621902479 0.860234445446348 0.8784972022382095 0.8593327321911632 0.8721023181454837 0.8566275924256087 0.8673061550759393 0.8525698827772769 0.862509992006395 0.8453561767357981 0.862509992006395 0.8422001803426511 0.8657074340527579 0.8408476104598738 0.8784972022382095 0.8412984670874663 0.9080735411670664 0.8516681695220919 0.9112709832134293
0 0.21055004508566277 0.23181454836131096 0.21325518485121733 0.23421262989608316 0.22723174030658252 0.23421262989608316 0.2285843101893598 0.23181454836131096 0.2290351668169522 0.2014388489208633 0.22723174030658252 0.18465227817745802 0.2096483318304779 0.18225419664268586 0.20423805229936878 0.1838529176658673 0.20198376916140667 0.18864908073541167 0.20288548241659152 0.21742605915267785 0.21055004508566277 0.23181454836131096
0 0 0.1047162270183853 0.015779981965734897 0.10711430855315748 0.017132551848512173 0.08233413269384492 0.015329125338142471 0.0639488409272582 0.011722272317403066 0.059952038369304565 0.0031559963931469793 0.05915267785771383 0 0.059952038369304565 0 0.1047162270183853
0 0.15915238954012625 0.2094324540367706 0.16907123534715962 0.2094324540367706 0.1708746618575293 0.20223820943245407 0.1708746618575293 0.19344524380495606 0.16862037871956717 0.18465227817745802 0.1650135256988278 0.1806554756195044 0.16095581605049597 0.1806554756195044 0.15734896302975654 0.18545163868904876 0.1568981064021641 0.19664268585131894 0.15915238954012625 0.2094324540367706
0 0.8277727682596934 0.3557154276578737 0.8372407574391344 0.35891286970423664 0.8453561767357981 0.35891286970423664 0.8471596032461677 0.35651478816946447 0.8471596032461677 0.3413269384492406 0.8453561767357981 0.33573141486810554 0.8259693417493238 0.33573141486810554 0.8264201983769162 0.35331734612310156 0.8277727682596934 0.3557154276578737
0 0.25473399458972046 0.5739408473221423 0.2687105500450857 0.5763389288569145 0.2727682596934175 0.5731414868105515 0.27412082957619477 0.5611510791366906 0.2732191163210099 0.5387689848121503 0.2578899909828674 0.5371702637889688 0.2551848512173129 0.5395683453237411 0.2538322813345356 0.5459632294164669 0.25293056807935077 0.5667466027178258 0.25473399458972046 0.5739408473221423
0 0.6230838593327321 0.9144684252597922 0.6420198376916141 0.9192645883293366 0.6474301172227231 0.9192645883293366 0.6505861136158702 0.9144684252597922 0.6501352569882777 0.8984812150279777 0.6519386834986475 0.8745003996802558 0.6510369702434625 0.8641087130295764 0.6379621280432822 0.8609112709832134 0.633453561767358 0.8569144684252599 0.6262398557258791 0.8569144684252599 0.6235347159603246 0.8617106314948043 0.6221821460775473 0.8800959232613909 0.6217312894499549 0.9080735411670664 0.6230838593327321 0.9144684252597922
0 0.6893597835888188 0.8641087130295764 0.6979260595130748 0.8665067945643485 0.7091974752028855 0.8649080735411672 0.7110009017132553 0.841726618705036 0.7078449053201082 0.8265387689848122 0.7028854824165914 0.8233413269384493 0.6916140667267809 0.82414068745004 0.6884580703336339 0.8305355715427658 0.6880072137060416 0.8601119104716227 0.6893597835888188 0.8641087130295764
0 0.15464382326420198 0.8441247002398081 0.17493237150586113 0.8433253397282174 0.17763751127141567 0.8393285371702638 0.178990081154193 0.8161470823341327 0.17493237150586113 0.7969624300559552 0.16816952209197475 0.7945643485211831 0.16411181244364292 0.7961630695443646 0.15960324616771868 0.8017585931254997 0.15419296663660956 0.8025579536370904 0.15058611361587015 0.8233413269384493 0.15058611361587015 0.8369304556354917 0.15464382326420198 0.8441247002398081
0 0.2673579801623084 0.9160671462829737 0.284941388638413 0.9176658673061552 0.2867448151487827 0.915267785771383 0.2867448151487827 0.8832933653077538 0.2687105500450857 0.8800959232613909 0.26645626690712354 0.8896882494004797 0.2660054102795311 0.9128697042366107 0.2673579801623084 0.9160671462829737
0 0.39224526600541026 0.8545163868904877 0.40937781785392247 0.8577138289368506 0.4174932371505861 0.8553157474020784 0.418394950405771 0.841726618705036 0.4170423805229937 0.8297362110311751 0.3935978358881876 0.827338129496403 0.39089269612263305 0.832933653077538 0.3904418394950406 0.8521183053557154 0.39224526600541026 0.8545163868904877
0 0.175834084761046 0.23741007194244604 0.18665464382326422 0.24300559552358114 0.20018034265103696 0.2414068745003997 0.20153291253381425 0.19824140687450043 0.19972948602344456 0.18225419664268586 0.19116321009918846 0.1774580335731415 0.17763751127141567 0.1774580335731415 0.1744815148782687 0.1830535571542766 0.17177637511271418 0.2030375699440448 0.17177637511271418 0.2222222222222222 0.175834084761046 0.23741007194244604
0 0.42155094679891797 0.2685851318944844 0.42515779981965734 0.27258193445243806 0.4359783588818755 0.2733812949640288 0.43913435527502254 0.26538768984812156 0.43913435527502254 0.2414068745003997 0.4359783588818755 0.23820943245403678 0.4287646528403968 0.23741007194244604 0.42425608656447256 0.23421262989608316 0.42155094679891797 0.23421262989608316 0.4206492335437331 0.23661071143085532 0.42019837691614065 0.2589928057553957 0.42155094679891797 0.2685851318944844
0 0 0.8305355715427658 0.005861136158701533 0.8305355715427658 0.007664562669071236 0.8281374900079936 0.008566275924256087 0.809752198241407 0.007664562669071236 0.8017585931254997 0.004959422903516681 0.7969624300559552 0 0.7969624300559552 0 0.8305355715427658
0 0.21235347159603246 0.8385291766586731 0.22723174030658252 0.8393285371702638 0.2290351668169522 0.8361310951239008 0.23083859332732193 0.8257394084732215 0.22993688007213708 0.8169464428457234 0.22723174030658252 0.809752198241407 0.21325518485121733 0.8081534772182254 0.21055004508566277 0.8145483613109513 0.21055004508566277 0.8321342925659473 0.21235347159603246 0.8385291766586731
0 0.8309287646528404 0.407673860911271 0.8358881875563571 0.39728217426059154 0.8376916140667268 0.3868904876099121 0.8363390441839494 0.3820943245403677 0.827321911632101 0.3788968824940048 0.8165013525698828 0.38049560351718625 0.8174030658250677 0.4060751398880896 0.8309287646528404 0.407673860911271
0 0.3935978358881876 0.8776978417266187 0.4008115419296664 0.8792965627498002 0.4098286744815149 0.8689048760991207 0.40937781785392247 0.862509992006395 0.4044183949504058 0.8585131894484412 0.3954012623985573 0.8577138289368506 0.38999098286744815 0.8609112709832134 0.3890892696122633 0.8721023181454837 0.3935978358881876 0.8776978417266187
0 0.7272317403065826 0.011191047162270184 0.7321911632100992 0.016786570743405275 0.739404869251578 0.016786570743405275 0.74165915238954 0.010391686650679457 0.74165915238954 0 0.7267808836789902 0 0.7272317403065826 0.011191047162270184
0 0.022091974752028856 0.5467625899280576 0.05770964833183048 0.5507593924860112 0.06402164111812444 0.5459632294164669 0.06402164111812444 0.5243804956035172 0.061316501352569885 0.5203836930455635 0.04959422903516681 0.5203836930455635 0.04418394950405771 0.5115907274180655 0.033363390441839495 0.5091926458832934 0.023444544634806132 0.5091926458832934 0.018935978358881875 0.5155875299760192 0.018935978358881875 0.5387689848121503 0.022091974752028856 0.5467625899280576
0 0.18845807033363393 0.9480415667466028 0.18890892696122633 0.959232613908873 0.20198376916140667 0.959232613908873 0.2037871956717764 0.9560351718625101 0.20513976555455368 0.9424460431654678 0.2037871956717764 0.915267785771383 0.2006311992786294 0.9128697042366107 0.18890892696122633 0.9128697042366107 0.18710550045085664 0.9160671462829737 0.18575293056807937 0.9408473221422862 0.18845807033363393 0.9480415667466028
0 0.9454463480613166 0.9832134292565947 0.9616771866546439 0.982414068745004 0.9643823264201984 0.9792166266986412 0.9661857529305681 0.9632294164668266 0.963931469792606 0.9576338928856915 0.9549143372407575 0.9488409272581935 0.9495040577096483 0.9488409272581935 0.9449954914337241 0.9544364508393286 0.9440937781785392 0.9792166266986412 0.9454463480613166 0.9832134292565947
0 0.7051397655545536 0.36530775379696245 0.7060414788097384 0.37010391686650684 0.7155094679891795 0.3741007194244605 0.7240757439134355 0.3741007194244605 0.7272317403065826 0.37010391686650684 0.7272317403065826 0.34532374100719426 0.7258791704238052 0.3405275779376499 0.7200180342651037 0.33733013589128696 0.7100991884580703 0.33733013589128696 0.7078449053201082 0.3397282174260592 0.7069431920649234 0.3445243804956035 0.7069431920649234 0.3557154276578737 0.7051397655545536 0.36530775379696245
0 0.6505861136158702 0.9744204636290967 0.6654643823264202 0.9752198241406874 0.6690712353471596 0.9704236610711432 0.6686203787195673 0.9560351718625101 0.6614066726780884 0.9424460431654678 0.6510369702434625 0.9408473221422862 0.6483318304779081 0.9544364508393286 0.6483318304779081 0.9704236610711432 0.6505861136158702 0.9744204636290967
0 0.9066726780883679 0.407673860911271 0.9265103697024346 0.407673860911271 0.9278629395852119 0.4020783373301359 0.9278629395852119 0.3868904876099121 0.9247069431920649 0.3756994404476419 0.9080252479711453 0.37809752198241414 0.9053201082055906 0.3820943245403677 0.9048692515779982 0.3980815347721823 0.9066726780883679 0.407673860911271
0 0.3624887285843102 0.06474820143884892 0.3719567177637511 0.06474820143884892 0.37330928764652843 0.055155875299760196 0.37330928764652843 0.036770583533173466 0.3719567177637511 0.030375699440447643 0.369702434625789 0.02797761790567546 0.36203787195671777 0.02717825739408473 0.35888187556357076 0.031175059952038373 0.35933273219116324 0.06155075939248601 0.3624887285843102 0.06474820143884892
0 0.7078449053201082 0.5323741007194245 0.7100991884580703 0.5363709032773781 0.7200180342651037 0.5395683453237411 0.7222723174030657 0.5347721822541966 0.7218214607754734 0.504396482813749 0.7182146077547341 0.5011990407673861 0.7096483318304779 0.5011990407673861 0.706492335437331 0.5075939248601119 0.7060414788097384 0.5243804956035172 0.7078449053201082 0.5323741007194245
0 0.7614968440036068 0.9992006394884093 0.7623985572587918 0.9920063948840928 0.7610459873760144 0.9840127897681855 0.7587917042380523 0.9800159872102319 0.7502254283137962 0.9768185451638689 0.7466185752930569 0.982414068745004 0.7466185752930569 0.9992006394884093 0.7614968440036068 0.9992006394884093
0 0.799819657348963 0.6434852118305356 0.8056807935076646 0.6410871302957634 0.8079350766456267 0.6346922462030377 0.8074842200180342 0.6059152677857713 0.8034265103697025 0.6011191047162271 0.796663660955816 0.6011191047162271 0.7944093778178539 0.6051159072741806 0.793507664562669 0.6115107913669064 0.7926059513074842 0.6402877697841727 0.799819657348963 0.6434852118305356
0 0.0351668169522092 0.0815347721822542 0.04418394950405771 0.08633093525179857 0.05725879170423805 0.08553157474020784 0.059513074842200184 0.0815347721822542 0.05725879170423805 0.07114308553157474 0.05770964833183048 0.06314948041566747 0.062218214607754736 0.055155875299760196 0.06853020739404869 0.050359712230215826 0.06627592425608657 0.03357314148681055 0.06447249774571685 0.02877697841726619 0.06086564472497746 0.026378896882494004 0.03922452660054102 0.023181454836131096 0.034715960324616775 0.05355715427657874 0.031109107303877368 0.059952038369304565 0.031109107303877368 0.07513988808952839 0.0351668169522092 0.0815347721822542
0 0.6713255184851218 0.2829736211031175 0.672678088367899 0.28936850519584334 0.6753832281334536 0.29256594724220625 0.6920649233543733 0.29896083133493206 0.6992786293958522 0.29896083133493206 0.7010820559062219 0.29416466826538773 0.7028854824165914 0.27737809752198245 0.7010820559062219 0.2541966426858513 0.6992786293958522 0.2517985611510791 0.693868349864743 0.2541966426858513 0.6871055004508567 0.2517985611510791 0.6884580703336339 0.23261390887290168 0.6862037871956718 0.2238209432454037 0.6803426510369702 0.22062350119904078 0.6753832281334536 0.2214228617106315 0.672678088367899 0.22861710631494805 0.672678088367899 0.2733812949640288 0.6713255184851218 0.2829736211031175
0 0.19792605951307485 0.9048760991207034 0.20333633904418397 0.9040767386091128 0.20649233543733095 0.9008792965627499 0.2060414788097385 0.8800959232613909 0.19071235347159604 0.8776978417266187 0.18800721370604148 0.8816946442845724 0.18845807033363393 0.9032773780975221 0.19792605951307485 0.9048760991207034
0 0.8485121731289451 0.36850519584332536 0.8692515779981966 0.37170263788968827 0.8746618575293057 0.37170263788968827 0.8769161406672679 0.36930455635491605 0.8764652840396754 0.3525179856115108 0.872858431018936 0.33733013589128696 0.8516681695220919 0.3349320543565148 0.8476104598737602 0.33812949640287776 0.8471596032461677 0.3597122302158273 0.8485121731289451 0.36850519584332536
0 0.6172227231740307 0.9992006394884093 0.6343552750225429 0.9992006394884093 0.6357078449053201 0.9840127897681855 0.6339044183949504 0.9808153477218226 0.6226330027051398 0.9768185451638689 0.6167718665464382 0.9840127897681855 0.6158701532912535 0.9896083133493206 0.6172227231740307 0.9992006394884093
0 0.03201082055906222 0.4924060751398881 0.04508566275924256 0.4924060751398881 0.06176735798016231 0.49640287769784175 0.06537421100090171 0.4948041566746603 0.06492335437330929 0.4772182254196643 0.06266907123534717 0.4668265387689848 0.029305680793507663 0.46282973621103124 0.027051397655545536 0.460431654676259 0.022091974752028856 0.4636290967226219 0.02254283137962128 0.495603517186251 0.03201082055906222 0.4924060751398881
0 0.9427412082957619 0.26618705035971224 0.9440937781785392 0.27258193445243806 0.9445446348061317 0.29256594724220625 0.9522091974752029 0.2973621103117506 0.9652840396753832 0.2965627498001599 0.967087466185753 0.2829736211031175 0.9666366095581606 0.26938449240607515 0.9648331830477908 0.26298960831334933 0.958521190261497 0.25739408473221426 0.9440937781785392 0.25819344524380494 0.9427412082957619 0.26059152677857716 0.9427412082957619 0.26618705035971224
0 0.9702434625789 0.3980815347721823 0.9855725879170424 0.4020783373301359 0.9905320108205591 0.4012789768185452 0.9918845807033364 0.398880895283773 0.9923354373309288 0.3733013589128697 0.9873760144274121 0.3597122302158273 0.9765554553651938 0.3581135091926459 0.9715960324616773 0.3605115907274181 0.9693417493237151 0.36530775379696245 0.9688908926961226 0.39488409272581937 0.9702434625789 0.3980815347721823
0 0.8309287646528404 0.9752198241406874 0.8440036068530207 0.973621103117506 0.8444544634806133 0.9544364508393286 0.8431018935978359 0.9504396482813751 0.8345356176735799 0.947242206235012 0.8313796212804329 0.9480415667466028 0.8295761947700632 0.9536370903277379 0.8295761947700632 0.9712230215827339 0.8309287646528404 0.9752198241406874