0 0.2290351668169522 0.3749000799360512 0.239404869251578 0.3764988009592326 0.242560865644725 0.3733013589128697 0.2430117222723174 0.36530775379696245 0.2407574391343553 0.35891286970423664 0.22723174030658252 0.35891286970423664 0.22678088367899008 0.3677058353317346 0.2290351668169522 0.3749000799360512
0 0.46032461677186653 0.9784172661870505 0.4657348963029757 0.982414068745004 0.47790802524797116 0.9856115107913669 0.48467087466185754 0.9856115107913669 0.48692515779981965 0.9832134292565947 0.48647430117222723 0.9576338928856915 0.4842200180342651 0.9488409272581935 0.4720468890892696 0.9440447641886491 0.46167718665464386 0.9440447641886491 0.45897204688908927 0.947242206235012 0.45852119026149685 0.9664268585131894 0.46032461677186653 0.9784172661870505
0 0.08476104598737601 0.18145483613109514 0.08972046889089269 0.18145483613109514 0.09873760144274121 0.17665867306155078 0.10550045085662758 0.1806554756195044 0.11000901713255186 0.17905675459632295 0.11136158701532912 0.17186250999200642 0.11136158701532912 0.1510791366906475 0.10955816050495942 0.14548361310951238 0.09963931469792607 0.14148681055155876 0.09017132551848513 0.14148681055155876 0.08476104598737601 0.14788169464428458 0.08340847610459873 0.1542765787370104 0.0825067628494139 0.17585931254996007 0.08476104598737601 0.18145483613109514
0 0.6253381424706943 0.1838529176658673 0.627141568981064 0.18625099920063948 0.6519386834986475 0.19104716227018384 0.6559963931469793 0.1894484412470024 0.657799819657349 0.18465227817745802 0.6568981064021642 0.1750599520383693 0.6541929666366095 0.17106314948041568 0.6257889990982868 0.16786570743405277 0.6248872858431019 0.17825739408473223 0.6253381424706943 0.1838529176658673
0 0.9625788999098286 0.026378896882494004 0.963931469792606 0.02877697841726619 0.9896302975653742 0.03357314148681055 0.9932371505861136 0.032773780975219824 0.9945897204688909 0.029576338928856916 0.9945897204688909 0.00639488409272582 0.9914337240757439 0 0.9630297565374212 0 0.9616771866546439 0.004796163069544364 0.9612263300270514 0.011990407673860913 0.9625788999098286 0.026378896882494004
0 0.8358881875563571 0.011990407673860913 0.8435527502254283 0.015187849720223821 0.8494138863841298 0.015187849720223821 0.8534715960324617 0.011990407673860913 0.8512173128944995 0 0.833633904418395 0 0.830477908025248 0.005595523581135092 0.8358881875563571 0.011990407673860913
0 0.9706943192064924 0.12949640287769784 0.9873760144274121 0.13029576338928858 0.9896302975653742 0.1278976818545164 0.9914337240757439 0.10951239008792966 0.9873760144274121 0.10551558752997602 0.9815148782687105 0.10391686650679458 0.9702434625789 0.10391686650679458 0.9675383228133454 0.11430855315747403 0.9679891794409378 0.12549960031974422 0.9706943192064924 0.12949640287769784
0 0.11226330027051398 0.3868904876099121 0.12759242560865644 0.390087929656275 0.13119927862939584 0.38609112709832133 0.13255184851217314 0.36211031175059955 0.1316501352569883 0.35171862509992013 0.12939585211902616 0.34612310151878495 0.11587015329125337 0.34372501998401284 0.11226330027051398 0.3477218225419665 0.11136158701532912 0.354916067146283 0.1109107303877367 0.37969624300559557 0.11226330027051398 0.3868904876099121
0 0.5076645626690712 0.7617905675459633 0.5225428313796213 0.7633892885691447 0.5252479711451759 0.7609912070343725 0.5238954012623985 0.748201438848921 0.5202885482416592 0.7426059152677859 0.5157799819657348 0.7394084732214229 0.5085662759242561 0.7394084732214229 0.506311992786294 0.7442046362909672 0.5058611361587015 0.7585931254996003 0.5076645626690712 0.7617905675459633
0 0.14562669071235346 0.1135091926458833 0.1568981064021641 0.1167066346922462 0.16636609558160506 0.1167066346922462 0.16997294860234446 0.11430855315747403 0.17132551848512173 0.07354116706634693 0.16771866546438233 0.059952038369304565 0.16456266907123535 0.05675459632294165 0.14743011722272317 0.05915267785771383 0.14382326420198377 0.062350119904076746 0.14292155094679893 0.06954436450839328 0.1424706943192065 0.09992006394884093 0.14562669071235346 0.1135091926458833
0 0.27051397655545534 0.1334932054356515 0.28764652840396754 0.1334932054356515 0.2885482416591524 0.11830535571542766 0.2867448151487827 0.1135091926458833 0.27908025247971147 0.11270983213429257 0.2723174030658251 0.10711430855315748 0.26825969341749323 0.10951239008792966 0.26825969341749323 0.12949640287769784 0.27051397655545534 0.1334932054356515
0 0 0.11191047162270185 0.011722272317403066 0.1167066346922462 0.019837691614066726 0.1167066346922462 0.021190261496844002 0.10951239008792966 0.020288548241659154 0.07753796962430057 0.01442741208295762 0.07114308553157474 0.003606853020739405 0.07034372501998402 0 0.07274180655475619 0 0.11191047162270185
0 0.27006311992786297 0.6522781774580336 0.28990081154192965 0.6546762589928058 0.2944093778178539 0.6514788169464429 0.29486023444544635 0.6418864908073542 0.2935076645626691 0.6338928856914469 0.28764652840396754 0.6266986410871304 0.28268710550045084 0.6115107913669064 0.2795311091073039 0.6083133493205436 0.27186654643823266 0.6083133493205436 0.2687105500450857 0.6123101518784972 0.26825969341749323 0.6466826538768985 0.27006311992786297 0.6522781774580336
0 0.7826871055004508 0.10071942446043165 0.7880973850315599 0.10311750599520383 0.8002705139765555 0.10231814548361312 0.8016230838593328 0.08233413269384492 0.7975653742110009 0.06474820143884892 0.7844905320108205 0.062350119904076746 0.7813345356176735 0.0639488409272582 0.7799819657348963 0.06874500399680256 0.7795311091073039 0.08553157474020784 0.7826871055004508 0.10071942446043165
0 0.6816952209197475 0.495603517186251 0.6934174932371506 0.5011990407673861 0.6988277727682598 0.5067945643485212 0.703336339044184 0.5067945643485212 0.7046889089269612 0.504396482813749 0.7046889089269612 0.4852118305355716 0.7015329125338142 0.469224620303757 0.6871055004508567 0.4636290967226219 0.6816952209197475 0.4636290967226219 0.6794409377817855 0.4684252597921663 0.6789900811541929 0.486810551558753 0.6816952209197475 0.495603517186251
0 0.2980162308385933 0.14388489208633096 0.31154192966636607 0.14388489208633096 0.3119927862939585 0.12310151878497202 0.30748422001803427 0.11510791366906475 0.30387736699729484 0.08073541167066348 0.3002705139765554 0.07673860911270983 0.29621280432822367 0.07673860911270983 0.29305680793507666 0.08073541167066348 0.29260595130748424 0.09512390087929656 0.29260595130748424 0.13908872901678657 0.2980162308385933 0.14388489208633096
0 0.11587015329125337 0.13029576338928858 0.13345356176735798 0.1398880895283773 0.14156898106402163 0.1366906474820144 0.14292155094679893 0.13029576338928858 0.14201983769161408 0.09832134292565947 0.13706041478809738 0.08233413269384492 0.13074842200180342 0.07913669064748202 0.11947700631199279 0.08073541167066348 0.11677186654643823 0.08792965627498003 0.1145175834084761 0.10871302957633892 0.11406672678088368 0.12629896083133493 0.11587015329125337 0.13029576338928858
0 0.4147880973850316 0.21902478017585933 0.4188458070333634 0.21662669864108713 0.4197475202885482 0.19344524380495606 0.418394950405771 0.18625099920063948 0.4138863841298467 0.1806554756195044 0.40802524797114514 0.17825739408473223 0.40396753832281335 0.1838529176658673 0.4044183949504058 0.21582733812949642 0.4147880973850316 0.21902478017585933
0 0.7831379621280433 0.3181454836131095 0.7885482416591524 0.3181454836131095 0.7930568079350766 0.3149480415667466 0.7948602344454464 0.302158273381295 0.7944093778178539 0.2797761790567546 0.7885482416591524 0.27737809752198245 0.7790802524797115 0.2821742605915268 0.7790802524797115 0.31414868105515587 0.7831379621280433 0.3181454836131095
0 0.6776375112714157 0.11590727418065548 0.6961226330027052 0.11910471622701839 0.7069431920649234 0.11590727418065548 0.7024346257889991 0.08473221422861711 0.6844003606853021 0.08473221422861711 0.6789900811541929 0.0815347721822542 0.6753832281334536 0.08393285371702638 0.674932371505861 0.10791366906474821 0.6776375112714157 0.11590727418065548
0 0.22768259693417492 0.23661071143085532 0.2412082957619477 0.23661071143085532 0.242560865644725 0.21982414068745004 0.2407574391343553 0.2038369304556355 0.23038773669972948 0.2038369304556355 0.22723174030658252 0.20623501199040767 0.22587917042380526 0.21422861710631497 0.2254283137962128 0.2270183852917666 0.22768259693417492 0.23661071143085532
0 0.6744815148782687 0.4132693844924061 0.7028854824165914 0.4140687450039968 0.7046889089269612 0.4108713029576339 0.7042380522993689 0.39408473221422863 0.703336339044184 0.3892885691446843 0.7006311992786294 0.38609112709832133 0.6704238052299368 0.3836930455635492 0.6672678088367898 0.3892885691446843 0.6677186654643824 0.40687450039968026 0.6744815148782687 0.4132693844924061
0 0.8935978358881875 0.8313349320543566 0.8976555455365194 0.8345323741007195 0.9048692515779982 0.8337330135891287 0.9075743913435527 0.8249400479616307 0.9075743913435527 0.8137490007993605 0.9053201082055906 0.806554756195044 0.897204688908927 0.8017585931254997 0.890892696122633 0.8049560351718625 0.8904418394950405 0.8137490007993605 0.8935978358881875 0.8313349320543566
0 0.20784490532010821 0.15027977617905677 0.21325518485121733 0.15267785771382894 0.21911632100991885 0.15187849720223823 0.2236248872858431 0.14948041566746603 0.22723174030658252 0.14388489208633096 0.2285843101893598 0.1334932054356515 0.2285843101893598 0.09432454036770584 0.21911632100991885 0.0903277378097522 0.21009918845807032 0.09112709832134293 0.19792605951307485 0.10871302957633892 0.19747520288548243 0.11590727418065548 0.19747520288548243 0.1374900079936051 0.20784490532010821 0.15027977617905677
0 0.478809738503156 0.871302957633893 0.48737601442741213 0.8705035971223022 0.4891794409377818 0.8529176658673061 0.4882777276825969 0.8369304556354917 0.48512173128945 0.8337330135891287 0.4792605951307485 0.8337330135891287 0.47385031559963936 0.8409272581934453 0.47385031559963936 0.8689048760991207 0.478809738503156 0.871302957633893
0 0.45446348061316505 0.8425259792166268 0.47339945897204694 0.8441247002398081 0.4792605951307485 0.8361310951239008 0.4842200180342651 0.8369304556354917 0.48782687105500455 0.841726618705036 0.4855725879170424 0.8377298161470824 0.4882777276825969 0.8353317346123101 0.48782687105500455 0.8281374900079936 0.4828674481514878 0.82414068745004 0.4612263300270514 0.8193445243804957 0.4522091974752029 0.8201438848920864 0.4499549143372408 0.82414068745004 0.4504057709648332 0.8377298161470824 0.45446348061316505 0.8425259792166268
0 0.14472497745716864 0.36211031175059955 0.1564472497745717 0.36530775379696245 0.16140667267808836 0.36211031175059955 0.16275924256086563 0.33573141486810554 0.16095581605049597 0.32693844924060755 0.1532912533814247 0.32214228617106316 0.1442741208295762 0.3213429256594725 0.1411181244364292 0.33013589128697046 0.14021641118124437 0.34852118305355717 0.14472497745716864 0.36211031175059955
0 0.07980162308385934 0.3820943245403677 0.09693417493237151 0.38609112709832133 0.10324616771866547 0.38049560351718625 0.10414788097385032 0.36370903277378097 0.10234445446348062 0.3501199040767386 0.09558160504959423 0.34852118305355717 0.08070333633904418 0.35091926458832934 0.07844905320108204 0.35171862509992013 0.07664562669071236 0.3581135091926459 0.07664562669071236 0.3764988009592326 0.07980162308385934 0.3820943245403677
0 0.8128944995491433 0.2749800159872102 0.8385933273219116 0.27577937649880097 0.8417493237150586 0.266986410871303 0.8403967538322813 0.2613908872901679 0.8322813345356176 0.2533972821742606 0.8277727682596934 0.2517985611510791 0.8214607754733995 0.25739408473221426 0.8137962128043282 0.25819344524380494 0.8101893597835889 0.2613908872901679 0.8101893597835889 0.2701838529176659 0.8128944995491433 0.2749800159872102
0 0.9021641118124436 0.28377298161470826 0.9102795311091073 0.2869704236610712 0.9224526600541028 0.2853717026378897 0.9247069431920649 0.26458832933653076 0.9211000901713255 0.2470023980815348 0.9147880973850315 0.24300559552358114 0.9075743913435527 0.24380495603517185 0.9039675383228134 0.2478017585931255 0.9008115419296664 0.2613908872901679 0.8999098286744815 0.2789768185451639 0.9021641118124436 0.28377298161470826
0 0.8115419296663661 0.5355715427657874 0.8318304779080252 0.5395683453237411 0.8385933273219116 0.5347721822541966 0.8381424706943192 0.5115907274180655 0.8327321911632102 0.49880095923261397 0.8174030658250677 0.495603517186251 0.8133453561767359 0.49640287769784175 0.8101893597835889 0.5011990407673861 0.8097385031559965 0.5291766586730615 0.8115419296663661 0.5355715427657874
0 0.8904418394950405 0.9928057553956835 0.9030658250676284 0.9952038369304558 0.9089269612263301 0.9928057553956835 0.9098286744815148 0.9752198241406874 0.9080252479711453 0.9696243005595524 0.8967538322813345 0.9648281374900081 0.888638412984671 0.9664268585131894 0.888638412984671 0.9856115107913669 0.8904418394950405 0.9928057553956835
0 0.3034265103697024 0.6610711430855316 0.3174030658250676 0.6666666666666666 0.32416591523895405 0.6642685851318945 0.32506762849413884 0.6506794564348523 0.32100991884580704 0.6346922462030377 0.30793507664562675 0.6266986410871304 0.3034265103697024 0.627498001598721 0.3007213706041479 0.6322941646682655 0.3020739404869252 0.6578737010391686 0.3034265103697024 0.6610711430855316
0 0.5329125338142471 0.28377298161470826 0.5644724977457168 0.28617106314948043 0.566726780883679 0.2821742605915268 0.5662759242560865 0.2749800159872102 0.5640216411181245 0.2685851318944844 0.5468890892696122 0.26538768984812156 0.5293056807935077 0.26538768984812156 0.5288548241659152 0.27817745803357313 0.5329125338142471 0.28377298161470826
0 0.5040577096483319 0.8177458033573143 0.5329125338142471 0.8201438848920864 0.5401262398557259 0.8177458033573143 0.5401262398557259 0.7905675459632294 0.5356176735798016 0.7785771382893686 0.5266005410279532 0.7753796962430056 0.5072137060414789 0.7769784172661871 0.5022542831379622 0.7809752198241406 0.5009017132551848 0.7881694644284573 0.5009017132551848 0.8113509192645884 0.5040577096483319 0.8177458033573143
0 0.6023444544634806 0.9920063948840928 0.6194770063119928 0.9936051159072742 0.6217312894499549 0.9904076738609113 0.6221821460775473 0.9776179056754596 0.6185752930568079 0.9584332533972821 0.6000901713255185 0.9568345323741008 0.5991884580703336 0.9624300559552359 0.6023444544634806 0.9920063948840928
0 0.6442741208295762 0.1654676258992806 0.6465284039675383 0.16147082334132695 0.6465284039675383 0.1510791366906475 0.6438232642019839 0.14468425259792167 0.6357078449053201 0.14228617106314947 0.6253381424706943 0.14468425259792167 0.6262398557258791 0.16227018385291767 0.6442741208295762 0.1654676258992806
0 0.6785392245266005 0.2533972821742606 0.6992786293958522 0.2557953637090328 0.7015329125338142 0.25099920063948844 0.7019837691614067 0.23261390887290168 0.6988277727682598 0.21982414068745004 0.6816952209197475 0.2238209432454037 0.6785392245266005 0.2278177458033573 0.6771866546438233 0.23661071143085532 0.6767357980162308 0.25099920063948844 0.6785392245266005 0.2533972821742606
0 0.42335437330928766 0.14628297362110312 0.4328223624887286 0.14548361310951238 0.4346257889990983 0.14308553157474022 0.4355275022542831 0.1366906474820144 0.4323715058611362 0.13189448441247004 0.4224526600541028 0.12869704236610713 0.4125338142470695 0.12869704236610713 0.40937781785392247 0.1334932054356515 0.4098286744815149 0.14388489208633096 0.42335437330928766 0.14628297362110312
0 0.2407574391343553 0.9000799360511591 0.24932371505861137 0.9024780175859313 0.2556357078449053 0.8984812150279777 0.2560865644724978 0.8792965627498002 0.25428313796212804 0.8737010391686652 0.24887285843101895 0.8689048760991207 0.24436429215509467 0.86810551558753 0.23985572587917042 0.876898481215028 0.23895401262398558 0.8920863309352519 0.2407574391343553 0.9000799360511591
0 0.8097385031559965 0.4172661870503597 0.8151487826871056 0.4196642685851319 0.8255184851217313 0.4172661870503597 0.8282236248872858 0.4028776978417266 0.8277727682596934 0.3868904876099121 0.8255184851217313 0.3820943245403677 0.8174030658250677 0.38049560351718625 0.8097385031559965 0.3844924060751399 0.8070333633904418 0.38848920863309355 0.8065825067628495 0.40527577937649883 0.8097385031559965 0.4172661870503597