0 0.16095581605049597 0.973621103117506 0.17132551848512173 0.982414068745004 0.175834084761046 0.9832134292565947 0.17853922452660054 0.9800159872102319 0.17853922452660054 0.9760191846522782 0.1762849413886384 0.9712230215827339 0.1600541027953111 0.9560351718625101 0.15284039675383226 0.9576338928856915 0.15374211000901714 0.9656274980015987 0.16095581605049597 0.973621103117506
0 0.16411181244364292 0.9992006394884093 0.16862037871956717 0.9992006394884093 0.16952209197475201 0.9968025579536371 0.16997294860234446 0.991207034372502 0.16140667267808836 0.9800159872102319 0.15419296663660956 0.9744204636290967 0.1501352569882777 0.9776179056754596 0.15058611361587015 0.9848121502797762 0.16411181244364292 0.9992006394884093
0 0.8201082055906221 0.19104716227018384 0.8449053201082056 0.21422861710631497 0.8530207394048693 0.21662669864108713 0.8593327321911632 0.19984012789768185 0.8597835888187556 0.19104716227018384 0.8575293056807936 0.1838529176658673 0.8458070333633905 0.16706634692246206 0.8408476104598738 0.1630695443645084 0.8268710550045085 0.15507593924860114 0.8237150586113616 0.1574740207833733 0.8187556357078449 0.17106314948041568 0.8174030658250677 0.18225419664268586 0.8201082055906221 0.19104716227018384
0 0.09107303877366997 0.31175059952038375 0.10099188458070334 0.3205435651478817 0.10414788097385032 0.3205435651478817 0.10685302073940486 0.31734612310151883 0.109107303877367 0.30935251798561153 0.109107303877367 0.302158273381295 0.10775473399458972 0.2997601918465228 0.09603246167718665 0.2901678657074341 0.09197475202885483 0.293365307753797 0.09062218214607755 0.2973621103117506 0.08972046889089269 0.3085531574740208 0.09107303877366997 0.31175059952038375
0 0.38999098286744815 0.938449240607514 0.39404869251577995 0.947242206235012 0.3994589720468891 0.9536370903277379 0.43192064923354373 0.9808153477218226 0.4359783588818755 0.9808153477218226 0.43958521190261496 0.9752198241406874 0.44003606853020744 0.9632294164668266 0.4310189359783589 0.9552358113509193 0.42831379621280435 0.9496402877697842 0.4323715058611362 0.9376498800959233 0.433273219116321 0.9280575539568345 0.433273219116321 0.9192645883293366 0.43056807935076646 0.9144684252597922 0.40667267808836793 0.8928856914468426 0.40216411181244366 0.8920863309352519 0.3967538322813345 0.9000799360511591 0.3890892696122633 0.9224620303756994 0.38863841298467083 0.9320543565147882 0.38999098286744815 0.938449240607514
0 0.47249774571686204 0.2597921662669864 0.4882777276825969 0.2717825739408473 0.4914337240757439 0.2717825739408473 0.4954914337240758 0.2621902478017586 0.4959422903516682 0.2541966426858513 0.49233543733092877 0.24060751398880897 0.4882777276825969 0.2334132693844924 0.48467087466185754 0.23101518784972022 0.4815148782687106 0.23101518784972022 0.47745716862037874 0.23501199040767387 0.4720468890892696 0.24940047961630699 0.47069431920649235 0.2549960031974421 0.47249774571686204 0.2597921662669864
0 0.5333633904418394 0.5163868904876099 0.5518485121731289 0.5195843325339728 0.5572587917042381 0.5171862509992007 0.5599639314697926 0.5123900879296562 0.560414788097385 0.5083932853717026 0.5581605049594229 0.504396482813749 0.5360685302073941 0.486810551558753 0.5324616771866546 0.4876099120703437 0.5288548241659152 0.49800159872102323 0.5288548241659152 0.5099920063948842 0.5333633904418394 0.5163868904876099
0 0.9440937781785392 0.07673860911270983 0.9522091974752029 0.08792965627498003 0.9657348963029756 0.09992006394884093 0.9702434625789 0.09752198241406874 0.9747520288548243 0.08952837729816147 0.9797114517583408 0.07354116706634693 0.978809738503156 0.05275779376498801 0.9567177637511272 0.03437250199840128 0.9522091974752029 0.036770583533173466 0.9458972046889089 0.059952038369304565 0.9431920649233544 0.07434052757793765 0.9440937781785392 0.07673860911270983
0 0.1650135256988278 0.03437250199840128 0.17808836789900812 0.04476418864908074 0.1825969341749324 0.042366107114308556 0.18665464382326422 0.018385291766586733 0.18575293056807937 0.011990407673860913 0.17312894499549145 0 0.16952209197475201 0 0.16411181244364292 0.01598721023181455 0.16275924256086563 0.026378896882494004 0.1650135256988278 0.03437250199840128
0 0.8431018935978359 0.9992006394884093 0.8453561767357981 0.9944044764188649 0.8453561767357981 0.9896083133493206 0.8435527502254283 0.982414068745004 0.8363390441839494 0.9728217426059154 0.8210099188458071 0.9616306954436452 0.8183047790802525 0.9648281374900081 0.8079350766456267 0.9944044764188649 0.8074842200180342 0.9992006394884093 0.8431018935978359 0.9992006394884093
0 0.015329125338142471 0.5235811350919265 0.02660054102795311 0.533972821742606 0.030658250676284943 0.5347721822541966 0.03291253381424707 0.5331734612310152 0.0369702434625789 0.5235811350919265 0.03967538322813345 0.5099920063948842 0.0369702434625789 0.5003996802557954 0.022091974752028856 0.4876099120703437 0.01442741208295762 0.5139888089528377 0.013976555455365193 0.5203836930455635 0.015329125338142471 0.5235811350919265
0 0.23895401262398558 0.4292565947242206 0.2515779981965735 0.4396482813749001 0.2551848512173129 0.43884892086330934 0.2583408476104599 0.43085531574740216 0.2578899909828674 0.42206235011990406 0.2551848512173129 0.4172661870503597 0.24436429215509467 0.407673860911271 0.2407574391343553 0.40687450039968026 0.23760144274120829 0.4156674660271783 0.23715058611361586 0.4244604316546763 0.23895401262398558 0.4292565947242206
0 0.19251577998196576 0.029576338928856916 0.21731289449954916 0.059952038369304565 0.22407574391343554 0.06155075939248601 0.22678088367899008 0.055155875299760196 0.2290351668169522 0.03916866506794565 0.22813345356176737 0.032773780975219824 0.21956717763751127 0.024780175859312553 0.20649233543733095 0.004796163069544364 0.19927862939585214 0 0.1952209197475203 0.004796163069544364 0.19161406672678089 0.017585931254996006 0.19116321009918846 0.026378896882494004 0.19251577998196576 0.029576338928856916
0 0.18169522091974755 0.416466826538769 0.1920649233543733 0.43085531574740216 0.20468890892696123 0.4372501998401279 0.21055004508566277 0.4372501998401279 0.2146077547339946 0.43165467625899284 0.218214607754734 0.4084732214228617 0.20829576194770064 0.3924860111910472 0.19747520288548243 0.3820943245403677 0.1920649233543733 0.38049560351718625 0.18530207394048692 0.39648281374900085 0.18169522091974755 0.4108713029576339 0.18169522091974755 0.416466826538769
0 0.43733092876465285 0.5019984012789769 0.44274120829576197 0.5003996802557954 0.4431920649233544 0.47801758593125504 0.44229035166816955 0.4708233413269384 0.44003606853020744 0.4668265387689848 0.4278629395852119 0.4636290967226219 0.4238052299368801 0.4636290967226219 0.42155094679891797 0.4668265387689848 0.4224526600541028 0.49880095923261397 0.43733092876465285 0.5019984012789769
0 0.8088367899008116 0.5763389288569145 0.8205590622182147 0.586730615507594 0.8255184851217313 0.5859312549960032 0.833633904418395 0.5603517186250999 0.833633904418395 0.5379696243005596 0.825067628494139 0.5259792166266987 0.8174030658250677 0.5259792166266987 0.8128944995491433 0.5363709032773781 0.8074842200180342 0.5643485211830536 0.8070333633904418 0.5723421262989609 0.8088367899008116 0.5763389288569145
0 0.7596934174932372 0.5083932853717026 0.7741208295761948 0.5195843325339728 0.7768259693417493 0.5187849720223822 0.7795311091073039 0.5139888089528377 0.7790802524797115 0.5035971223021583 0.763751127141569 0.4908073541167067 0.7596934174932372 0.4836131095123901 0.7542831379621281 0.4828137490007994 0.7511271415689811 0.486810551558753 0.7511271415689811 0.49880095923261397 0.7596934174932372 0.5083932853717026
0 0.5432822362488728 0.4292565947242206 0.5640216411181245 0.44684252597921664 0.5707844905320109 0.4596322941646683 0.5779981965734896 0.45803357314148685 0.5816050495942291 0.44924060751398887 0.5825067628494138 0.43645083932853723 0.5798016230838593 0.42845723421262993 0.5743913435527502 0.42286171063149486 0.5626690712353472 0.4172661870503597 0.5500450856627592 0.407673860911271 0.5450856627592425 0.4100719424460432 0.5414788097385032 0.4180655475619504 0.5410279531109107 0.4244604316546763 0.5432822362488728 0.4292565947242206
0 0.44409377817853923 0.0583533173461231 0.45626690712353474 0.06634692246203039 0.45987376014427417 0.0639488409272582 0.4625788999098287 0.049560351718625106 0.4540126239855726 0.03597122302158274 0.4499549143372408 0.032773780975219824 0.445897204688909 0.03357314148681055 0.44229035166816955 0.042366107114308556 0.44183949504057707 0.05435651478816946 0.44409377817853923 0.0583533173461231
0 0.11136158701532912 0.19904076738609114 0.12308385933273219 0.20223820943245407 0.12984670874661858 0.17346123101518784 0.12984670874661858 0.16147082334132695 0.11992786293958521 0.15347721822541965 0.11587015329125337 0.1542765787370104 0.10955816050495942 0.18225419664268586 0.10955816050495942 0.19264588329336532 0.11136158701532912 0.19904076738609114
0 0.027051397655545536 0.6546762589928058 0.03606853020739405 0.6602717825739409 0.05004508566275924 0.6626698641087131 0.05410279531109107 0.6618705035971224 0.05590622182146077 0.6578737010391686 0.05770964833183048 0.6466826538768985 0.05725879170423805 0.6378896882494005 0.05320108205590622 0.6282973621103117 0.027953110910730387 0.6211031175059952 0.024797114517583405 0.6235011990407675 0.023444544634806132 0.6306954436450839 0.023444544634806132 0.6490807354116707 0.027051397655545536 0.6546762589928058
0 0.29080252479711455 0.3733013589128697 0.3056807935076645 0.3836930455635492 0.31109107303877365 0.38049560351718625 0.30883678990081154 0.36930455635491605 0.30162308385933273 0.3581135091926459 0.2935076645626691 0.3581135091926459 0.28990081154192965 0.3645083932853717 0.2894499549143373 0.37090327737809753 0.29080252479711455 0.3733013589128697
0 0.7231740306582507 0.8665067945643485 0.7371505861136158 0.8784972022382095 0.74165915238954 0.8792965627498002 0.7443642921550947 0.8760991207034373 0.7457168620378719 0.8641087130295764 0.7412082957619477 0.8529176658673061 0.7249774571686204 0.8393285371702638 0.7209197475202885 0.8409272581934453 0.7191163210099188 0.8497202238209433 0.7191163210099188 0.8609112709832134 0.7231740306582507 0.8665067945643485
0 0 0.27098321342925663 0.011722272317403066 0.27577937649880097 0.015779981965734897 0.2749800159872102 0.02254283137962128 0.2621902478017586 0.02254283137962128 0.25099920063948844 0.004508566275924256 0.23661071143085532 0 0.23900879296562752 0 0.27098321342925663
0 0.9693417493237151 0.7170263788968825 0.9995491433724076 0.7170263788968825 0.9995491433724076 0.6834532374100719 0.9761045987376015 0.6818545163868905 0.9697926059513075 0.6826538768984812 0.9666366095581606 0.6866506794564349 0.9661857529305681 0.7114308553157473 0.9693417493237151 0.7170263788968825
0 0.9945897204688909 0.6490807354116707 0.9995491433724076 0.64828137490008 0.9995491433724076 0.6155075939248602 0.9945897204688909 0.6187050359712231 0.9932371505861136 0.6290967226219025 0.9927862939585211 0.6466826538768985 0.9945897204688909 0.6490807354116707
0 0.5220919747520288 0.6219024780175859 0.5284039675383229 0.627498001598721 0.5333633904418394 0.6282973621103117 0.5378719567177638 0.6235011990407675 0.5428313796212805 0.6131095123900879 0.5441839495040577 0.5939248601119105 0.5405770964833183 0.5835331734612311 0.5315599639314699 0.5739408473221423 0.5256988277727683 0.5723421262989609 0.5229936880072137 0.5755395683453238 0.5171325518485121 0.6011191047162271 0.5171325518485121 0.6083133493205436 0.5220919747520288 0.6219024780175859
0 0.9522091974752029 0.5235811350919265 0.9634806131650135 0.5331734612310152 0.9693417493237151 0.533972821742606 0.9738503155996393 0.5179856115107914 0.9761045987376015 0.49880095923261397 0.9756537421100091 0.4908073541167067 0.967087466185753 0.4796163069544365 0.960775473399459 0.4796163069544365 0.9571686203787195 0.48441247002398086 0.9499549143372408 0.5115907274180655 0.9495040577096483 0.5179856115107914 0.9522091974752029 0.5235811350919265
0 0.6226330027051398 0.9632294164668266 0.636609558160505 0.9752198241406874 0.6411181244364292 0.9760191846522782 0.6469792605951307 0.9528377298161471 0.6474301172227231 0.9432454036770584 0.6447249774571686 0.9360511590727418 0.6293958521190262 0.9240607513988809 0.6226330027051398 0.9368505195843326 0.6194770063119928 0.9496402877697842 0.6190261496844004 0.9568345323741008 0.6226330027051398 0.9632294164668266
0 0.05680793507664563 0.6882494004796164 0.07439134355275022 0.7034372501998403 0.08340847610459873 0.7034372501998403 0.08881875563570783 0.6994404476418865 0.09197475202885483 0.6922462030375699 0.09107303877366997 0.6778577138289369 0.09693417493237151 0.64828137490008 0.0951307484220018 0.642685851318945 0.08476104598737601 0.6330935251798562 0.07484220018034266 0.627498001598721 0.06898106402164111 0.627498001598721 0.06311992786293959 0.6402877697841727 0.05320108205590622 0.6714628297362111 0.05275022542831379 0.6802557953637091 0.05680793507664563 0.6882494004796164
0 0.2745716862037872 0.1342925659472422 0.28268710550045084 0.14388489208633096 0.2871956717763751 0.14228617106314947 0.2912533814247069 0.1334932054356515 0.2917042380522994 0.12230215827338131 0.28990081154192965 0.11270983213429257 0.28268710550045084 0.1047162270183853 0.27547339945897203 0.10231814548361312 0.26825969341749323 0.11750599520383694 0.26690712353471596 0.13029576338928858 0.2745716862037872 0.1342925659472422
0 0.2623985572587917 0.8529176658673061 0.2687105500450857 0.8553157474020784 0.27366997294860235 0.8433253397282174 0.2763751127141569 0.8425259792166268 0.2844905320108206 0.8465227817745804 0.2862939585211903 0.8497202238209433 0.28809738503155996 0.8617106314948043 0.29080252479711455 0.8657074340527579 0.2966636609558161 0.8673061550759393 0.3007213706041479 0.8585131894484412 0.3007213706041479 0.8409272581934453 0.29486023444544635 0.8305355715427658 0.2696122633002705 0.8201438848920864 0.26375112714156895 0.8201438848920864 0.260595130748422 0.827338129496403 0.2601442741208296 0.8457234212629897 0.2623985572587917 0.8529176658673061
0 0.36113615870153287 0.5107913669064749 0.3913435527502254 0.513189448441247 0.39404869251577995 0.5115907274180655 0.39495040577096485 0.5083932853717026 0.3944995491433724 0.5011990407673861 0.3890892696122633 0.49640287769784175 0.3624887285843102 0.4940047961630696 0.3570784490532011 0.49720223820943243 0.3570784490532011 0.5075939248601119 0.36113615870153287 0.5107913669064749
0 0.3967538322813345 0.5651478816946442 0.40171325518485124 0.5707434052757794 0.3999098286744815 0.5883293365307755 0.40622182146077546 0.592326139088729 0.418394950405771 0.5931254996003198 0.42200180342651034 0.5875299760191847 0.4238052299368801 0.5619504396482814 0.42200180342651034 0.5523581135091926 0.4197475202885482 0.548361310951239 0.41568981064021643 0.5451638689048761 0.41027953110910736 0.5451638689048761 0.4044183949504058 0.5555555555555556 0.3963029756537421 0.5571542765787371 0.3954012623985573 0.5603517186250999 0.3967538322813345 0.5651478816946442
0 0.38999098286744815 0.0319744204636291 0.4044183949504058 0.04316546762589928 0.40802524797114514 0.03996802557953637 0.412082957619477 0.02238209432454037 0.40802524797114514 0.00319744204636291 0.4035166816952209 0 0.39720468890892696 0 0.39314697926059516 0.004796163069544364 0.38863841298467083 0.024780175859312553 0.38818755635707847 0.02877697841726619 0.38999098286744815 0.0319744204636291
0 0.10550045085662758 0.31414868105515587 0.10595130748422002 0.31254996003197444 0.10550045085662758 0.31095123900879296 0.10550045085662758 0.31414868105515587
0 0.06762849413886383 0.3077537969624301 0.07754733994589721 0.31734612310151883 0.08521190261496844 0.31974420463629094 0.09332732191163211 0.3069544364508393 0.09287646528403969 0.2997601918465228 0.09467989179440937 0.2965627498001599 0.09648331830477908 0.2797761790567546 0.09603246167718665 0.2717825739408473 0.08926961226330027 0.26059152677857716 0.08115419296663662 0.2541966426858513 0.07754733994589721 0.2549960031974421 0.06402164111812444 0.29256594724220625 0.06311992786293959 0.2997601918465228 0.06762849413886383 0.3077537969624301
0 0.8327321911632102 0.4172661870503597 0.8449053201082056 0.4244604316546763 0.8521190261496844 0.4260591526778577 0.8593327321911632 0.41486810551558756 0.8629395852119026 0.39728217426059154 0.8593327321911632 0.3892885691446843 0.8507664562669072 0.3820943245403677 0.8462578899909828 0.3733013589128697 0.8431018935978359 0.37250199840127896 0.8340847610459874 0.3836930455635492 0.8300270513976555 0.398880895283773 0.8300270513976555 0.4084732214228617 0.8327321911632102 0.4172661870503597
0 0 0.6386890487609912 0.008115419296663661 0.6458832933653078 0.012173128944995492 0.6458832933653078 0.015779981965734897 0.6394884092725819 0.0175834084761046 0.6227018385291766 0.0018034265103697026 0.6091127098321344 0 0.6091127098321344 0 0.6386890487609912
0 0.6717763751127143 0.04716227018385292 0.6848512173128946 0.05595523581135092 0.6916140667267809 0.04796163069544365 0.694770063119928 0.03517186250999201 0.693868349864743 0.023980815347721826 0.6767357980162308 0.009592326139088728 0.6717763751127143 0.011990407673860913 0.6704238052299368 0.017585931254996006 0.669522091974752 0.04316546762589928 0.6717763751127143 0.04716227018385292
0 0.028403967538322816 0.4796163069544365 0.043733092876465283 0.48840927258193445 0.04733994589720469 0.48441247002398086 0.05049594229035167 0.47322142286171065 0.05229936880072138 0.46282973621103124 0.05184851217312895 0.45163868904876103 0.04643823264201984 0.442845723421263 0.03651938683498648 0.43884892086330934 0.03291253381424707 0.4420463629096723 0.02614968440036069 0.46522781774580335 0.02614968440036069 0.4740207833733014 0.028403967538322816 0.4796163069544365
0 0.23534715960324618 0.8113509192645884 0.24932371505861137 0.8105515587529977 0.2511271415689811 0.8033573141486812 0.25067628494138866 0.7793764988009593 0.24932371505861137 0.7729816147082335 0.24616771866546439 0.7697841726618705 0.23669972948602347 0.7673860911270984 0.23264201983769162 0.7673860911270984 0.23038773669972948 0.7705835331734613 0.23038773669972948 0.806554756195044 0.23534715960324618 0.8113509192645884
0 0.5157799819657348 0.15907274180655476 0.5302073940486925 0.17026378896882494 0.5333633904418394 0.17026378896882494 0.5360685302073941 0.16626698641087131 0.5387736699729486 0.1542765787370104 0.5387736699729486 0.14388489208633096 0.5365193868349865 0.13589128697042366 0.5288548241659152 0.12709832134292565 0.5220919747520288 0.12310151878497202 0.5162308385933273 0.12949640287769784 0.5148782687105501 0.13828936850519585 0.5135256988277728 0.1542765787370104 0.5157799819657348 0.15907274180655476
0 0.6992786293958522 0.9992006394884093 0.6974752028854824 0.9944044764188649 0.6722272317403066 0.9744204636290967 0.6686203787195673 0.9744204636290967 0.6654643823264202 0.9848121502797762 0.6632100991884582 0.9992006394884093 0.6992786293958522 0.9992006394884093
0 0.36203787195671777 0.1830535571542766 0.3800721370604148 0.19984012789768185 0.3836789900811542 0.19904076738609114 0.3868349864743012 0.1918465227817746 0.38458070333633904 0.18225419664268586 0.37060414788097384 0.17106314948041568 0.3647430117222723 0.16946442845723422 0.36158701532912535 0.17426059152677859 0.3606853020739405 0.17905675459632295 0.36203787195671777 0.1830535571542766
0 0.6555455365193867 0.03517186250999201 0.6641118124436429 0.0407673860911271 0.6686203787195673 0.03836930455635491 0.6699729486023445 0.02557953637090328 0.6686203787195673 0.014388489208633094 0.6596032461677187 0.011990407673860913 0.6550946798917944 0.020783373301358914 0.6537421100090172 0.026378896882494004 0.6555455365193867 0.03517186250999201
0 0.3160504959422904 0.40367705835331735 0.32416591523895405 0.41167066346922465 0.32822362488728585 0.40687450039968026 0.33047790802524796 0.3980815347721823 0.3300270513976556 0.38848920863309355 0.32596934174932374 0.3820943245403677 0.31785392245266003 0.381294964028777 0.3146979260595131 0.3924860111910472 0.31424706943192066 0.3980815347721823 0.3160504959422904 0.40367705835331735
0 0.9400360685302074 0.5403677058353318 0.9562669071235348 0.5555555555555556 0.9625788999098286 0.5555555555555556 0.9625788999098286 0.5435651478816946 0.9562669071235348 0.5315747402078338 0.9463480613165013 0.521982414068745 0.9382326420198377 0.5211830535571543 0.9377817853922452 0.5355715427657874 0.9400360685302074 0.5403677058353318
0 0 0.5771382893685052 0.02164111812443643 0.595523581135092 0.029305680793507663 0.595523581135092 0.035617673579801626 0.5707434052757794 0.0351668169522092 0.5579536370903277 0.03291253381424707 0.5531574740207834 0.022993688007213707 0.548361310951239 0.0018034265103697026 0.5291766586730615 0 0.5291766586730615 0 0.5771382893685052
0 0.1145175834084761 0.9680255795363709 0.11767357980162309 0.9648281374900081 0.1212804328223625 0.9544364508393286 0.12218214607754734 0.9448441247002399 0.11992786293958521 0.9352517985611511 0.1127141568981064 0.9176658673061552 0.10955816050495942 0.9176658673061552 0.10324616771866547 0.9328537170263789 0.10009017132551848 0.9496402877697842 0.10099188458070334 0.9600319744204637 0.1145175834084761 0.9680255795363709
0 0.8868349864743011 0.2541966426858513 0.9075743913435527 0.27258193445243806 0.9138863841298467 0.27258193445243806 0.9224526600541028 0.24220623501199043 0.9192966636609557 0.23421262989608316 0.9107303877366997 0.22541966426858515 0.8954012623985572 0.21742605915267785 0.8931469792605952 0.21742605915267785 0.8899909828674482 0.22621902478017586 0.8863841298467088 0.2478017585931255 0.8868349864743011 0.2541966426858513
0 0.4594229035166817 0.9664268585131894 0.4675383228133454 0.9712230215827339 0.48016230838593327 0.9848121502797762 0.4842200180342651 0.9832134292565947 0.49098286744815145 0.9632294164668266 0.49008115419296666 0.9528377298161471 0.48737601442741213 0.9448441247002399 0.47700631199278626 0.9312549960031975 0.4679891794409378 0.9240607513988809 0.4630297565374211 0.9312549960031975 0.45671776375112716 0.9568345323741008 0.45626690712353474 0.9600319744204637 0.4594229035166817 0.9664268585131894
0 0.7858431018935979 0.7561950439648283 0.7930568079350766 0.7593924860111911 0.7980162308385934 0.7529976019184652 0.8007213706041478 0.7338129496402878 0.7993688007213706 0.7274180655475619 0.7962128043282236 0.7226219024780176 0.784941388638413 0.7162270183852918 0.7826871055004508 0.718625099920064 0.7795311091073039 0.7354116706634692 0.7799819657348963 0.748201438848921 0.7858431018935979 0.7561950439648283
0 0.5743913435527502 0.6378896882494005 0.5883678990081154 0.6506794564348523 0.5928764652840397 0.6514788169464429 0.5991884580703336 0.6298960831334932 0.5991884580703336 0.6027178257394085 0.5919747520288549 0.5883293365307755 0.584761045987376 0.586730615507594 0.5811541929666366 0.5939248601119105 0.5734896302975654 0.6195043964828137 0.5721370604147881 0.6330935251798562 0.5743913435527502 0.6378896882494005
0 0.25022542831379624 0.08952837729816147 0.2623985572587917 0.09752198241406874 0.26916140667267807 0.0815347721822542 0.2709648331830478 0.07034372501998402 0.2745716862037872 0.059952038369304565 0.2750225428313796 0.05195843325339729 0.2732191163210099 0.04636290967226219 0.2655545536519387 0.03916866506794565 0.25969341749323716 0.03996802557953637 0.24887285843101895 0.07753796962430057 0.2484220018034265 0.08553157474020784 0.25022542831379624 0.08952837729816147
0 0.48016230838593327 0.6610711430855316 0.5153291253381425 0.6914468425259792 0.5189359783588818 0.6906474820143885 0.5270513976555455 0.6762589928057555 0.5329125338142471 0.6514788169464429 0.5329125338142471 0.6434852118305356 0.5171325518485121 0.6306954436450839 0.5085662759242561 0.6330935251798562 0.49864743011722273 0.6195043964828137 0.48782687105500455 0.6107114308553158 0.4842200180342651 0.6115107913669064 0.47971145175834085 0.6171063149480416 0.47745716862037874 0.6227018385291766 0.47475202885482415 0.6394884092725819 0.47520288548241657 0.6514788169464429 0.48016230838593327 0.6610711430855316
0 0.058160504959422904 0.1654676258992806 0.06357078449053201 0.16626698641087131 0.06807935076645627 0.1510791366906475 0.07168620378719567 0.1334932054356515 0.07123534715960325 0.12949640287769784 0.06582506762849415 0.12230215827338131 0.059513074842200184 0.11830535571542766 0.05500450856627593 0.12230215827338131 0.05184851217312895 0.1342925659472422 0.04959422903516681 0.1574740207833733 0.058160504959422904 0.1654676258992806
0 0.5067628494138864 0.5515587529976019 0.5184851217312895 0.5643485211830536 0.5256988277727683 0.5691446842525979 0.5293056807935077 0.5683453237410072 0.5324616771866546 0.5643485211830536 0.5369702434625789 0.5499600319744204 0.5360685302073941 0.5395683453237411 0.5320108205590622 0.5331734612310152 0.5256988277727683 0.5283772981614708 0.5135256988277728 0.5275779376498801 0.5058611361587015 0.533972821742606 0.5049594229035167 0.5363709032773781 0.5067628494138864 0.5515587529976019
0 0.7763751127141569 0.3661071143085532 0.7844905320108205 0.3669064748201439 0.7885482416591524 0.36370903277378097 0.7889990982867447 0.35891286970423664 0.7871956717763752 0.35091926458832934 0.7826871055004508 0.34532374100719426 0.7750225428313796 0.34372501998401284 0.7723174030658251 0.35091926458832934 0.7718665464382326 0.35651478816946447 0.7763751127141569 0.3661071143085532
0 0.6677186654643824 0.27737809752198245 0.6798917944093779 0.2877697841726619 0.6884580703336339 0.2877697841726619 0.6911632100991884 0.2829736211031175 0.6961226330027052 0.26538768984812156 0.6983769161406672 0.2414068745003997 0.6961226330027052 0.2334132693844924 0.6893597835888188 0.2278177458033573 0.6812443642921551 0.22462030375699443 0.6762849413886385 0.22541966426858515 0.6717763751127143 0.23261390887290168 0.6645626690712354 0.25819344524380494 0.6641118124436429 0.266986410871303 0.6677186654643824 0.27737809752198245
0 0.706492335437331 0.05915267785771383 0.7303877366997296 0.07673860911270983 0.7380522993688007 0.05915267785771383 0.742560865644725 0.042366107114308556 0.7421100090171326 0.032773780975219824 0.7380522993688007 0.024780175859312553 0.7132551848512173 0.007194244604316547 0.7060414788097384 0.010391686650679457 0.7060414788097384 0.020783373301358914 0.7037871956717764 0.03437250199840128 0.703336339044184 0.04316546762589928 0.706492335437331 0.05915267785771383
0 0.7633002705139765 0.4420463629096723 0.7808836789900812 0.44124700239808157 0.7853922452660055 0.43884892086330934 0.7862939585211903 0.4356514788169465 0.7858431018935979 0.42845723421262993 0.7799819657348963 0.4244604316546763 0.7651036970243462 0.425259792166267 0.760595130748422 0.4292565947242206 0.7601442741208296 0.43884892086330934 0.7633002705139765 0.4420463629096723