0 0.9914337240757439 0.11590727418065548 0.9995491433724076 0.1167066346922462 0.9995491433724076 0.07673860911270983 0.9891794409377818 0.07753796962430057 0.9860234445446348 0.0815347721822542 0.9846708746618575 0.08792965627498003 0.9851217312894499 0.11191047162270185 0.9914337240757439 0.11590727418065548
0 0.7835888187556357 0.18864908073541167 0.7871956717763752 0.18545163868904876 0.7862939585211903 0.1654676258992806 0.7732191163210099 0.16147082334132695 0.7687105500450856 0.16466826538768983 0.7691614066726781 0.18625099920063948 0.7835888187556357 0.18864908073541167
0 0.48782687105500455 0.800959232613909 0.5049594229035167 0.806554756195044 0.5076645626690712 0.7913669064748201 0.5076645626690712 0.7777777777777778 0.5058611361587015 0.7697841726618705 0.5045085662759243 0.7673860911270984 0.49233543733092877 0.7649880095923263 0.48872858431018934 0.7665867306155076 0.48737601442741213 0.7689848121502798 0.48782687105500455 0.800959232613909
0 0.6785392245266005 0.45643485211830537 0.6853020739404869 0.45643485211830537 0.6871055004508567 0.43804956035171866 0.6862037871956718 0.42845723421262993 0.6807935076645627 0.4268585131894485 0.6776375112714157 0.42845723421262993 0.6767357980162308 0.43165467625899284 0.6767357980162308 0.45003996802557955 0.6785392245266005 0.45643485211830537
0 0.008566275924256087 0.27258193445243806 0.0175834084761046 0.27258193445243806 0.020288548241659154 0.26938449240607515 0.020288548241659154 0.2549960031974421 0.018935978358881875 0.2501998401278977 0.009467989179440937 0.24860111910471622 0.0063119927862939585 0.2549960031974421 0.005861136158701533 0.2621902478017586 0.008566275924256087 0.27258193445243806
0 0.9490532010820559 0.03996802557953637 0.957619477006312 0.04316546762589928 0.967087466185753 0.04156674660271783 0.9688908926961226 0.023980815347721826 0.9675383228133454 0.00639488409272582 0.963931469792606 0.002398081534772182 0.9558160504959423 0.002398081534772182 0.9526600541027953 0 0.9481514878268711 0.007194244604316547 0.9477006311992787 0.029576338928856916 0.9490532010820559 0.03996802557953637
0 0.860234445446348 0.9992006394884093 0.8593327321911632 0.9960031974420465 0.8588818755635708 0.9992006394884093 0.860234445446348 0.9992006394884093
0 0.8742110009017132 0.9416466826538769 0.8800721370604149 0.9440447641886491 0.8877366997294861 0.9424460431654678 0.8877366997294861 0.9216626698641087 0.8836789900811541 0.9144684252597922 0.8764652840396754 0.9168665067945644 0.8724075743913436 0.9264588329336532 0.871956717763751 0.938449240607514 0.8742110009017132 0.9416466826538769
0 0.10414788097385032 0.486810551558753 0.11181244364292155 0.48920863309352525 0.11992786293958521 0.4876099120703437 0.1212804328223625 0.48201438848920863 0.12037871956717765 0.45643485211830537 0.11316501352569883 0.4452438049560352 0.10459873760144275 0.4444444444444444 0.1018935978358882 0.44924060751398887 0.1018935978358882 0.4796163069544365 0.10414788097385032 0.486810551558753
0 0.09738503155996393 0.3045563549160672 0.10144274120829576 0.3085531574740208 0.10640216411181244 0.3085531574740208 0.10775473399458972 0.3061550759392486 0.109107303877367 0.30135891286970423 0.10820559062218214 0.28617106314948043 0.10009017132551848 0.28457234212629895 0.09558160504959423 0.28936850519584334 0.0951307484220018 0.2973621103117506 0.09738503155996393 0.3045563549160672
0 0.8408476104598738 0.026378896882494004 0.8476104598737602 0.02877697841726619 0.8534715960324617 0.02717825739408473 0.8534715960324617 0 0.8399458972046889 0 0.8390441839495041 0.009592326139088728 0.8385933273219116 0.018385291766586733 0.8408476104598738 0.026378896882494004
0 0.09467989179440937 0.1894484412470024 0.10414788097385032 0.1894484412470024 0.10504959422903516 0.1750599520383693 0.10234445446348062 0.1654676258992806 0.0951307484220018 0.1654676258992806 0.09332732191163211 0.17106314948041568 0.09287646528403969 0.18465227817745802 0.09467989179440937 0.1894484412470024
0 0.07844905320108204 0.6842525979216627 0.08385933273219116 0.6874500399680257 0.09242560865644725 0.6858513189448442 0.09422903516681697 0.6698641087130296 0.0915238954012624 0.6602717825739409 0.087917042380523 0.6578737010391686 0.07709648331830478 0.6642685851318945 0.07709648331830478 0.6794564348521184 0.07844905320108204 0.6842525979216627
0 0.8624887285843102 0.9176658673061552 0.8647430117222724 0.920863309352518 0.872858431018936 0.9240607513988809 0.8773669972948602 0.9168665067945644 0.8773669972948602 0.9080735411670664 0.8742110009017132 0.9016786570743406 0.866546438232642 0.8992805755395684 0.8624887285843102 0.9008792965627499 0.8615870153291254 0.9112709832134293 0.8624887285843102 0.9176658673061552
0 0.9774571686203787 0.7394084732214229 0.9819657348963029 0.7338129496402878 0.9824165915238955 0.7266187050359713 0.9783588818755636 0.7090327737809753 0.9666366095581606 0.7066346922462031 0.9630297565374212 0.7106314948041567 0.9612263300270514 0.7194244604316546 0.9616771866546439 0.7378097521982414 0.9774571686203787 0.7394084732214229
0 0.25293056807935077 0.7114308553157473 0.26149684400360684 0.7154276578737011 0.26825969341749323 0.7114308553157473 0.2696122633002705 0.7066346922462031 0.26916140667267807 0.6922462030375699 0.2660054102795311 0.6778577138289369 0.260595130748422 0.6722621902478018 0.2556357078449053 0.6730615507593926 0.25293056807935077 0.6770583533173462 0.2515779981965735 0.6818545163868905 0.25293056807935077 0.7114308553157473
0 0.13976555455365194 0.7082334132693845 0.15193868349864742 0.7074340527577938 0.15419296663660956 0.6882494004796164 0.1510369702434626 0.6618705035971224 0.13796212804328223 0.6578737010391686 0.13300270513976556 0.6650679456434853 0.13255184851217314 0.7034372501998403 0.13976555455365194 0.7082334132693845
0 0.5261496844003607 0.34852118305355717 0.5347159603246168 0.35171862509992013 0.5432822362488728 0.34852118305355717 0.5437330928764653 0.33733013589128696 0.5419296663660956 0.32454036770583533 0.5256988277727683 0.32214228617106316 0.5238954012623985 0.3261390887290168 0.5234445446348062 0.33892885691446845 0.5261496844003607 0.34852118305355717
0 0.5108205590622182 0.3493205435651479 0.5171325518485121 0.3477218225419665 0.5189359783588818 0.34372501998401284 0.5193868349864743 0.3365307753796963 0.5162308385933273 0.3181454836131095 0.5085662759242561 0.3133493205435652 0.5040577096483319 0.3165467625899281 0.5045085662759243 0.34532374100719426 0.5108205590622182 0.3493205435651479
0 0.008566275924256087 0.37170263788968827 0.019386834986474304 0.3629096722621903 0.019837691614066726 0.34852118305355717 0.015779981965734897 0.3413269384492406 0.008566275924256087 0.3413269384492406 0.004508566275924256 0.35091926458832934 0.0040577096483318306 0.3629096722621903 0.008566275924256087 0.37170263788968827
0 0.760595130748422 0.42845723421262993 0.7759242560865645 0.4276578737010392 0.7759242560865645 0.3996802557953637 0.7651036970243462 0.39728217426059154 0.7619477006311993 0.398880895283773 0.7596934174932372 0.40367705835331735 0.7587917042380523 0.41247002398081534 0.760595130748422 0.42845723421262993
0 0.7551848512173129 0.02238209432454037 0.7587917042380523 0.023980815347721826 0.7633002705139765 0.015187849720223821 0.7628494138863842 0.001598721023181455 0.7533814247069431 0 0.7529305680793508 0.015187849720223821 0.7551848512173129 0.02238209432454037
0 0.3507664562669071 0.23501199040767387 0.357980162308386 0.23820943245403678 0.369702434625789 0.23741007194244604 0.3701532912533814 0.2214228617106315 0.3642921550946799 0.21502797761790568 0.35978358881875566 0.19824140687450043 0.3525698827772768 0.19824140687450043 0.34986474301172227 0.2126298960831335 0.3494138863841299 0.23101518784972022 0.3507664562669071 0.23501199040767387
0 0.6465284039675383 0.6123101518784972 0.6582506762849414 0.6131095123900879 0.6609558160504959 0.6027178257394085 0.6605049594229035 0.577937649880096 0.6587015329125337 0.5739408473221423 0.6541929666366095 0.5715427657873702 0.6478809738503156 0.5715427657873702 0.6447249774571686 0.5763389288569145 0.6442741208295762 0.5931254996003198 0.6465284039675383 0.6123101518784972
0 0.8485121731289451 0.3788968824940048 0.8570784490532011 0.38049560351718625 0.8597835888187556 0.37809752198241414 0.8606853020739406 0.3677058353317346 0.8588818755635708 0.3629096722621903 0.8467087466185753 0.3629096722621903 0.8462578899909828 0.37250199840127896 0.8485121731289451 0.3788968824940048
0 0.4860234445446348 0.22462030375699443 0.5022542831379622 0.2270183852917666 0.5058611361587015 0.2238209432454037 0.506311992786294 0.21023181454836132 0.5036068530207394 0.19984012789768185 0.496844003606853 0.19664268585131894 0.48782687105500455 0.19664268585131894 0.4842200180342651 0.2006394884092726 0.4837691614066727 0.21422861710631497 0.4860234445446348 0.22462030375699443
0 0.8512173128944995 0.7266187050359713 0.8584310189359784 0.7306155075939249 0.866546438232642 0.7274180655475619 0.8688007213706042 0.7050359712230216 0.8660955816050496 0.6906474820143885 0.8593327321911632 0.6882494004796164 0.8516681695220919 0.6914468425259792 0.8503155996393147 0.7018385291766587 0.8498647430117223 0.7202238209432456 0.8512173128944995 0.7266187050359713
0 0.5040577096483319 0.41247002398081534 0.5189359783588818 0.41486810551558756 0.5207394048692516 0.41167066346922465 0.5216411181244364 0.3932853717026379 0.5189359783588818 0.38609112709832133 0.5117222723174031 0.381294964028777 0.5045085662759243 0.381294964028777 0.5022542831379622 0.3836930455635492 0.5018034265103697 0.40447641886490815 0.5040577096483319 0.41247002398081534
0 0.5865644724977458 0.6338928856914469 0.5955816050495942 0.6370903277378098 0.5960324616771866 0.6227018385291766 0.5982867448151488 0.6195043964828137 0.5973850315599639 0.6083133493205436 0.59107303877367 0.5979216626698641 0.5874661857529305 0.5979216626698641 0.5856627592425608 0.6019184652278178 0.5870153291253382 0.6107114308553158 0.5861136158701533 0.6266986410871304 0.5830162674936038 0.6283883462335823 0.5865644724977458 0.6338928856914469
0 0.015779981965734897 0.09192645883293366 0.027502254283137965 0.09192645883293366 0.028403967538322816 0.07593924860111911 0.02569882777276826 0.0671462829736211 0.018034265103697024 0.06554756195043965 0.014878268710550046 0.07354116706634693 0.01442741208295762 0.08792965627498003 0.015779981965734897 0.09192645883293366
0 0.5987376014427412 0.2733812949640288 0.6045987376014428 0.26938449240607515 0.6041478809738504 0.2470023980815348 0.5996393146979261 0.23261390887290168 0.5870153291253382 0.2302158273381295 0.584761045987376 0.23661071143085532 0.584761045987376 0.27258193445243806 0.5987376014427412 0.2733812949640288
0 0.7276825969341749 0.7937649880095924 0.7357980162308386 0.8081534772182254 0.7376014427412083 0.815347721822542 0.7439134355275022 0.815347721822542 0.7452660054102795 0.8041566746602719 0.7439134355275022 0.7753796962430056 0.7348963029756538 0.7689848121502798 0.7294860234445446 0.7689848121502798 0.7258791704238052 0.7721822541966427 0.7254283137962128 0.7825739408473221 0.7276825969341749 0.7937649880095924
0 0.7619477006311993 0.3645083932853717 0.7619477006311993 0.33733013589128696 0.757439134355275 0.3349320543565148 0.7506762849413887 0.3405275779376499 0.7511271415689811 0.3629096722621903 0.7619477006311993 0.3645083932853717
0 0.6298467087466186 0.9240607513988809 0.6357078449053201 0.9264588329336532 0.6456266907123535 0.9264588329336532 0.6483318304779081 0.9240607513988809 0.6483318304779081 0.9096722621902479 0.6469792605951307 0.9072741806554757 0.6384129846708747 0.9008792965627499 0.630297565374211 0.9008792965627499 0.628043282236249 0.9040767386091128 0.628043282236249 0.9184652278177459 0.6298467087466186 0.9240607513988809
0 0.9021641118124436 0.37809752198241414 0.9075743913435527 0.38049560351718625 0.9188458070333634 0.37969624300559557 0.9201983769161407 0.3764988009592326 0.9201983769161407 0.35891286970423664 0.9188458070333634 0.35651478816946447 0.9116321009918846 0.3525179856115108 0.9062218214607755 0.3525179856115108 0.9012623985572588 0.3581135091926459 0.9008115419296664 0.3741007194244605 0.9021641118124436 0.37809752198241414
0 0.7759242560865645 0.7170263788968825 0.7885482416591524 0.7170263788968825 0.7889990982867447 0.697841726618705 0.7862939585211903 0.689048760991207 0.7808836789900812 0.6882494004796164 0.7741208295761948 0.6930455635491607 0.7732191163210099 0.7002398081534772 0.7759242560865645 0.7170263788968825
0 0.4003606853020739 0.019984012789768184 0.41794409377817854 0.02158273381294964 0.4197475202885482 0.018385291766586733 0.4192966636609558 0 0.3985572587917043 0 0.3981064021641118 0.00319744204636291 0.3981064021641118 0.015187849720223821 0.4003606853020739 0.019984012789768184