0 0.1442741208295762 0.7897681854516387 0.1478809738503156 0.7969624300559552 0.1501352569882777 0.8073541167066347 0.15734896302975654 0.8145483613109513 0.16816952209197475 0.8145483613109513 0.16997294860234446 0.8001598721023181 0.16816952209197475 0.7769784172661871 0.1600541027953111 0.7721822541966427 0.15284039675383226 0.771382893685052 0.14878268710550044 0.7673860911270984 0.14697926059513075 0.7681854516386891 0.14562669071235346 0.7737809752198243 0.14562669071235346 0.7865707434052758 0.1442741208295762 0.7897681854516387
0 0.5464382326420198 0.3749000799360512 0.5586113615870153 0.3741007194244605 0.5658250676284942 0.3764988009592326 0.5689810640216412 0.3741007194244605 0.5716862037871957 0.3669064748201439 0.5725879170423805 0.35091926458832934 0.5725879170423805 0.3309352517985612 0.5703336339044184 0.31734612310151883 0.5626690712353472 0.31254996003197444 0.545536519386835 0.31015187849720227 0.5432822362488728 0.31175059952038375 0.5410279531109107 0.3205435651478817 0.5414788097385032 0.37010391686650684 0.5464382326420198 0.3749000799360512
0 0.04192966636609558 0.7633892885691447 0.04508566275924256 0.765787370103917 0.0545536519386835 0.7641886490807354 0.05680793507664563 0.7521982414068745 0.05365193868349865 0.7322142286171064 0.05004508566275924 0.7274180655475619 0.04283137962128043 0.7282174260591526 0.04102795311091073 0.7314148681055157 0.03967538322813345 0.7529976019184652 0.04192966636609558 0.7633892885691447
0 0.4517583408476105 0.9992006394884093 0.4517583408476105 0.9832134292565947 0.44905320108205593 0.9760191846522782 0.4386834986474301 0.9712230215827339 0.4310189359783589 0.9728217426059154 0.4310189359783589 0.9992006394884093 0.4517583408476105 0.9992006394884093
0 0.07799819657348962 0.9888089528377298 0.11496844003606854 0.9928057553956835 0.11722272317403065 0.9904076738609113 0.11677186654643823 0.9632294164668266 0.11226330027051398 0.9528377298161471 0.09918845807033362 0.9520383693045564 0.09377817853922453 0.9552358113509193 0.09062218214607755 0.9616306954436452 0.07799819657348962 0.9616306954436452 0.07664562669071236 0.9672262190247802 0.0757439134355275 0.9840127897681855 0.07799819657348962 0.9888089528377298
0 0.12984670874661858 0.6187050359712231 0.13074842200180342 0.6011191047162271 0.12939585211902616 0.5971223021582733 0.12173128944995491 0.5947242206235012 0.11496844003606854 0.5947242206235012 0.11316501352569883 0.5971223021582733 0.11406672678088368 0.6187050359712231 0.12984670874661858 0.6187050359712231
0 0.09693417493237151 0.6171063149480416 0.10504959422903516 0.6195043964828137 0.11226330027051398 0.6179056754596324 0.11226330027051398 0.6051159072741806 0.109107303877367 0.5947242206235012 0.09873760144274121 0.5931254996003198 0.0951307484220018 0.5963229416466826 0.09467989179440937 0.6123101518784972 0.09693417493237151 0.6171063149480416
0 0.08926961226330027 0.6722621902478018 0.1127141568981064 0.6770583533173462 0.1212804328223625 0.6754596322941646 0.11992786293958521 0.6610711430855316 0.11677186654643823 0.6554756195043965 0.1073038773669973 0.6554756195043965 0.09873760144274121 0.6466826538768985 0.08881875563570783 0.6474820143884892 0.08746618575293057 0.6554756195043965 0.08701532912533815 0.6674660271782575 0.08926961226330027 0.6722621902478018
0 0.06311992786293959 0.762589928057554 0.07980162308385934 0.7609912070343725 0.08025247971145176 0.7402078337330137 0.07709648331830478 0.7266187050359713 0.06853020739404869 0.7242206235011991 0.061316501352569885 0.7242206235011991 0.059062218214607755 0.7266187050359713 0.059062218214607755 0.7545963229416467 0.06311992786293959 0.762589928057554
0 0.061316501352569885 0.6546762589928058 0.06627592425608657 0.657074340527578 0.07799819657348962 0.657074340527578 0.07980162308385934 0.6546762589928058 0.08115419296663662 0.636290967226219 0.07799819657348962 0.6227018385291766 0.06311992786293959 0.6211031175059952 0.059963931469792606 0.6330935251798562 0.059513074842200184 0.6410871302957634 0.061316501352569885 0.6546762589928058
0 0.5775473399458972 0.8441247002398081 0.5888187556357078 0.841726618705036 0.5901713255184852 0.8169464428457234 0.584761045987376 0.806554756195044 0.5788999098286746 0.8033573141486812 0.5680793507664563 0.8025579536370904 0.5563570784490532 0.8025579536370904 0.5527502254283138 0.8057553956834532 0.5536519386834987 0.8385291766586731 0.5775473399458972 0.8441247002398081
0 0.3467087466185753 0.9992006394884093 0.34580703336339047 0.9832134292565947 0.3309287646528404 0.9768185451638689 0.32777276825969337 0.9768185451638689 0.32642019837691616 0.9800159872102319 0.32596934174932374 0.9992006394884093 0.3467087466185753 0.9992006394884093
0 0.6095581605049595 0.7106314948041567 0.611361587015329 0.718625099920064 0.6163210099188459 0.7210231814548362 0.6275924256086564 0.7210231814548362 0.6348061316501352 0.7162270183852918 0.6375112714156899 0.7034372501998403 0.6375112714156899 0.6914468425259792 0.6339044183949504 0.6786570743405277 0.6145175834084761 0.6746602717825739 0.609107303877367 0.6762589928057555 0.608205590622182 0.6810551558752997 0.6095581605049595 0.7106314948041567