0 0.9792605951307485 0.28377298161470826 0.9941388638412986 0.30055955235811355 0.9995491433724076 0.30055955235811355 0.9995491433724076 0.2501998401278977 0.9923354373309288 0.24300559552358114 0.9837691614066727 0.24060751398880897 0.9747520288548243 0.2677857713828937 0.9747520288548243 0.27577937649880097 0.9792605951307485 0.28377298161470826
0 0.8070333633904418 0.12230215827338131 0.8174030658250677 0.13269384492406078 0.8210099188458071 0.13269384492406078 0.8259693417493238 0.12150279776179057 0.8286744815148782 0.10871302957633892 0.825067628494139 0.09672262190247803 0.8142470694319207 0.08713029576338929 0.8097385031559965 0.09672262190247803 0.8056807935076646 0.1111111111111111 0.805229936880072 0.11750599520383694 0.8070333633904418 0.12230215827338131
0 0.9765554553651938 0.1510791366906475 0.9882777276825969 0.15987210231814547 0.9950405770964834 0.14628297362110312 0.9977457168620378 0.13269384492406078 0.9995491433724076 0.13189448441247004 0.9995491433724076 0.12709832134292565 0.9873760144274121 0.11430855315747403 0.9819657348963029 0.11270983213429257 0.9806131650135257 0.1135091926458833 0.9743011722272317 0.13908872901678657 0.9743011722272317 0.14708233413269386 0.9765554553651938 0.1510791366906475
0 0.8381424706943192 0.03916866506794565 0.8588818755635708 0.0583533173461231 0.8615870153291254 0.05675459632294165 0.8660955816050496 0.03916866506794565 0.8660955816050496 0.030375699440447643 0.8611361587015329 0.026378896882494004 0.8561767357980163 0.01278976818545164 0.8489630297565375 0.003996802557953637 0.8449053201082056 0.004796163069544364 0.8363390441839494 0.029576338928856916 0.8358881875563571 0.03437250199840128 0.8381424706943192 0.03916866506794565
0 0.9310189359783588 0.5467625899280576 0.9481514878268711 0.5619504396482814 0.9531109107303878 0.5595523581135092 0.9540126239855725 0.5499600319744204 0.9427412082957619 0.5355715427657874 0.936429215509468 0.5299760191846523 0.9323715058611362 0.5299760191846523 0.9305680793507665 0.533972821742606 0.9287646528403968 0.5411670663469225 0.9310189359783588 0.5467625899280576
0 0.5369702434625789 0.9728217426059154 0.5500450856627592 0.9840127897681855 0.5550045085662759 0.982414068745004 0.5559062218214608 0.973621103117506 0.5541027953110911 0.9688249400479617 0.5432822362488728 0.9600319744204637 0.539224526600541 0.959232613908873 0.5374211000901714 0.9624300559552359 0.5360685302073941 0.9664268585131894 0.5369702434625789 0.9728217426059154
0 0.40802524797114514 0.6203037569944045 0.41794409377817854 0.627498001598721 0.42155094679891797 0.627498001598721 0.42560865644724977 0.6211031175059952 0.43056807935076646 0.6035171862509993 0.43056807935076646 0.5987210231814549 0.4287646528403968 0.595523581135092 0.4116321009918846 0.5803357314148682 0.4075743913435528 0.5875299760191847 0.4044183949504058 0.6003197442046363 0.4044183949504058 0.6139088729016786 0.40802524797114514 0.6203037569944045
0 0.9188458070333634 0.5843325339728218 0.9422903516681695 0.6091127098321344 0.9495040577096483 0.6123101518784972 0.9517583408476105 0.6035171862509993 0.9508566275924257 0.5987210231814549 0.9256086564472498 0.5707434052757794 0.9211000901713255 0.5691446842525979 0.9183949504057709 0.5723421262989609 0.9174932371505862 0.5819344524380495 0.9188458070333634 0.5843325339728218
0 0.6785392245266005 0.8457234212629897 0.6825969341749324 0.844924060751399 0.6834986474301172 0.8377298161470824 0.6771866546438233 0.8257394084732215 0.6717763751127143 0.8233413269384493 0.6654643823264202 0.8297362110311751 0.666366095581605 0.8353317346123101 0.6785392245266005 0.8457234212629897
0 0.19927862939585214 0.2981614708233413 0.21596032461677186 0.2949640287769784 0.2249774571686204 0.28936850519584334 0.22678088367899008 0.28377298161470826 0.22678088367899008 0.27577937649880097 0.22407574391343554 0.2701838529176659 0.20108205590622183 0.27577937649880097 0.19837691614066724 0.27737809752198245 0.19612263300270513 0.28457234212629895 0.1956717763751127 0.29256594724220625 0.19927862939585214 0.2981614708233413
0 0.8899909828674482 0.7274180655475619 0.8981064021641119 0.7330135891286971 0.9116321009918846 0.748201438848921 0.9179440937781785 0.7513988808952838 0.9201983769161407 0.748201438848921 0.9183949504057709 0.7410071942446044 0.8949504057709649 0.7154276578737011 0.8904418394950405 0.7122302158273383 0.8868349864743011 0.7130295763389289 0.8863841298467088 0.7202238209432456 0.8899909828674482 0.7274180655475619
0 0.6514878268710551 0.8545163868904877 0.6605049594229035 0.8657074340527579 0.6713255184851218 0.8760991207034373 0.6753832281334536 0.8729016786570745 0.674932371505861 0.859312549960032 0.6704238052299368 0.8585131894484412 0.657799819657349 0.8473221422861711 0.65238954012624 0.8481215027977619 0.6505861136158702 0.8513189448441247 0.6514878268710551 0.8545163868904877
0 0.5595130748422003 0.3836930455635492 0.5703336339044184 0.39488409272581937 0.5752930568079351 0.39568345323741005 0.5820559062218215 0.3828936850519585 0.5829576194770063 0.36850519584332536 0.5716862037871957 0.35411670663469225 0.5676284941388638 0.35171862509992013 0.563570784490532 0.35331734612310156 0.5595130748422003 0.3661071143085532 0.5581605049594229 0.3733013589128697 0.5595130748422003 0.3836930455635492
0 0.4743011722272317 0.7418065547561951 0.4842200180342651 0.7434052757793765 0.49098286744815145 0.7426059152677859 0.49233543733092877 0.7402078337330137 0.49188458070333635 0.7170263788968825 0.48782687105500455 0.7090327737809753 0.4743011722272317 0.709832134292566 0.4688908926961226 0.7178257394084733 0.4670874661857529 0.7290167865707434 0.4743011722272317 0.7418065547561951
0 0.17763751127141567 0.3932853717026379 0.18214607754733994 0.4132693844924061 0.1988277727682597 0.4060751398880896 0.2339945897204689 0.39728217426059154 0.23850315599639313 0.37170263788968827 0.23850315599639313 0.35891286970423664 0.23534715960324618 0.3405275779376499 0.23083859332732193 0.3253397282174261 0.22768259693417492 0.3205435651478817 0.215058611361587 0.3237410071942446 0.21009918845807032 0.32773780975219824 0.18575293056807937 0.3333333333333333 0.175834084761046 0.33812949640287776 0.1740306582506763 0.3413269384492406 0.17357980162308384 0.3629096722621903 0.17763751127141567 0.3932853717026379
0 0.3990081154192967 0.82414068745004 0.4044183949504058 0.8265387689848122 0.4075743913435528 0.8249400479616307 0.41118124436429215 0.8177458033573143 0.4165915238954013 0.797761790567546 0.4161406672678088 0.7881694644284573 0.3981064021641118 0.7697841726618705 0.3904418394950406 0.7649880095923263 0.3863841298467087 0.7721822541966427 0.3796212804328224 0.7929656274980017 0.3800721370604148 0.8033573141486812 0.3990081154192967 0.82414068745004
0 0.7493237150586113 0.9872102318145485 0.7912533814247069 0.9928057553956835 0.793507664562669 0.9904076738609113 0.7953110910730388 0.9800159872102319 0.7939585211902616 0.9680255795363709 0.7862939585211903 0.9624300559552359 0.7723174030658251 0.9584332533972821 0.7479711451758341 0.9568345323741008 0.7443642921550947 0.9632294164668266 0.7439134355275022 0.9808153477218226 0.7493237150586113 0.9872102318145485
0 0.9319206492335438 0.44364508393285373 0.9404869251577999 0.4508393285371703 0.9445446348061317 0.4476418864908074 0.9445446348061317 0.442845723421263 0.9427412082957619 0.4396482813749001 0.9229035166816953 0.416466826538769 0.9174932371505862 0.4172661870503597 0.9174932371505862 0.425259792166267 0.9319206492335438 0.44364508393285373
0 0.6505861136158702 0.0583533173461231 0.6672678088367898 0.07753796962430057 0.672678088367899 0.07673860911270983 0.6785392245266005 0.06554756195043965 0.6803426510369702 0.05675459632294165 0.6789900811541929 0.04636290967226219 0.674932371505861 0.04156674660271783 0.6668169522091975 0.03916866506794565 0.6623083859332732 0.02877697841726619 0.6582506762849414 0.02557953637090328 0.6550946798917944 0.026378896882494004 0.6501352569882777 0.03756994404476419 0.6487826871055005 0.049560351718625106 0.6505861136158702 0.0583533173461231
0 0.6618575293056808 0.5563549160671463 0.6925157799819658 0.5587529976019185 0.7096483318304779 0.5555555555555556 0.7114517583408476 0.5491606714628298 0.7119026149684401 0.5387689848121503 0.7100991884580703 0.525179856115108 0.6744815148782687 0.521982414068745 0.6713255184851218 0.5235811350919265 0.6614066726780884 0.5435651478816946 0.6605049594229035 0.5539568345323741 0.6618575293056808 0.5563549160671463
0 0.4161406672678088 0.43884892086330934 0.43507664562669074 0.460431654676259 0.44003606853020744 0.45643485211830537 0.4449954914337241 0.4420463629096723 0.4449954914337241 0.43884892086330934 0.44183949504057707 0.4324540367705836 0.42515779981965734 0.41167066346922465 0.42155094679891797 0.41167066346922465 0.4174932371505861 0.425259792166267 0.41568981064021643 0.434052757793765 0.4161406672678088 0.43884892086330934
0 0.4981965734896303 0.7921662669864108 0.503155996393147 0.7937649880095924 0.5054102795311091 0.7937649880095924 0.5076645626690712 0.7897681854516387 0.5135256988277728 0.7705835331734613 0.5126239855725879 0.7665867306155076 0.49864743011722273 0.756994404476419 0.49504057709648336 0.7577937649880097 0.49368800721370604 0.765787370103917 0.49368800721370604 0.7857713828936851 0.4981965734896303 0.7921662669864108
0 0.4806131650135257 0.9176658673061552 0.5009017132551848 0.9392486011191048 0.5058611361587015 0.9400479616306955 0.5099188458070334 0.9344524380495605 0.5157799819657348 0.9200639488409273 0.5234445446348062 0.8888888888888888 0.5085662759242561 0.862509992006395 0.5013525698827773 0.8561151079136692 0.4945897204688909 0.8689048760991207 0.4833183047790803 0.9000799360511591 0.4806131650135257 0.9112709832134293 0.4806131650135257 0.9176658673061552
0 0.5184851217312895 0.8073541167066347 0.5320108205590622 0.8249400479616307 0.5401262398557259 0.8313349320543566 0.5446348061316502 0.8393285371702638 0.5545536519386834 0.8489208633093526 0.560414788097385 0.8481215027977619 0.5662759242560865 0.8313349320543566 0.5680793507664563 0.8169464428457234 0.5644724977457168 0.8041566746602719 0.5536519386834987 0.7945643485211831 0.5477908025247972 0.7825739408473221 0.5360685302073941 0.771382893685052 0.5293056807935077 0.7673860911270984 0.5279531109107304 0.7689848121502798 0.5180342651036971 0.7937649880095924 0.5171325518485121 0.8041566746602719 0.5184851217312895 0.8073541167066347
0 0.6127141568981065 0.1334932054356515 0.6230838593327321 0.14228617106314947 0.6307484220018034 0.14308553157474022 0.6451758340847611 0.1510791366906475 0.6645626690712354 0.1574740207833733 0.6681695220919748 0.1574740207833733 0.6717763751127143 0.15347721822541965 0.6704238052299368 0.1486810551558753 0.6650135256988278 0.14468425259792167 0.6393146979260594 0.13589128697042366 0.6217312894499549 0.12629896083133493 0.6140667267808837 0.12629896083133493 0.6122633002705139 0.12949640287769784 0.6127141568981065 0.1334932054356515
0 0.6352569882777277 0.9992006394884093 0.636609558160505 0.9952038369304558 0.6357078449053201 0.991207034372502 0.6266907123534716 0.9864108713029576 0.6136158701532913 0.9744204636290967 0.6077547339945897 0.9656274980015987 0.6023444544634806 0.9624300559552359 0.5937781785392245 0.9800159872102319 0.5892696122633003 0.9992006394884093 0.6352569882777277 0.9992006394884093
0 0.6600541027953112 0.8473221422861711 0.6717763751127143 0.8585131894484412 0.674932371505861 0.859312549960032 0.6780883678990081 0.8553157474020784 0.6789900811541929 0.8513189448441247 0.6776375112714157 0.844924060751399 0.6708746618575293 0.8425259792166268 0.6632100991884582 0.8345323741007195 0.6600541027953112 0.8345323741007195 0.657799819657349 0.8385291766586731 0.6600541027953112 0.8473221422861711
0 0.6339044183949504 0.11990407673860913 0.6537421100090172 0.12949640287769784 0.6587015329125337 0.12869704236610713 0.6636609558160506 0.1135091926458833 0.6632100991884582 0.10391686650679458 0.6609558160504959 0.09512390087929656 0.6438232642019839 0.07753796962430057 0.6402164111812444 0.0815347721822542 0.633453561767358 0.10951239008792966 0.6325518485121732 0.1167066346922462 0.6339044183949504 0.11990407673860913
0 0.7376014427412083 0.4004796163069545 0.7439134355275022 0.4060751398880896 0.7520288548241659 0.42286171063149486 0.75834084761046 0.42286171063149486 0.7628494138863842 0.40527577937649883 0.7633002705139765 0.39408473221422863 0.7619477006311993 0.390087929656275 0.7448151487826871 0.3733013589128697 0.7412082957619477 0.3733013589128697 0.7376014427412083 0.38049560351718625 0.7366997294860235 0.3876898481215028 0.736248872858431 0.39648281374900085 0.7376014427412083 0.4004796163069545
0 0.9287646528403968 0.5635491606714629 0.9386834986474301 0.5755395683453238 0.9427412082957619 0.5723421262989609 0.9431920649233544 0.5651478816946442 0.9355275022542832 0.5571542765787371 0.9292155094679891 0.5515587529976019 0.9256086564472498 0.5531574740207834 0.9247069431920649 0.5563549160671463 0.9251577998196574 0.5627498001598722 0.9287646528403968 0.5635491606714629