0 0.36384129846708746 0.9992006394884093 0.3647430117222723 0.9952038369304558 0.3633904418394951 0.9904076738609113 0.3417493237150586 0.9744204636290967 0.33859332732191166 0.9776179056754596 0.3367899008115419 0.9864108713029576 0.33543733092876465 0.9992006394884093 0.36384129846708746 0.9992006394884093
0 0.89404869251578 0.2238209432454037 0.9026149684400361 0.23501199040767387 0.9111812443642923 0.24220623501199043 0.9188458070333634 0.24300559552358114 0.9265103697024346 0.2270183852917666 0.9224526600541028 0.21902478017585933 0.9053201082055906 0.20623501199040767 0.9030658250676284 0.20623501199040767 0.8963029756537422 0.21422861710631497 0.8935978358881875 0.21982414068745004 0.89404869251578 0.2238209432454037
0 0.5500450856627592 0.7961630695443646 0.5536519386834987 0.7953637090327739 0.5572587917042381 0.7849720223820944 0.5559062218214608 0.7753796962430056 0.5351668169522091 0.7601918465227818 0.5293056807935077 0.7617905675459633 0.5266005410279532 0.7697841726618705 0.5270513976555455 0.7825739408473221 0.5500450856627592 0.7961630695443646
0 0.6095581605049595 0.17346123101518784 0.6501352569882777 0.15507593924860114 0.6541929666366095 0.1510791366906475 0.654643823264202 0.14708233413269386 0.65238954012624 0.14068745003996805 0.6465284039675383 0.1398880895283773 0.6293958521190262 0.14708233413269386 0.6172227231740307 0.1566746602717826 0.6050495942290353 0.16067146282973624 0.60595130748422 0.17186250999200642 0.6095581605049595 0.17346123101518784
0 0.6388638412984671 0.04636290967226219 0.636609558160505 0.04316546762589928 0.6357078449053201 0.050359712230215826 0.6388638412984671 0.04636290967226219
0 0.36880072137060416 0.8912869704236611 0.3967538322813345 0.9096722621902479 0.4008115419296664 0.9104716227018386 0.40486925157799825 0.9056754596322941 0.40577096483318303 0.8920863309352519 0.4030658250676285 0.885691446842526 0.38863841298467083 0.8784972022382095 0.3814247069431921 0.871302957633893 0.37376014427412085 0.8673061550759393 0.369702434625789 0.86810551558753 0.3678990081154193 0.8792965627498002 0.3674481514878269 0.8880895283772982 0.36880072137060416 0.8912869704236611
0 0.07709648331830478 0.24460431654676262 0.08972046889089269 0.2533972821742606 0.10279531109107304 0.2677857713828937 0.109107303877367 0.2701838529176659 0.11406672678088368 0.2621902478017586 0.11587015329125337 0.2478017585931255 0.1145175834084761 0.24060751398880897 0.08881875563570783 0.2126298960831335 0.0825067628494139 0.2126298960831335 0.08025247971145176 0.21662669864108713 0.07619477006311993 0.2334132693844924 0.0757439134355275 0.24060751398880897 0.07709648331830478 0.24460431654676262
0 0.4359783588818755 0.3733013589128697 0.4526600541027953 0.390087929656275 0.45761947700631195 0.3868904876099121 0.46077547339945896 0.3764988009592326 0.46077547339945896 0.3661071143085532 0.45852119026149685 0.3613109512390088 0.43958521190261496 0.3445243804956035 0.4368800721370604 0.34532374100719426 0.43507664562669074 0.35091926458832934 0.433273219116321 0.3677058353317346 0.4359783588818755 0.3733013589128697
0 0.715960324616772 0.7442046362909672 0.7308385933273219 0.7498001598721024 0.7339945897204688 0.748201438848921 0.7348963029756538 0.7450039968025579 0.7344454463480614 0.7338129496402878 0.7312894499549144 0.7306155075939249 0.7200180342651037 0.7242206235011991 0.7168620378719567 0.7242206235011991 0.7150586113615871 0.7298161470823342 0.7146077547339945 0.7418065547561951 0.715960324616772 0.7442046362909672
0 0.9323715058611362 0.1750599520383693 0.9418394950405771 0.1838529176658673 0.9495040577096483 0.18625099920063948 0.9549143372407575 0.1654676258992806 0.957619477006312 0.14788169464428458 0.957619477006312 0.13589128697042366 0.9440937781785392 0.12230215827338131 0.9350766456266908 0.12070343725019984 0.9287646528403968 0.1574740207833733 0.9283137962128044 0.16786570743405277 0.9323715058611362 0.1750599520383693
0 0.9909828674481516 0.6250999200639489 0.9945897204688909 0.6306954436450839 0.9995491433724076 0.6322941646682655 0.9995491433724076 0.5931254996003198 0.9945897204688909 0.592326139088729 0.9896302975653742 0.60431654676259 0.9891794409377818 0.6171063149480416 0.9909828674481516 0.6250999200639489
0 0.9963931469792606 0.504396482813749 0.9941388638412986 0.5067945643485212 0.9959422903516681 0.5083932853717026 0.9977457168620378 0.5019984012789769 0.9995491433724076 0.5019984012789769 0.9995491433724076 0.49000799360511593 0.9963931469792606 0.4908073541167067 0.9945897204688909 0.49640287769784175 0.9941388638412986 0.5011990407673861 0.9963931469792606 0.504396482813749
0 0.4783588818755636 0.6370903277378098 0.49368800721370604 0.6490807354116707 0.5013525698827773 0.6514788169464429 0.5049594229035167 0.6434852118305356 0.5076645626690712 0.6258992805755397 0.5067628494138864 0.6107114308553158 0.48737601442741213 0.5963229416466826 0.4824165915238954 0.5979216626698641 0.4806131650135257 0.6067146282973622 0.47700631199278626 0.6282973621103117 0.4783588818755636 0.6370903277378098
0 0.9143372407574392 0.7905675459632294 0.9215509467989179 0.7897681854516387 0.9251577998196574 0.7721822541966427 0.9224526600541028 0.7601918465227818 0.9179440937781785 0.753796962430056 0.9075743913435527 0.7474020783373301 0.9012623985572588 0.748201438848921 0.8994589720468892 0.7809752198241406 0.9143372407574392 0.7905675459632294
0 0.04824165915238954 0.6826538768984812 0.06988277727682597 0.704236610711431 0.07754733994589721 0.704236610711431 0.08295761947700632 0.695443645083933 0.0825067628494139 0.6802557953637091 0.07799819657348962 0.6722621902478018 0.05500450856627593 0.6626698641087131 0.05229936880072138 0.6642685851318945 0.04824165915238954 0.6738609112709832 0.046889089269612265 0.6786570743405277 0.04824165915238954 0.6826538768984812
0 0.30387736699729484 0.5827338129496403 0.3201082055906222 0.5979216626698641 0.32461677186654647 0.5963229416466826 0.33047790802524796 0.5755395683453238 0.3291253381424707 0.565947242206235 0.3106402164111813 0.5515587529976019 0.30613165013525695 0.5563549160671463 0.30297565374211 0.5707434052757794 0.30252479711451763 0.577937649880096 0.30387736699729484 0.5827338129496403
0 0.08295761947700632 0.7250199840127898 0.09197475202885483 0.7322142286171064 0.09783588818755636 0.7274180655475619 0.10279531109107304 0.7130295763389289 0.10099188458070334 0.7018385291766587 0.09242560865644725 0.689048760991207 0.08836789900811542 0.6898481215027978 0.08476104598737601 0.6946442845723421 0.07980162308385934 0.7090327737809753 0.0793507664562669 0.7194244604316546 0.08295761947700632 0.7250199840127898
0 0.25969341749323716 0.02797761790567546 0.2813345356176736 0.02877697841726619 0.2885482416591524 0.026378896882494004 0.29080252479711455 0.02158273381294964 0.29080252479711455 0.015187849720223821 0.2867448151487827 0.011990407673860913 0.25473399458972046 0.011990407673860913 0.25473399458972046 0.02557953637090328 0.25969341749323716 0.02797761790567546
0 0.5022542831379622 0.7058353317346123 0.5157799819657348 0.7106314948041567 0.5189359783588818 0.704236610711431 0.5207394048692516 0.6818545163868905 0.5175834084761046 0.6658673061550759 0.5126239855725879 0.6610711430855316 0.5045085662759243 0.6602717825739409 0.5013525698827773 0.6642685851318945 0.5 0.6706634692246204 0.49639314697926057 0.6986410871302958 0.5022542831379622 0.7058353317346123
0 0.38954012623985573 0.16147082334132695 0.3958521190261497 0.1654676258992806 0.41027953110910736 0.1838529176658673 0.4174932371505861 0.18864908073541167 0.42155094679891797 0.18864908073541167 0.42515779981965734 0.17905675459632295 0.4238052299368801 0.17186250999200642 0.4188458070333634 0.16466826538768983 0.4098286744815149 0.15827338129496404 0.4044183949504058 0.15027977617905677 0.39404869251577995 0.14068745003996805 0.3904418394950406 0.1398880895283773 0.3863841298467087 0.15027977617905677 0.3859332732191163 0.15507593924860114 0.38954012623985573 0.16147082334132695
0 0.5329125338142471 0.6850519584332534 0.539224526600541 0.6898481215027978 0.5441839495040577 0.6866506794564349 0.5468890892696122 0.6730615507593926 0.5468890892696122 0.6642685851318945 0.542380522993688 0.6514788169464429 0.5360685302073941 0.6498800959232613 0.5320108205590622 0.6682653876898482 0.5315599639314699 0.6818545163868905 0.5329125338142471 0.6850519584332534
0 0.19657348963029758 0.11990407673860913 0.20649233543733095 0.1310951239008793 0.2096483318304779 0.13189448441247004 0.21415689810640218 0.12549960031974422 0.22001803426510372 0.11031175059952039 0.22272317403065825 0.09832134292565947 0.22272317403065825 0.0903277378097522 0.21911632100991885 0.0815347721822542 0.21009918845807032 0.07673860911270983 0.20333633904418397 0.07673860911270983 0.19927862939585214 0.08473221422861711 0.1934174932371506 0.1047162270183853 0.1934174932371506 0.1111111111111111 0.19657348963029758 0.11990407673860913
0 0.2254283137962128 0.4668265387689848 0.2407574391343553 0.48441247002398086 0.24752028854824168 0.4860111910471623 0.2497745716862038 0.4804156674660272 0.2515779981965735 0.4668265387689848 0.23895401262398558 0.4476418864908074 0.22768259693417492 0.442845723421263 0.22587917042380526 0.4444444444444444 0.22452660054102797 0.44684252597921664 0.2254283137962128 0.4668265387689848
0 0 0.30935251798561153 0.004959422903516681 0.30375699440447645 0.008566275924256087 0.29416466826538773 0.014878268710550046 0.2685851318944844 0.012623985572587917 0.2597921662669864 0.004959422903516681 0.25259792166266987 0 0.25259792166266987 0 0.30935251798561153
0 0.9314697926059514 0.8808952837729817 0.9495040577096483 0.8936850519584333 0.9526600541027953 0.8936850519584333 0.9562669071235348 0.8880895283772982 0.9558160504959423 0.8800959232613909 0.9517583408476105 0.8752997601918465 0.9287646528403968 0.8601119104716227 0.9265103697024346 0.8665067945643485 0.9265103697024346 0.8745003996802558 0.9314697926059514 0.8808952837729817
0 0.2971145175834085 0.8912869704236611 0.30162308385933273 0.8920863309352519 0.3043282236248873 0.8880895283772982 0.3106402164111813 0.853717026378897 0.30793507664562675 0.8457234212629897 0.2966636609558161 0.8377298161470824 0.2921550946798918 0.8433253397282174 0.2889990982867448 0.8617106314948043 0.2889990982867448 0.8816946442845724 0.2971145175834085 0.8912869704236611
0 0.6018935978358882 0.8249400479616307 0.609107303877367 0.8249400479616307 0.6127141568981065 0.8169464428457234 0.6140667267808837 0.7993605115907274 0.6118124436429215 0.7865707434052758 0.587917042380523 0.771382893685052 0.5834084761045988 0.771382893685052 0.5802524797114518 0.7745803357314149 0.5766456266907123 0.7905675459632294 0.5770964833183048 0.8001598721023181 0.6018935978358882 0.8249400479616307
0 0.6167718665464382 0.82414068745004 0.636609558160505 0.8353317346123101 0.6406672678088369 0.8361310951239008 0.6433724075743913 0.8321342925659473 0.6442741208295762 0.82414068745004 0.6424706943192064 0.8161470823341327 0.6370604147880974 0.8105515587529977 0.6190261496844004 0.8049560351718625 0.6158701532912535 0.8129496402877698 0.6154192966636609 0.8217426059152678 0.6167718665464382 0.82414068745004
0 0.08746618575293057 0.7705835331734613 0.09603246167718665 0.7825739408473221 0.1018935978358882 0.7841726618705037 0.10955816050495942 0.771382893685052 0.11136158701532912 0.7633892885691447 0.11136158701532912 0.7529976019184652 0.10640216411181244 0.7442046362909672 0.09918845807033362 0.7378097521982414 0.09287646528403969 0.7362110311750599 0.09062218214607755 0.7394084732214229 0.08521190261496844 0.7593924860111911 0.08476104598737601 0.7649880095923263 0.08746618575293057 0.7705835331734613
0 0.48016230838593327 0.41167066346922465 0.48737601442741213 0.4212629896083134 0.4977457168620379 0.4268585131894485 0.5049594229035167 0.4100719424460432 0.5112714156898106 0.37969624300559557 0.5090171325518486 0.3741007194244605 0.5004508566275925 0.36850519584332536 0.4945897204688909 0.3581135091926459 0.49098286744815145 0.3581135091926459 0.4842200180342651 0.3764988009592326 0.4806131650135257 0.39488409272581937 0.4792605951307485 0.4028776978417266 0.48016230838593327 0.41167066346922465
0 0.3868349864743012 0.6714628297362111 0.4044183949504058 0.6842525979216627 0.40712353471596036 0.6898481215027978 0.4116321009918846 0.6866506794564349 0.4143372407574391 0.6786570743405277 0.40712353471596036 0.6674660271782575 0.4098286744815149 0.6442845723421263 0.40577096483318303 0.6322941646682655 0.39404869251577995 0.6258992805755397 0.38999098286744815 0.6258992805755397 0.38773669972948605 0.6330935251798562 0.3872858431018936 0.6458832933653078 0.38548241659152394 0.6490807354116707 0.38458070333633904 0.6650679456434853 0.3868349864743012 0.6714628297362111
0 0.706492335437331 0.9864108713029576 0.7096483318304779 0.9840127897681855 0.7132551848512173 0.9680255795363709 0.7141568981064021 0.9544364508393286 0.7100991884580703 0.9432454036770584 0.6853020739404869 0.9272581934452439 0.6753832281334536 0.9304556354916067 0.672678088367899 0.9488409272581935 0.672678088367899 0.9632294164668266 0.706492335437331 0.9864108713029576
0 0.5951307484220018 0.02717825739408473 0.6275924256086564 0.009592326139088728 0.6307484220018034 0.004796163069544364 0.6307484220018034 0 0.6109107303877367 0 0.6100090171325518 0.002398081534772182 0.5901713255184852 0.014388489208633094 0.59107303877367 0.024780175859312553 0.5951307484220018 0.02717825739408473
0 0.5568079350766456 0.7026378896882494 0.5707844905320109 0.7114308553157473 0.5766456266907123 0.709832134292566 0.5852119026149685 0.6762589928057555 0.5834084761045988 0.657074340527578 0.5649233543733093 0.642685851318945 0.560414788097385 0.642685851318945 0.5563570784490532 0.6562749800159873 0.5527502254283138 0.6962430055955237 0.5568079350766456 0.7026378896882494
0 0.5135256988277728 0.9992006394884093 0.5293056807935077 0.9992006394884093 0.5302073940486925 0.9880095923261392 0.5288548241659152 0.9808153477218226 0.5171325518485121 0.9752198241406874 0.5112714156898106 0.9752198241406874 0.5090171325518486 0.9784172661870505 0.5090171325518486 0.9920063948840928 0.5135256988277728 0.9992006394884093
0 0.2231740306582507 0.1334932054356515 0.24436429215509467 0.15827338129496404 0.2479711451758341 0.1566746602717826 0.25247971145175835 0.14788169464428458 0.25743913435527505 0.12629896083133493 0.2538322813345356 0.10551558752997602 0.24616771866546439 0.09992006394884093 0.24165915238954014 0.09112709832134293 0.23083859332732193 0.09832134292565947 0.2236248872858431 0.11990407673860913 0.22227231740306583 0.12949640287769784 0.2231740306582507 0.1334932054356515
0 0.4260595130748422 0.7154276578737011 0.4341749323715059 0.7258193445243806 0.445897204688909 0.7274180655475619 0.4499549143372408 0.7170263788968825 0.4495040577096483 0.6994404476418865 0.445897204688909 0.6922462030375699 0.4368800721370604 0.6850519584332534 0.430117222723174 0.6834532374100719 0.42515779981965734 0.7026378896882494 0.4247069431920649 0.7106314948041567 0.4260595130748422 0.7154276578737011
0 0.15464382326420198 0.48441247002398086 0.1636609558160505 0.4924060751398881 0.16816952209197475 0.49160671462829736 0.17177637511271418 0.48441247002398086 0.18214607754733994 0.44924060751398887 0.1830477908025248 0.4420463629096723 0.18169522091974755 0.4324540367705836 0.17222723174030657 0.4212629896083134 0.1672678088367899 0.42206235011990406 0.15734896302975654 0.4452438049560352 0.15058611361587015 0.469224620303757 0.1501352569882777 0.4772182254196643 0.15464382326420198 0.48441247002398086
0 0.9932371505861136 0.7865707434052758 0.9995491433724076 0.7873701039168666 0.9995491433724076 0.7577937649880097 0.9878268710550046 0.7553956834532374 0.9851217312894499 0.7585931254996003 0.9833183047790803 0.7649880095923263 0.9837691614066727 0.78017585931255 0.9932371505861136 0.7865707434052758
0 0.10504959422903516 0.6538768984812151 0.13074842200180342 0.6786570743405277 0.13435527502254285 0.6794564348521184 0.13706041478809738 0.6770583533173462 0.1406672678088368 0.6690647482014389 0.14156898106402163 0.6578737010391686 0.13841298467087468 0.6474820143884892 0.11316501352569883 0.6195043964828137 0.1073038773669973 0.6203037569944045 0.1018935978358882 0.6394884092725819 0.1018935978358882 0.64828137490008 0.10504959422903516 0.6538768984812151
0 0.9657348963029756 0.947242206235012 0.9810640216411182 0.9576338928856915 0.9882777276825969 0.9656274980015987 0.993688007213706 0.9656274980015987 0.996844003606853 0.9584332533972821 0.9963931469792606 0.9488409272581935 0.9806131650135257 0.9360511590727418 0.9733994589720468 0.9344524380495605 0.9706943192064924 0.9376498800959233 0.9625788999098286 0.9376498800959233 0.9625788999098286 0.9424460431654678 0.9657348963029756 0.947242206235012
0 0.6943192064923354 0.5171862509992007 0.7082957619477006 0.5259792166266987 0.7110009017132553 0.5259792166266987 0.7132551848512173 0.521982414068745 0.7141568981064021 0.5115907274180655 0.7119026149684401 0.5067945643485212 0.6961226330027052 0.49800159872102323 0.6925157799819658 0.49880095923261397 0.6893597835888188 0.5035971223021583 0.6893597835888188 0.5115907274180655 0.6943192064923354 0.5171862509992007
0 0.5748422001803427 0.7921662669864108 0.5757439134355276 0.7993605115907274 0.6023444544634806 0.8257394084732215 0.6100090171325518 0.8249400479616307 0.6127141568981065 0.818545163868905 0.6154192966636609 0.8017585931254997 0.6158701532912535 0.7761790567545964 0.60595130748422 0.7609912070343725 0.6009918845807034 0.7577937649880097 0.5843101893597836 0.7513988808952838 0.5807033363390443 0.7513988808952838 0.5779981965734896 0.753796962430056 0.5770964833183048 0.7577937649880097 0.5779981965734896 0.7761790567545964 0.5748422001803427 0.7921662669864108
0 0.566726780883679 0.3525179856115108 0.5883678990081154 0.3669064748201439 0.5919747520288549 0.3677058353317346 0.5955816050495942 0.3629096722621903 0.5982867448151488 0.3429256594724221 0.5951307484220018 0.3349320543565148 0.5712353471596032 0.31974420463629094 0.5685302073940487 0.3229416466826539 0.5658250676284942 0.3341326938449241 0.5653742110009017 0.34852118305355717 0.566726780883679 0.3525179856115108
0 0.609107303877367 0.8800959232613909 0.6095581605049595 0.885691446842526 0.6298467087466186 0.8992805755395684 0.6402164111812444 0.9016786570743406 0.6451758340847611 0.8832933653077538 0.6447249774571686 0.8673061550759393 0.6424706943192064 0.8577138289368506 0.6370604147880974 0.8521183053557154 0.6244364292155096 0.8465227817745804 0.6194770063119928 0.8465227817745804 0.6158701532912535 0.8553157474020784 0.6149684400360685 0.8649080735411672 0.609107303877367 0.8800959232613909
0 0.7123534715960325 0.7705835331734613 0.7267808836789902 0.7785771382893686 0.7303877366997296 0.7729816147082335 0.7303877366997296 0.7649880095923263 0.7272317403065826 0.7601918465227818 0.7164111812443643 0.753796962430056 0.7123534715960325 0.753796962430056 0.7105500450856627 0.756994404476419 0.7096483318304779 0.7641886490807354 0.7123534715960325 0.7705835331734613
0 0.5694319206492335 0.4740207833733014 0.5743913435527502 0.4708233413269384 0.5784490532010821 0.4524380495603517 0.5784490532010821 0.442845723421263 0.5743913435527502 0.4348521183053557 0.5577096483318305 0.4212629896083134 0.5532010820559062 0.4212629896083134 0.5495942290351669 0.43005595523581136 0.5500450856627592 0.460431654676259 0.5694319206492335 0.4740207833733014
0 0.19116321009918846 0.5259792166266987 0.19612263300270513 0.5307753796962431 0.19972948602344456 0.5299760191846523 0.20243462578899912 0.5259792166266987 0.20829576194770064 0.5011990407673861 0.2146077547339946 0.4876099120703437 0.22091974752028853 0.4660271782573941 0.2231740306582507 0.45163868904876103 0.22091974752028853 0.4444444444444444 0.21731289449954916 0.4396482813749001 0.21325518485121733 0.4396482813749001 0.2091974752028855 0.44684252597921664 0.18935978358881875 0.5083932853717026 0.18890892696122633 0.521982414068745 0.19116321009918846 0.5259792166266987
0 0.22001803426510372 0.9648281374900081 0.2339945897204689 0.9752198241406874 0.24481514878268712 0.9768185451638689 0.2479711451758341 0.9696243005595524 0.25067628494138866 0.9560351718625101 0.2515779981965735 0.9288569144684253 0.2479711451758341 0.9216626698641087 0.22993688007213708 0.9096722621902479 0.2254283137962128 0.9176658673061552 0.21866546438232642 0.9464428457234213 0.218214607754734 0.9600319744204637 0.22001803426510372 0.9648281374900081
0 0.9846708746618575 0.9184652278177459 0.9995491433724076 0.9256594724220625 0.9995491433724076 0.8888888888888888 0.9896302975653742 0.8832933653077538 0.9837691614066727 0.8832933653077538 0.9815148782687105 0.8912869704236611 0.9797114517583408 0.91207034372502 0.9846708746618575 0.9184652278177459