0 0.9120829576194771 0.2965627498001599 0.9138863841298467 0.29896083133493206 0.9355275022542832 0.30375699440447645 0.9445446348061317 0.30375699440447645 0.9481514878268711 0.30055955235811355 0.9490532010820559 0.2805755395683453 0.9481514878268711 0.2749800159872102 0.9458972046889089 0.2717825739408473 0.936429215509468 0.2677857713828937 0.9174932371505862 0.2677857713828937 0.9134355275022543 0.2685851318944844 0.9111812443642923 0.27258193445243806 0.9107303877366997 0.2877697841726619 0.9120829576194771 0.2965627498001599
0 0.12308385933273219 0.31574740207833735 0.16095581605049597 0.31894484412470026 0.16321009918845808 0.31254996003197444 0.16140667267808836 0.3053557154276579 0.1460775473399459 0.3061550759392486 0.12308385933273219 0.302158273381295 0.12037871956717765 0.3061550759392486 0.11992786293958521 0.31095123900879296 0.12308385933273219 0.31574740207833735
0 0.8832281334535618 0.302158273381295 0.888638412984671 0.3077537969624301 0.8981064021641119 0.3077537969624301 0.8999098286744815 0.30295763389288566 0.8999098286744815 0.29416466826538773 0.8976555455365194 0.27577937649880097 0.8944995491433724 0.2717825739408473 0.8904418394950405 0.27098321342925663 0.8827772768259693 0.27098321342925663 0.8814247069431921 0.2741806554756195 0.8814247069431921 0.29416466826538773 0.8832281334535618 0.302158273381295
0 0.900360685302074 0.9632294164668266 0.9206492335437331 0.9672262190247802 0.9256086564472498 0.9672262190247802 0.926961226330027 0.9648281374900081 0.9283137962128044 0.9480415667466028 0.926961226330027 0.9360511590727418 0.9251577998196574 0.9328537170263789 0.9125338142470695 0.929656274980016 0.8985572587917042 0.9304556354916067 0.8981064021641119 0.9584332533972821 0.900360685302074 0.9632294164668266
0 0.11992786293958521 0.43325339728217427 0.1510369702434626 0.4372501998401279 0.15779981965734896 0.43645083932853723 0.1587015329125338 0.434052757793765 0.1587015329125338 0.4276578737010392 0.15419296663660956 0.42366107114308554 0.12578899909828675 0.42046362909672264 0.11812443642921551 0.42046362909672264 0.11587015329125337 0.42366107114308554 0.11632100991884581 0.43165467625899284 0.11992786293958521 0.43325339728217427
0 0.12263300270513977 0.2981614708233413 0.1618575293056808 0.30135891286970423 0.1636609558160505 0.2949640287769784 0.1618575293056808 0.2885691446842526 0.12984670874661858 0.28457234212629895 0.12398557258791705 0.28457234212629895 0.11992786293958521 0.2877697841726619 0.11947700631199279 0.29256594724220625 0.12263300270513977 0.2981614708233413
0 0.8467087466185753 0.9768185451638689 0.8773669972948602 0.9808153477218226 0.8832281334535618 0.9784172661870505 0.8850315599639315 0.9728217426059154 0.8854824165915239 0.9584332533972821 0.8832281334535618 0.947242206235012 0.8814247069431921 0.9448441247002399 0.8489630297565375 0.9448441247002399 0.8449053201082056 0.9528377298161471 0.8444544634806133 0.9728217426059154 0.8467087466185753 0.9768185451638689
0 0.9458972046889089 0.762589928057554 0.9720468890892696 0.7617905675459633 0.9729486023444545 0.7418065547561951 0.9706943192064924 0.7338129496402878 0.9522091974752029 0.7266187050359713 0.9449954914337241 0.7274180655475619 0.9440937781785392 0.7545963229416467 0.9458972046889089 0.762589928057554
0 0.7132551848512173 0.9320543565147882 0.7168620378719567 0.9360511590727418 0.7195671776375113 0.9336530775379696 0.7511271415689811 0.9336530775379696 0.7524797114517583 0.929656274980016 0.7529305680793508 0.9096722621902479 0.7497745716862038 0.9040767386091128 0.7164111812443643 0.8984812150279777 0.7119026149684401 0.9080735411670664 0.7123534715960325 0.9272581934452439 0.7132551848512173 0.9320543565147882
0 0.7655545536519388 0.9280575539568345 0.7822362488728585 0.9328537170263789 0.7899008115419297 0.9328537170263789 0.7939585211902616 0.929656274980016 0.7953110910730388 0.9112709832134293 0.7926059513074842 0.9016786570743406 0.7889990982867447 0.8992805755395684 0.7705139765554554 0.8968824940047961 0.7651036970243462 0.8968824940047961 0.7628494138863842 0.9000799360511591 0.7623985572587918 0.9176658673061552 0.7655545536519388 0.9280575539568345
0 0.12173128944995491 0.4508393285371703 0.1532912533814247 0.4540367705835332 0.1568981064021641 0.4532374100719425 0.1587015329125338 0.45003996802557955 0.1582506762849414 0.44364508393285373 0.1564472497745717 0.4404476418864908 0.11587015329125337 0.43645083932853723 0.11587015329125337 0.44604316546762596 0.12173128944995491 0.4508393285371703
0 0.6370604147880974 0.7226219024780176 0.6587015329125337 0.7258193445243806 0.6618575293056808 0.7210231814548362 0.6614066726780884 0.7082334132693845 0.6573489630297565 0.7034372501998403 0.6330027051397656 0.7002398081534772 0.6307484220018034 0.704236610711431 0.6311992786293958 0.7162270183852918 0.6370604147880974 0.7226219024780176
0 0.8800721370604149 0.3405275779376499 0.9017132551848512 0.33892885691446845 0.9048692515779982 0.3365307753796963 0.9071235347159603 0.3309352517985612 0.9048692515779982 0.31734612310151883 0.8999098286744815 0.3133493205435652 0.8791704238052299 0.31254996003197444 0.876014427412083 0.3149480415667466 0.876014427412083 0.33573141486810554 0.8800721370604149 0.3405275779376499
0 0.8588818755635708 0.6514788169464429 0.8877366997294861 0.6522781774580336 0.8904418394950405 0.6506794564348523 0.8913435527502254 0.6474820143884892 0.890892696122633 0.6386890487609912 0.8872858431018936 0.6354916067146283 0.8593327321911632 0.6306954436450839 0.8552750225428314 0.6338928856914469 0.8548241659152389 0.645083932853717 0.8588818755635708 0.6514788169464429
0 0.9337240757439135 0.9568345323741008 0.9355275022542832 0.9600319744204637 0.958521190261497 0.9632294164668266 0.9634806131650135 0.9624300559552359 0.9648331830477908 0.9600319744204637 0.9652840396753832 0.9424460431654678 0.9630297565374212 0.938449240607514 0.9522091974752029 0.9336530775379696 0.9377817853922452 0.9328537170263789 0.9350766456266908 0.9352517985611511 0.9341749323715058 0.9400479616306955 0.933273219116321 0.9504396482813751 0.9337240757439135 0.9568345323741008
0 0.7254283137962128 0.7585931254996003 0.7303877366997296 0.7641886490807354 0.7592425608656448 0.7665867306155076 0.7623985572587918 0.7649880095923263 0.763751127141569 0.7601918465227818 0.7642019837691614 0.7474020783373301 0.7619477006311993 0.7354116706634692 0.7524797114517583 0.7338129496402878 0.7461677186654645 0.7362110311750599 0.7267808836789902 0.7362110311750599 0.7245266005410279 0.7386091127098321 0.7240757439134355 0.7498001598721024 0.7254283137962128 0.7585931254996003
0 0.6830477908025249 0.6970423661071143 0.7073940486925159 0.7002398081534772 0.7137060414788097 0.7050359712230216 0.7177637511271415 0.7026378896882494 0.7177637511271415 0.6842525979216627 0.7132551848512173 0.6722621902478018 0.703336339044184 0.6666666666666666 0.6943192064923354 0.6658673061550759 0.6853020739404869 0.6666666666666666 0.6816952209197475 0.6746602717825739 0.6812443642921551 0.6874500399680257 0.6830477908025249 0.6970423661071143
0 0.6916140667267809 0.266986410871303 0.7042380522993689 0.2677857713828937 0.7105500450856627 0.2637889688249401 0.7100991884580703 0.23421262989608316 0.7060414788097384 0.22462030375699443 0.7010820559062219 0.22062350119904078 0.6925157799819658 0.2222222222222222 0.6893597835888188 0.23261390887290168 0.6893597835888188 0.2517985611510791 0.6916140667267809 0.266986410871303
0 0.7542831379621281 0.09912070343725021 0.7813345356176735 0.09912070343725021 0.7817853922452661 0.07753796962430057 0.7795311091073039 0.0671462829736211 0.7560865644724978 0.0639488409272582 0.7511271415689811 0.0639488409272582 0.7502254283137962 0.0671462829736211 0.7497745716862038 0.0815347721822542 0.7542831379621281 0.09912070343725021
0 0.827321911632101 0.2877697841726619 0.860234445446348 0.28936850519584334 0.8638412984670875 0.28617106314948043 0.8647430117222724 0.27577937649880097 0.8620378719567178 0.26538768984812156 0.8363390441839494 0.2621902478017586 0.8268710550045085 0.2637889688249401 0.8259693417493238 0.28617106314948043 0.827321911632101 0.2877697841726619