0 0.9422903516681695 0.35171862509992013 0.9508566275924257 0.354916067146283 0.957619477006312 0.35411670663469225 0.9630297565374212 0.33812949640287776 0.9643823264201984 0.31734612310151883 0.9630297565374212 0.29896083133493206 0.9580703336339044 0.2949640287769784 0.9467989179440939 0.2949640287769784 0.9418394950405771 0.2997601918465228 0.9391343552750226 0.3069544364508393 0.9386834986474301 0.33812949640287776 0.9422903516681695 0.35171862509992013
0 0.65238954012624 0.4508393285371703 0.6568981064021642 0.45803357314148685 0.6627592425608656 0.45643485211830537 0.6677186654643824 0.44684252597921664 0.6668169522091975 0.4404476418864908 0.6645626690712354 0.4372501998401279 0.6614066726780884 0.43645083932853723 0.6537421100090172 0.442845723421263 0.6519386834986475 0.44604316546762596 0.65238954012624 0.4508393285371703
0 0.6447249774571686 0.44364508393285373 0.6510369702434625 0.4444444444444444 0.654643823264202 0.43645083932853723 0.6519386834986475 0.4276578737010392 0.6478809738503156 0.425259792166267 0.6438232642019839 0.425259792166267 0.6402164111812444 0.43005595523581136 0.6402164111812444 0.43884892086330934 0.6447249774571686 0.44364508393285373
0 0.7457168620378719 0.43804956035171866 0.763751127141569 0.4396482813749001 0.7678088367899009 0.4348521183053557 0.7696122633002704 0.4092725819344525 0.7691614066726781 0.4060751398880896 0.7655545536519388 0.4020783373301359 0.7601442741208296 0.4028776978417266 0.7560865644724978 0.3996802557953637 0.7466185752930569 0.398880895283773 0.7439134355275022 0.4020783373301359 0.7430117222723175 0.4132693844924061 0.742560865644725 0.43325339728217427 0.7457168620378719 0.43804956035171866
0 0.9111812443642923 0.7266187050359713 0.9495040577096483 0.7282174260591526 0.9531109107303878 0.7250199840127898 0.9549143372407575 0.718625099920064 0.954463480613165 0.7026378896882494 0.9495040577096483 0.695443645083933 0.9346257889990982 0.6922462030375699 0.9179440937781785 0.6922462030375699 0.9107303877366997 0.6946442845723421 0.9080252479711453 0.6994404476418865 0.9089269612263301 0.7234212629896084 0.9111812443642923 0.7266187050359713
0 0.1848512173128945 0.16067146282973624 0.2060414788097385 0.15987210231814547 0.20829576194770064 0.14148681055155876 0.20784490532010821 0.13269384492406078 0.2037871956717764 0.12869704236610713 0.18575293056807937 0.1278976818545164 0.18214607754733994 0.15267785771382894 0.18169522091974755 0.1574740207833733 0.1848512173128945 0.16067146282973624
0 0.9422903516681695 0.6298960831334932 0.9467989179440939 0.6338928856914469 0.9531109107303878 0.6338928856914469 0.957619477006312 0.6219024780175859 0.9616771866546439 0.6163069544364509 0.9616771866546439 0.6051159072741806 0.9598737601442742 0.6003197442046363 0.9567177637511272 0.5979216626698641 0.9467989179440939 0.5979216626698641 0.9436429215509469 0.6019184652278178 0.9422903516681695 0.6091127098321344 0.9422903516681695 0.6298960831334932
0 0.6307484220018034 0.6099120703437251 0.6451758340847611 0.6091127098321344 0.6474301172227231 0.6059152677857713 0.6487826871055005 0.5987210231814549 0.6541929666366095 0.5907274180655476 0.6559963931469793 0.5819344524380495 0.6550946798917944 0.577937649880096 0.6487826871055005 0.5739408473221423 0.6339044183949504 0.5739408473221423 0.6293958521190262 0.5787370103916867 0.6289449954914338 0.6067146282973622 0.6307484220018034 0.6099120703437251
0 0.5189359783588818 0.3828936850519585 0.5270513976555455 0.38049560351718625 0.5302073940486925 0.36530775379696245 0.5302073940486925 0.35891286970423664 0.5266005410279532 0.35331734612310156 0.5225428313796213 0.35091926458832934 0.5139765554553652 0.35171862509992013 0.5117222723174031 0.3573141486810552 0.5121731289449956 0.38049560351718625 0.5189359783588818 0.3828936850519585
0 0.43913435527502254 0.6346922462030377 0.44183949504057707 0.6578737010391686 0.4495040577096483 0.6602717825739409 0.46393146979260597 0.6578737010391686 0.46393146979260597 0.6290967226219025 0.4571686203787196 0.6258992805755397 0.4409377817853923 0.6258992805755397 0.43913435527502254 0.6290967226219025 0.43913435527502254 0.6346922462030377
0 0.2587917042380523 0.19584332533972823 0.2651036970243463 0.19984012789768185 0.28268710550045084 0.2006394884092726 0.2871956717763751 0.18225419664268586 0.2862939585211903 0.15987210231814547 0.26149684400360684 0.1574740207833733 0.2578899909828674 0.16067146282973624 0.25743913435527505 0.1654676258992806 0.2569882777276826 0.1894484412470024 0.2587917042380523 0.19584332533972823
0 0.6176735798016231 0.41247002398081534 0.6230838593327321 0.4100719424460432 0.6235347159603246 0.3868904876099121 0.6163210099188459 0.38529176658673064 0.6018935978358882 0.390087929656275 0.6023444544634806 0.41167066346922465 0.6176735798016231 0.41247002398081534
0 0.6023444544634806 0.6091127098321344 0.6131650135256989 0.6099120703437251 0.6163210099188459 0.6067146282973622 0.6172227231740307 0.5875299760191847 0.6158701532912535 0.5843325339728218 0.6045987376014428 0.5835331734612311 0.6009918845807034 0.5875299760191847 0.6005410279531108 0.6059152677857713 0.6023444544634806 0.6091127098321344
0 0.6086564472497746 0.10551558752997602 0.6321009918845808 0.1111111111111111 0.636609558160505 0.10871302957633892 0.6402164111812444 0.06634692246203039 0.6379621280432822 0.05915267785771383 0.633453561767358 0.05595523581135092 0.6163210099188459 0.05595523581135092 0.609107303877367 0.059952038369304565 0.6077547339945897 0.06954436450839328 0.6073038773669973 0.10071942446043165 0.6086564472497746 0.10551558752997602