0 0.3331830477908025 0.7793764988009593 0.34490532010820557 0.7897681854516387 0.3480613165013526 0.7881694644284573 0.3507664562669071 0.7817745803357314 0.34986474301172227 0.7745803357314149 0.33949504057709645 0.7649880095923263 0.33498647430117223 0.765787370103917 0.3318304779080253 0.7721822541966427 0.3313796212804328 0.7753796962430056 0.3331830477908025 0.7793764988009593
0 0.26194770063119927 0.9480415667466028 0.2655545536519387 0.9504396482813751 0.2903516681695221 0.9512390087929657 0.2939585211902615 0.9488409272581935 0.2971145175834085 0.9424460431654678 0.2971145175834085 0.938449240607514 0.29531109107303877 0.9352517985611511 0.2871956717763751 0.9320543565147882 0.260595130748422 0.9320543565147882 0.25969341749323716 0.9424460431654678 0.26194770063119927 0.9480415667466028
0 0.569882777276826 0.4292565947242206 0.5784490532010821 0.4356514788169465 0.5852119026149685 0.43804956035171866 0.587917042380523 0.43085531574740216 0.5865644724977458 0.42286171063149486 0.5811541929666366 0.416466826538769 0.5743913435527502 0.4140687450039968 0.5689810640216412 0.42046362909672264 0.5685302073940487 0.4260591526778577 0.569882777276826 0.4292565947242206
0 0 0.6858513189448442 0 0.697841726618705 0.014878268710550046 0.7090327737809753 0.01848512173128945 0.7074340527577938 0.022091974752028856 0.6986410871302958 0.02254283137962128 0.6930455635491607 0.007664562669071236 0.6778577138289369 0.003606853020739405 0.6786570743405277 0.002254283137962128 0.6842525979216627 0 0.6858513189448442
0 0.2822362488728584 0.7370103916866507 0.2871956717763751 0.7394084732214229 0.2894499549143373 0.7378097521982414 0.2966636609558161 0.7226219024780176 0.3034265103697024 0.6994404476418865 0.30162308385933273 0.6930455635491607 0.2966636609558161 0.6850519584332534 0.2921550946798918 0.6810551558752997 0.2871956717763751 0.6810551558752997 0.28268710550045084 0.6882494004796164 0.2745716862037872 0.7162270183852918 0.27366997294860235 0.7258193445243806 0.2822362488728584 0.7370103916866507
0 0.8872858431018936 0.07673860911270983 0.890892696122633 0.07673860911270983 0.8935978358881875 0.07354116706634693 0.8976555455365194 0.0639488409272582 0.8976555455365194 0.05915267785771383 0.8954012623985572 0.055155875299760196 0.8845807033363391 0.04636290967226219 0.8818755635707846 0.04636290967226219 0.8778178539224527 0.05675459632294165 0.8773669972948602 0.0671462829736211 0.8872858431018936 0.07673860911270983
0 0.14562669071235346 0.8457234212629897 0.14743011722272317 0.8489208633093526 0.16907123534715962 0.862509992006395 0.17177637511271418 0.8601119104716227 0.17853922452660054 0.841726618705036 0.18214607754733994 0.8233413269384493 0.1825969341749324 0.8137490007993605 0.17177637511271418 0.8033573141486812 0.15779981965734896 0.8017585931254997 0.15238954012623987 0.806554756195044 0.14743011722272317 0.8249400479616307 0.14562669071235346 0.8377298161470824 0.14562669071235346 0.8457234212629897
0 0.639765554553652 0.9896083133493206 0.6438232642019839 0.9896083133493206 0.6645626690712354 0.9776179056754596 0.6672678088367898 0.973621103117506 0.6672678088367898 0.9688249400479617 0.6659152389540126 0.9640287769784173 0.6618575293056808 0.9632294164668266 0.6375112714156899 0.9768185451638689 0.6379621280432822 0.9872102318145485 0.639765554553652 0.9896083133493206
0 0.2980162308385933 0.6850519584332534 0.30477908025247974 0.6970423661071143 0.3160504959422904 0.7074340527577938 0.3196573489630297 0.7066346922462031 0.32777276825969337 0.6962430055955237 0.3322813345356177 0.6818545163868905 0.3318304779080253 0.6690647482014389 0.32146077547339946 0.6586730615507593 0.31785392245266003 0.64828137490008 0.3155996393146979 0.6466826538768985 0.3011722272317403 0.6602717825739409 0.2975653742110009 0.6706634692246204 0.2966636609558161 0.6802557953637091 0.2980162308385933 0.6850519584332534
0 0.6262398557258791 0.4796163069544365 0.6402164111812444 0.47641886490807356 0.6429215509467989 0.47002398081534774 0.6393146979260594 0.4668265387689848 0.6330027051397656 0.4668265387689848 0.6217312894499549 0.469224620303757 0.6190261496844004 0.47242206235011996 0.6194770063119928 0.4796163069544365 0.6262398557258791 0.4796163069544365
0 0.1920649233543733 0.2685851318944844 0.20288548241659152 0.2701838529176659 0.21009918845807032 0.2621902478017586 0.21415689810640218 0.24460431654676262 0.21055004508566277 0.24060751398880897 0.1920649233543733 0.23820943245403678 0.18935978358881875 0.24060751398880897 0.18755635707844906 0.2470023980815348 0.18755635707844906 0.25819344524380494 0.1920649233543733 0.2685851318944844
0 0.12623985572587917 0.5795363709032775 0.14743011722272317 0.6011191047162271 0.151487826871055 0.5987210231814549 0.1582506762849414 0.574740207833733 0.1510369702434626 0.5611510791366906 0.13706041478809738 0.5467625899280576 0.13345356176735798 0.5467625899280576 0.12939585211902616 0.5531574740207834 0.1248872858431019 0.5707434052757794 0.12443642921550947 0.574740207833733 0.12623985572587917 0.5795363709032775
0 0.6045987376014428 0.460431654676259 0.609107303877367 0.4596322941646683 0.6118124436429215 0.44924060751398887 0.609107303877367 0.4396482813749001 0.5987376014427412 0.4356514788169465 0.5919747520288549 0.44364508393285373 0.5924256086564473 0.44924060751398887 0.6045987376014428 0.460431654676259
0 0.9174932371505862 0.1278976818545164 0.9251577998196574 0.12869704236610713 0.936429215509468 0.1135091926458833 0.9386834986474301 0.10071942446043165 0.9350766456266908 0.09512390087929656 0.9179440937781785 0.08952837729816147 0.9134355275022543 0.09432454036770584 0.9089269612263301 0.1111111111111111 0.9093778178539225 0.12310151878497202 0.9174932371505862 0.1278976818545164
0 0.6370604147880974 0.9672262190247802 0.6402164111812444 0.9664268585131894 0.6623083859332732 0.9544364508393286 0.6641118124436429 0.9496402877697842 0.6636609558160506 0.9432454036770584 0.6618575293056808 0.9392486011191048 0.657799819657349 0.9400479616306955 0.6343552750225429 0.9544364508393286 0.6348061316501352 0.9632294164668266 0.6370604147880974 0.9672262190247802
0 0.60595130748422 0.938449240607514 0.6406672678088369 0.915267785771383 0.6420198376916141 0.9112709832134293 0.6411181244364292 0.9040767386091128 0.6325518485121732 0.9040767386091128 0.608205590622182 0.9176658673061552 0.6009918845807034 0.9240607513988809 0.6023444544634806 0.938449240607514 0.60595130748422 0.938449240607514
0 0.3534715960324617 0.6514788169464429 0.357980162308386 0.6530775379696243 0.36113615870153287 0.64828137490008 0.36113615870153287 0.6434852118305356 0.35933273219116324 0.6402877697841727 0.34265103697024346 0.6258992805755397 0.33859332732191166 0.6266986410871304 0.33724075743913434 0.6298960831334932 0.33814247069431924 0.6370903277378098 0.3534715960324617 0.6514788169464429
0 0.42651036970243467 0.1374900079936051 0.4522091974752029 0.1310951239008793 0.45626690712353474 0.1278976818545164 0.4571686203787196 0.12470023980815349 0.45761947700631195 0.09832134292565947 0.45626690712353474 0.0959232613908873 0.4504057709648332 0.0959232613908873 0.4341749323715059 0.10231814548361312 0.42515779981965734 0.1015187849720224 0.42110009017132555 0.10951239008792966 0.42110009017132555 0.12869704236610713 0.42651036970243467 0.1374900079936051
0 0.6325518485121732 0.9432454036770584 0.6393146979260594 0.9424460431654678 0.6573489630297565 0.9320543565147882 0.6591523895401262 0.9264588329336532 0.6587015329125337 0.9176658673061552 0.6541929666366095 0.9168665067945644 0.6307484220018034 0.9320543565147882 0.6307484220018034 0.9392486011191048 0.6325518485121732 0.9432454036770584
0 0.2623985572587917 0.9760191846522782 0.2696122633002705 0.9744204636290967 0.2727682596934175 0.9664268585131894 0.2723174030658251 0.9600319744204637 0.26825969341749323 0.9552358113509193 0.26149684400360684 0.9560351718625101 0.2578899909828674 0.9624300559552359 0.2583408476104599 0.9728217426059154 0.2623985572587917 0.9760191846522782
0 0.6415689810640216 0.9040767386091128 0.6438232642019839 0.9136690647482014 0.6519386834986475 0.9112709832134293 0.6564472497745717 0.9040767386091128 0.6559963931469793 0.8968824940047961 0.6541929666366095 0.8952837729816148 0.6433724075743913 0.8992805755395684 0.6415689810640216 0.9008792965627499 0.6415689810640216 0.9040767386091128