0 0.1988277727682597 0.6586730615507593 0.20018034265103696 0.6610711430855316 0.21100090171325517 0.6650679456434853 0.22678088367899008 0.6658673061550759 0.2290351668169522 0.6642685851318945 0.23128944995491435 0.6578737010391686 0.23038773669972948 0.6506794564348523 0.22046889089269614 0.6458832933653078 0.20559062218214608 0.6458832933653078 0.20018034265103696 0.64828137490008 0.1988277727682597 0.6506794564348523 0.1988277727682597 0.6586730615507593
0 0.4927862939585212 0.6171063149480416 0.5081154192966637 0.6171063149480416 0.5117222723174031 0.6051159072741806 0.5117222723174031 0.592326139088729 0.5090171325518486 0.586730615507594 0.4959422903516682 0.5851318944844125 0.49368800721370604 0.5875299760191847 0.4914337240757439 0.595523581135092 0.49098286744815145 0.6139088729016786 0.4927862939585212 0.6171063149480416
0 0.34220018034265104 0.6874500399680257 0.34761045987376016 0.6922462030375699 0.36113615870153287 0.6930455635491607 0.3629395852119026 0.6922462030375699 0.3647430117222723 0.6858513189448442 0.36113615870153287 0.6810551558752997 0.34445446348061315 0.6802557953637091 0.3417493237150586 0.6818545163868905 0.34220018034265104 0.6874500399680257
0 0.5617673579801623 0.4708233413269384 0.566726780883679 0.4756195043964829 0.5807033363390443 0.4756195043964829 0.5834084761045988 0.47242206235011996 0.5843101893597836 0.4668265387689848 0.5838593327321911 0.46282973621103124 0.5802524797114518 0.4588329336530776 0.5707844905320109 0.45803357314148685 0.5613165013525699 0.46203037569944044 0.560414788097385 0.4668265387689848 0.5617673579801623 0.4708233413269384
0 0.8106402164111812 0.8313349320543566 0.8358881875563571 0.8377298161470824 0.8476104598737602 0.8369304556354917 0.8516681695220919 0.8353317346123101 0.8539224526600542 0.8313349320543566 0.8525698827772769 0.8113509192645884 0.8489630297565375 0.806554756195044 0.8426510369702435 0.8041566746602719 0.8417493237150586 0.7953637090327739 0.8394950405770965 0.7921662669864108 0.8115419296663661 0.7897681854516387 0.8101893597835889 0.7913669064748201 0.8088367899008116 0.8025579536370904 0.8074842200180342 0.82414068745004 0.8106402164111812 0.8313349320543566
0 0.06988277727682597 0.27258193445243806 0.08701532912533815 0.2733812949640288 0.09107303877366997 0.2701838529176659 0.09422903516681697 0.2621902478017586 0.09422903516681697 0.25819344524380494 0.08972046889089269 0.2533972821742606 0.06447249774571685 0.2517985611510791 0.059963931469792606 0.2541966426858513 0.060414788097385035 0.26938449240607515 0.06988277727682597 0.27258193445243806
0 0.8845807033363391 0.6746602717825739 0.89404869251578 0.6738609112709832 0.8963029756537422 0.6650679456434853 0.897204688908927 0.6298960831334932 0.8958521190261496 0.627498001598721 0.8850315599639315 0.6250999200639489 0.871956717763751 0.6258992805755397 0.8692515779981966 0.636290967226219 0.8692515779981966 0.6714628297362111 0.8845807033363391 0.6746602717825739
0 0.23309287646528404 0.6091127098321344 0.24165915238954014 0.6123101518784972 0.2533814247069432 0.6123101518784972 0.2587917042380523 0.60431654676259 0.2601442741208296 0.5931254996003198 0.2587917042380523 0.5819344524380495 0.2344454463480613 0.577937649880096 0.23264201983769162 0.5827338129496403 0.23083859332732193 0.6051159072741806 0.23309287646528404 0.6091127098321344
0 0.6433724075743913 0.7410071942446044 0.6614066726780884 0.7434052757793765 0.6672678088367898 0.7410071942446044 0.6686203787195673 0.7162270183852918 0.6672678088367898 0.7122302158273383 0.6627592425608656 0.7082334132693845 0.6433724075743913 0.7074340527577938 0.6411181244364292 0.718625099920064 0.6406672678088369 0.7338129496402878 0.6433724075743913 0.7410071942446044
0 0.02254283137962128 0.701039168665068 0.033363390441839495 0.7002398081534772 0.03651938683498648 0.695443645083933 0.03742110009017133 0.6906474820143885 0.04012623985572588 0.6498800959232613 0.021190261496844002 0.6458832933653078 0.01848512173128945 0.6506794564348523 0.01848512173128945 0.6986410871302958 0.02254283137962128 0.701039168665068
0 0.28043282236248873 0.21662669864108713 0.2921550946798918 0.22062350119904078 0.3011722272317403 0.22062350119904078 0.30522993688007216 0.21582733812949642 0.3065825067628494 0.20463629096722624 0.3065825067628494 0.19744204636290968 0.30522993688007216 0.1950439648281375 0.28539224526600543 0.1918465227817746 0.2813345356176736 0.19424460431654678 0.27908025247971147 0.19984012789768185 0.27862939585211904 0.21342925659472425 0.28043282236248873 0.21662669864108713
0 0.31109107303877365 0.6091127098321344 0.3318304779080253 0.6099120703437251 0.3336339044183949 0.6059152677857713 0.3345356176735798 0.5683453237410072 0.3327321911632101 0.5643485211830536 0.32867448151487827 0.5627498001598722 0.31244364292155097 0.5635491606714629 0.31018935978358886 0.574740207833733 0.3097385031559964 0.5875299760191847 0.30928764652840396 0.6019184652278178 0.31109107303877365 0.6091127098321344
0 0.1266907123534716 0.2533972821742606 0.1460775473399459 0.2565947242206235 0.1510369702434626 0.2565947242206235 0.15509467989179443 0.2533972821742606 0.15554553651938682 0.2478017585931255 0.15284039675383226 0.24460431654676262 0.15193868349864742 0.23980815347721826 0.151487826871055 0.2126298960831335 0.14337240757439135 0.2094324540367706 0.1289449954914337 0.20863309352517986 0.12443642921550947 0.21342925659472425 0.12398557258791705 0.2414068745003997 0.1266907123534716 0.2533972821742606
0 0.8097385031559965 0.2765787370103917 0.8210099188458071 0.2805755395683453 0.8318304779080252 0.2789768185451639 0.8354373309287646 0.26458832933653076 0.8331830477908025 0.25739408473221426 0.8282236248872858 0.2557953637090328 0.8133453561767359 0.2565947242206235 0.8101893597835889 0.25819344524380494 0.8083859332732191 0.2621902478017586 0.8079350766456267 0.27098321342925663 0.8097385031559965 0.2765787370103917
0 0 0.7242206235011991 0.004508566275924256 0.718625099920064 0.0063119927862939585 0.7018385291766587 0.006762849413886384 0.6626698641087131 0.0063119927862939585 0.6586730615507593 0.003606853020739405 0.657074340527578 0 0.6602717825739409 0 0.7242206235011991
0 0.16050495942290352 0.5883293365307755 0.16050495942290352 0.565947242206235 0.14697926059513075 0.5635491606714629 0.14472497745716864 0.5699440447641887 0.1442741208295762 0.5883293365307755 0.16050495942290352 0.5883293365307755
0 0.19792605951307485 0.7226219024780176 0.20694319206492334 0.7234212629896084 0.21100090171325517 0.7194244604316546 0.21100090171325517 0.7122302158273383 0.2096483318304779 0.709832134292566 0.19702434625788998 0.709832134292566 0.19657348963029758 0.7202238209432456 0.19792605951307485 0.7226219024780176
0 0.8552750225428314 0.19024780175859313 0.8724075743913436 0.1894484412470024 0.8746618575293057 0.16786570743405277 0.8742110009017132 0.14708233413269386 0.8706041478809738 0.14308553157474022 0.8611361587015329 0.14388489208633096 0.8552750225428314 0.1574740207833733 0.8543733092876465 0.16866506794564348 0.8539224526600542 0.18625099920063948 0.8552750225428314 0.19024780175859313
0 0.3692515779981966 0.04476418864908074 0.3796212804328224 0.04156674660271783 0.38322813345356177 0.0319744204636291 0.3823264201983769 0.02158273381294964 0.37556357078449054 0.015187849720223821 0.3701532912533814 0.01598721023181455 0.3669972948602344 0.02717825739408473 0.3669972948602344 0.03996802557953637 0.3692515779981966 0.04476418864908074
0 0.9900811541929667 0.3581135091926459 0.9995491433724076 0.3581135091926459 0.9995491433724076 0.3205435651478817 0.9914337240757439 0.3213429256594725 0.9851217312894499 0.3317346123101519 0.9855725879170424 0.35411670663469225 0.9900811541929667 0.3581135091926459
0 0.2096483318304779 0.6810551558752997 0.21370604147880973 0.6754596322941646 0.21325518485121733 0.6690647482014389 0.21009918845807032 0.6650679456434853 0.1988277727682597 0.6674660271782575 0.19927862939585214 0.6802557953637091 0.2096483318304779 0.6810551558752997
0 0.23760144274120829 0.02877697841726619 0.2511271415689811 0.03357314148681055 0.2623985572587917 0.03357314148681055 0.2655545536519387 0.02557953637090328 0.26645626690712354 0.007993605115907274 0.2651036970243463 0.00639488409272582 0.23624887285843102 0.00319744204636291 0.23264201983769162 0.008792965627498003 0.2321911632100992 0.02238209432454037 0.23760144274120829 0.02877697841726619
0 0.34580703336339047 0.7258193445243806 0.369702434625789 0.7274180655475619 0.37285843101893595 0.7266187050359713 0.3751127141568981 0.7210231814548362 0.37466185752930564 0.7162270183852918 0.37150586113615874 0.7138289368505196 0.34986474301172227 0.7114308553157473 0.33949504057709645 0.7138289368505196 0.33949504057709645 0.7226219024780176 0.34580703336339047 0.7258193445243806
0 0.4891794409377818 0.6546762589928058 0.5081154192966637 0.6546762589928058 0.5117222723174031 0.6466826538768985 0.5139765554553652 0.6330935251798562 0.5135256988277728 0.6258992805755397 0.5117222723174031 0.6227018385291766 0.4914337240757439 0.6187050359712231 0.48692515779981965 0.6290967226219025 0.4842200180342651 0.6506794564348523 0.4891794409377818 0.6546762589928058
0 0.08160504959422904 0.07434052757793765 0.09963931469792607 0.07434052757793765 0.10279531109107304 0.06874500399680256 0.1036970243462579 0.05435651478816946 0.1018935978358882 0.04876099120703437 0.087917042380523 0.04796163069544365 0.07980162308385934 0.05275779376498801 0.0793507664562669 0.0671462829736211 0.08160504959422904 0.07434052757793765
0 0.7119026149684401 0.2997601918465228 0.7263300270513976 0.30135891286970423 0.729936880072137 0.2965627498001599 0.7317403065825068 0.27737809752198245 0.7276825969341749 0.2741806554756195 0.7150586113615871 0.2741806554756195 0.7119026149684401 0.2765787370103917 0.7105500450856627 0.28377298161470826 0.7100991884580703 0.293365307753797 0.7119026149684401 0.2997601918465228
0 0.587917042380523 0.09112709832134293 0.6005410279531108 0.09192645883293366 0.6036970243462578 0.08792965627498003 0.6055004508566276 0.0671462829736211 0.6023444544634806 0.05755395683453238 0.59107303877367 0.05675459632294165 0.5874661857529305 0.05915267785771383 0.5861136158701533 0.06554756195043965 0.5856627592425608 0.07354116706634693 0.587917042380523 0.09112709832134293
0 0.7389540126239856 0.3069544364508393 0.7466185752930569 0.31175059952038375 0.7547339945897205 0.31095123900879296 0.7569882777276826 0.3069544364508393 0.7592425608656448 0.293365307753797 0.75834084761046 0.2853717026378897 0.7452660054102795 0.2821742605915268 0.7385031559963932 0.28457234212629895 0.7376014427412083 0.302158273381295 0.7389540126239856 0.3069544364508393
0 0.2146077547339946 0.7450039968025579 0.23850315599639313 0.7490007993605117 0.2479711451758341 0.7442046362909672 0.2484220018034265 0.7266187050359713 0.24526600541027954 0.7226219024780176 0.22091974752028853 0.7194244604316546 0.2168620378719567 0.7202238209432456 0.21325518485121733 0.7242206235011991 0.21280432822362488 0.7418065547561951 0.2146077547339946 0.7450039968025579