0 0.9738503155996393 0.07114308553157474 0.9810640216411182 0.07354116706634693 0.9842200180342651 0.07034372501998402 0.9842200180342651 0.06554756195043965 0.9806131650135257 0.06155075939248601 0.9684400360685302 0.055155875299760196 0.9652840396753832 0.05595523581135092 0.9652840396753832 0.06314948041566747 0.9738503155996393 0.07114308553157474
0 0.7899008115419297 0.6746602717825739 0.7894499549143373 0.6714628297362111 0.7880973850315599 0.6746602717825739 0.7899008115419297 0.6746602717825739
0 0.7696122633002704 0.6466826538768985 0.7840396753832282 0.6602717825739409 0.793507664562669 0.6618705035971224 0.796663660955816 0.6578737010391686 0.7971145175834086 0.6506794564348523 0.7908025247971145 0.6434852118305356 0.7691614066726781 0.6306954436450839 0.7651036970243462 0.636290967226219 0.7655545536519388 0.6466826538768985 0.7696122633002704 0.6466826538768985
0 0.21731289449954916 0.32693844924060755 0.22407574391343554 0.32773780975219824 0.23669972948602347 0.32454036770583533 0.24526600541027954 0.31974420463629094 0.24571686203787196 0.30375699440447645 0.24346257889990983 0.2741806554756195 0.24165915238954014 0.27098321342925663 0.21550946798917944 0.2797761790567546 0.21550946798917944 0.3181454836131095 0.21731289449954916 0.32693844924060755
0 0.9422903516681695 0.05355715427657874 0.9508566275924257 0.0583533173461231 0.9598737601442742 0.06314948041566747 0.9634806131650135 0.06155075939248601 0.9648331830477908 0.0583533173461231 0.9634806131650135 0.05275779376498801 0.954463480613165 0.04636290967226219 0.9472497745716862 0.04316546762589928 0.9400360685302074 0.04476418864908074 0.939585211902615 0.04876099120703437 0.9422903516681695 0.05355715427657874
0 0.806131650135257 0.5563549160671463 0.8124436429215509 0.5571542765787371 0.8214607754733995 0.5523581135091926 0.824165915238954 0.5435651478816946 0.8210099188458071 0.5411670663469225 0.8124436429215509 0.5419664268585133 0.8047790802524797 0.5475619504396483 0.8043282236248873 0.5523581135091926 0.806131650135257 0.5563549160671463
0 0.8453561767357981 0.29896083133493206 0.8489630297565375 0.29896083133493206 0.871956717763751 0.28617106314948043 0.8733092876465285 0.2821742605915268 0.8733092876465285 0.27258193445243806 0.8692515779981966 0.26618705035971224 0.8620378719567178 0.26538768984812156 0.8458070333633905 0.27577937649880097 0.8422001803426511 0.2805755395683453 0.8426510369702435 0.29576338928856916 0.8453561767357981 0.29896083133493206
0 0.18620378719567177 0.33733013589128696 0.19116321009918846 0.33812949640287776 0.21370604147880973 0.3309352517985612 0.21550946798917944 0.32773780975219824 0.21325518485121733 0.2821742605915268 0.2096483318304779 0.2805755395683453 0.1848512173128945 0.28936850519584334 0.1848512173128945 0.32454036770583533 0.18620378719567177 0.33733013589128696
0 0.8814247069431921 0.31175059952038375 0.8872858431018936 0.31015187849720227 0.8935978358881875 0.2997601918465228 0.8935978358881875 0.29256594724220625 0.8899909828674482 0.2853717026378897 0.8832281334535618 0.2853717026378897 0.8769161406672679 0.29176658673061556 0.8764652840396754 0.29896083133493206 0.8814247069431921 0.31175059952038375
0 0.8101893597835889 0.17346123101518784 0.8345356176735799 0.17026378896882494 0.8426510369702435 0.17186250999200642 0.8530207394048693 0.16786570743405277 0.8561767357980163 0.16227018385291767 0.8557258791704238 0.14708233413269386 0.8525698827772769 0.14468425259792167 0.8124436429215509 0.14948041566746603 0.8065825067628495 0.1542765787370104 0.8065825067628495 0.17026378896882494 0.8101893597835889 0.17346123101518784
0 0.7682596934174932 0.6658673061550759 0.7858431018935979 0.6786570743405277 0.7889990982867447 0.6786570743405277 0.7908025247971145 0.6754596322941646 0.7908025247971145 0.6690647482014389 0.7858431018935979 0.6626698641087131 0.7696122633002704 0.6506794564348523 0.7614968440036068 0.6506794564348523 0.7619477006311993 0.6594724220623502 0.7682596934174932 0.6658673061550759
0 0.7150586113615871 0.5099920063948842 0.7204688908926962 0.513189448441247 0.7249774571686204 0.5091926458832934 0.7308385933273219 0.48840927258193445 0.733092876465284 0.47322142286171065 0.7276825969341749 0.46203037569944044 0.7204688908926962 0.45803357314148685 0.7123534715960325 0.44844124700239807 0.706492335437331 0.44684252597921664 0.7037871956717764 0.4532374100719425 0.7024346257889991 0.4708233413269384 0.6979260595130748 0.48441247002398086 0.6983769161406672 0.49160671462829736 0.7150586113615871 0.5099920063948842
0 0.7655545536519388 0.6818545163868905 0.7754733994589721 0.689048760991207 0.7795311091073039 0.689048760991207 0.7808836789900812 0.6858513189448442 0.7790802524797115 0.6778577138289369 0.7718665464382326 0.6714628297362111 0.7655545536519388 0.6666666666666666 0.7619477006311993 0.6698641087130296 0.7619477006311993 0.6762589928057555 0.7655545536519388 0.6818545163868905
0 0.9526600541027953 0.09192645883293366 0.9648331830477908 0.09192645883293366 0.9688908926961226 0.0903277378097522 0.9702434625789 0.08713029576338929 0.9702434625789 0.08233413269384492 0.9679891794409378 0.07993605115907274 0.9499549143372408 0.0815347721822542 0.9495040577096483 0.08633093525179857 0.9526600541027953 0.09192645883293366
0 0.18530207394048692 0.3341326938449241 0.18710550045085664 0.33812949640287776 0.23669972948602347 0.32454036770583533 0.24391343552750228 0.3213429256594725 0.24571686203787196 0.31734612310151883 0.24481514878268712 0.28936850519584334 0.24346257889990983 0.27577937649880097 0.2412082957619477 0.27098321342925663 0.1848512173128945 0.28936850519584334 0.1848512173128945 0.3253397282174261 0.18530207394048692 0.3341326938449241