0 0.8322813345356176 0.16067146282973624 0.8584310189359784 0.1830535571542766 0.8651938683498648 0.18225419664268586 0.8701532912533815 0.1750599520383693 0.872858431018936 0.15267785771382894 0.8660955816050496 0.14388489208633096 0.8422001803426511 0.12549960031974422 0.8345356176735799 0.12709832134292565 0.8309287646528404 0.13828936850519585 0.8282236248872858 0.1542765787370104 0.8322813345356176 0.16067146282973624
0 0.7195671776375113 0.0407673860911271 0.7245266005410279 0.04636290967226219 0.7376014427412083 0.05435651478816946 0.7412082957619477 0.04876099120703437 0.7470694319206492 0.023181454836131096 0.7457168620378719 0.014388489208633094 0.7376014427412083 0.005595523581135092 0.7317403065825068 0.00319744204636291 0.7195671776375113 0.004796163069544364 0.7155094679891795 0.009592326139088728 0.7141568981064021 0.017585931254996006 0.7141568981064021 0.02877697841726619 0.7195671776375113 0.0407673860911271
0 0.0063119927862939585 0.24940047961630699 0.01848512173128945 0.2621902478017586 0.02254283137962128 0.2589928057553957 0.030658250676284943 0.24460431654676262 0.03291253381424707 0.23741007194244604 0.032461677186654644 0.2294164668265388 0.015779981965734897 0.21582733812949642 0.01036970243462579 0.21742605915267785 0.004508566275924256 0.23421262989608316 0.0040577096483318306 0.24300559552358114 0.0063119927862939585 0.24940047961630699
0 0.7660054102795312 0.4876099120703437 0.7759242560865645 0.4940047961630696 0.7808836789900812 0.49160671462829736 0.7876465284039675 0.48121502797761795 0.7862939585211903 0.4740207833733014 0.7835888187556357 0.47002398081534774 0.7727682596934174 0.4612310151878497 0.7687105500450856 0.46203037569944044 0.7646528403967539 0.47322142286171065 0.763751127141569 0.4836131095123901 0.7660054102795312 0.4876099120703437
0 0.7889990982867447 0.7338129496402878 0.7993688007213706 0.7426059152677859 0.8106402164111812 0.7266187050359713 0.8115419296663661 0.7202238209432456 0.8074842200180342 0.704236610711431 0.7975653742110009 0.697841726618705 0.7926059513074842 0.6994404476418865 0.7889990982867447 0.7058353317346123 0.7871956717763752 0.7162270183852918 0.7867448151487827 0.7266187050359713 0.7889990982867447 0.7338129496402878
0 0.24030658250676284 0.7897681854516387 0.2520288548241659 0.7929656274980017 0.2583408476104599 0.7881694644284573 0.2610459873760144 0.7633892885691447 0.25969341749323716 0.7434052757793765 0.25473399458972046 0.7394084732214229 0.25067628494138866 0.7402078337330137 0.2412082957619477 0.7474020783373301 0.23850315599639313 0.756994404476419 0.23760144274120829 0.7785771382893686 0.24030658250676284 0.7897681854516387
0 0.002705139765554554 0.48201438848920863 0.01127141568981064 0.49000799360511593 0.018034265103697024 0.4876099120703437 0.02254283137962128 0.47322142286171065 0.02254283137962128 0.469224620303757 0.020288548241659154 0.46442845723421267 0.013074842200180344 0.4572342126298961 0.008566275924256087 0.4572342126298961 0.0040577096483318306 0.46522781774580335 0.002254283137962128 0.4748201438848921 0.002705139765554554 0.48201438848920863
0 0.25293056807935077 0.416466826538769 0.2556357078449053 0.4172661870503597 0.2601442741208296 0.41167066346922465 0.2651036970243463 0.4100719424460432 0.2673579801623084 0.40447641886490815 0.2655545536519387 0.39728217426059154 0.25473399458972046 0.3876898481215028 0.25067628494138866 0.3876898481215028 0.24706943192064923 0.3908872901678657 0.24752028854824168 0.4092725819344525 0.25293056807935077 0.416466826538769
0 0.016681695220919748 0.6227018385291766 0.022091974752028856 0.6250999200639489 0.02614968440036069 0.6203037569944045 0.029756537421100092 0.5987210231814549 0.027502254283137965 0.5915267785771383 0.024346257889990983 0.5875299760191847 0.016230838593327322 0.5819344524380495 0.012173128944995492 0.5819344524380495 0.005410279531109108 0.586730615507594 0.002254283137962128 0.595523581135092 0.002705139765554554 0.6059152677857713 0.016681695220919748 0.6227018385291766
0 0.018935978358881875 0.2014388489208633 0.027051397655545536 0.21103117505995203 0.030207394048692517 0.21023181454836132 0.03651938683498648 0.19424460431654678 0.0351668169522092 0.1894484412470024 0.027051397655545536 0.1830535571542766 0.024346257889990983 0.1838529176658673 0.02073940486925158 0.1894484412470024 0.01848512173128945 0.19744204636290968 0.018935978358881875 0.2014388489208633
0 0.4008115419296664 0.5667466027178258 0.42425608656447256 0.574740207833733 0.42741208295761945 0.5739408473221423 0.4328223624887286 0.5643485211830536 0.43958521190261496 0.5315747402078338 0.436429215509468 0.5259792166266987 0.4292155094679892 0.5211830535571543 0.42110009017132555 0.5211830535571543 0.415238954012624 0.5243804956035172 0.4075743913435528 0.521982414068745 0.4035166816952209 0.5291766586730615 0.4035166816952209 0.5403677058353318 0.4075743913435528 0.5443645083932854 0.40892696122633004 0.5499600319744204 0.4003606853020739 0.5523581135091926 0.3981064021641118 0.5563549160671463 0.3981064021641118 0.5627498001598722 0.4008115419296664 0.5667466027178258
0 0.4003606853020739 0.9216626698641087 0.40396753832281335 0.9272581934452439 0.43913435527502254 0.9576338928856915 0.445897204688909 0.9544364508393286 0.4499549143372408 0.9464428457234213 0.45130748422001804 0.9400479616306955 0.4508566275924256 0.9304556354916067 0.44409377817853923 0.9248601119104717 0.44048692515779986 0.9184652278177459 0.4463480613165014 0.8968824940047961 0.4463480613165014 0.8896882494004797 0.44454463480613166 0.8848920863309353 0.42110009017132555 0.8649080735411672 0.4138863841298467 0.8633093525179857 0.41073038773669973 0.8657074340527579 0.40667267808836793 0.8737010391686652 0.4030658250676285 0.8912869704236611 0.4035166816952209 0.9000799360511591 0.4003606853020739 0.9216626698641087
0 0.2984670874661858 0.3573141486810552 0.30793507664562675 0.3669064748201439 0.3146979260595131 0.3661071143085532 0.31785392245266003 0.3581135091926459 0.3169522091974752 0.3493205435651479 0.30703336339044185 0.33733013589128696 0.3002705139765554 0.3397282174260592 0.2971145175834085 0.3493205435651479 0.2966636609558161 0.3525179856115108 0.2984670874661858 0.3573141486810552
0 0.1672678088367899 0.9520383693045564 0.17989179440937783 0.9608313349320544 0.1825969341749324 0.9608313349320544 0.18620378719567177 0.9552358113509193 0.18575293056807937 0.9496402877697842 0.16771866546438233 0.9336530775379696 0.16411181244364292 0.9320543565147882 0.16140667267808836 0.9352517985611511 0.16095581605049597 0.9440447641886491 0.1672678088367899 0.9520383693045564
0 0.059513074842200184 0.1366906474820144 0.06627592425608657 0.14148681055155876 0.0721370604147881 0.14068745003996805 0.08385933273219116 0.10631494804156676 0.08476104598737601 0.0903277378097522 0.08340847610459873 0.08633093525179857 0.07799819657348962 0.0815347721822542 0.06807935076645627 0.09192645883293366 0.062218214607754736 0.10951239008792966 0.058611361587015326 0.12709832134292565 0.058160504959422904 0.1334932054356515 0.059513074842200184 0.1366906474820144
0 0.29260595130748424 0.8361310951239008 0.2993688007213706 0.8361310951239008 0.30252479711451763 0.8289368505195844 0.29981965734896304 0.8233413269384493 0.28809738503155996 0.8169464428457234 0.27908025247971147 0.8169464428457234 0.2795311091073039 0.8257394084732215 0.29260595130748424 0.8361310951239008
0 0.08566275924256087 0.6682653876898482 0.09242560865644725 0.6698641087130296 0.09648331830477908 0.6642685851318945 0.10865644724977458 0.6282973621103117 0.11000901713255186 0.6195043964828137 0.10820559062218214 0.6147082334132695 0.09738503155996393 0.6067146282973622 0.09242560865644725 0.6003197442046363 0.087917042380523 0.5963229416466826 0.08295761947700632 0.595523581135092 0.07754733994589721 0.6027178257394085 0.07303877366997295 0.6163069544364509 0.06717763751127143 0.6434852118305356 0.06762849413886383 0.6522781774580336 0.08566275924256087 0.6682653876898482
0 0.11496844003606854 0.2901678657074341 0.11947700631199279 0.28617106314948043 0.12353471596032461 0.2741806554756195 0.12308385933273219 0.26298960831334933 0.11226330027051398 0.2557953637090328 0.10595130748422002 0.2557953637090328 0.10234445446348062 0.2637889688249401 0.10099188458070334 0.2805755395683453 0.11496844003606854 0.2901678657074341
0 0.03877366997294861 0.4540367705835332 0.05365193868349865 0.4636290967226219 0.058160504959422904 0.45643485211830537 0.06086564472497746 0.4452438049560352 0.06357078449053201 0.42206235011990406 0.06086564472497746 0.4188649080735412 0.04643823264201984 0.4172661870503597 0.03922452660054102 0.4276578737010392 0.03606853020739405 0.4372501998401279 0.03606853020739405 0.44684252597921664 0.03877366997294861 0.4540367705835332
0 0.02614968440036069 0.5075939248601119 0.0351668169522092 0.5123900879296562 0.03967538322813345 0.5115907274180655 0.04418394950405771 0.504396482813749 0.05049594229035167 0.4860111910471623 0.05275022542831379 0.4748201438848921 0.05184851217312895 0.4668265387689848 0.045536519386834985 0.460431654676259 0.03606853020739405 0.460431654676259 0.029305680793507663 0.4740207833733014 0.024346257889990983 0.4932054356514788 0.023895401262398558 0.5011990407673861 0.02614968440036069 0.5075939248601119
0 0.002705139765554554 0.1838529176658673 0.00721370604147881 0.18705035971223025 0.013525698827772768 0.18705035971223025 0.018935978358881875 0.17905675459632295 0.019837691614066726 0.16466826538768983 0.022091974752028856 0.15907274180655476 0.019386834986474304 0.15587529976019188 0.011722272317403066 0.1566746602717826 0.003606853020739405 0.16866506794564348 0.002254283137962128 0.17426059152677859 0.002705139765554554 0.1838529176658673
0 0.7844905320108205 0.34612310151878495 0.7899008115419297 0.3469224620303757 0.793507664562669 0.34372501998401284 0.796663660955816 0.3365307753796963 0.7948602344454464 0.3213429256594725 0.7894499549143373 0.3165467625899281 0.7844905320108205 0.3165467625899281 0.7808836789900812 0.32773780975219824 0.7804328223624887 0.34212629896083135 0.7844905320108205 0.34612310151878495
0 0.6717763751127143 0.2478017585931255 0.6889089269612263 0.26458832933653076 0.6965734896302976 0.26618705035971224 0.6997294860234445 0.26059152677857716 0.706492335437331 0.23741007194244604 0.7100991884580703 0.2222222222222222 0.7105500450856627 0.21342925659472425 0.7024346257889991 0.2030375699440448 0.6880072137060416 0.19424460431654678 0.6848512173128946 0.19824140687450043 0.6762849413886385 0.22462030375699443 0.6717763751127143 0.2414068745003997 0.6717763751127143 0.2478017585931255
0 0.5459873760144275 0.49800159872102323 0.5680793507664563 0.5051958433253397 0.5712353471596032 0.49720223820943243 0.5721370604147881 0.4860111910471623 0.5707844905320109 0.48121502797761795 0.5473399458972047 0.46282973621103124 0.5428313796212805 0.46282973621103124 0.5378719567177638 0.4748201438848921 0.5383228133453561 0.49000799360511593 0.5459873760144275 0.49800159872102323
0 0.2777276825969342 0.1135091926458833 0.2889990982867448 0.12310151878497202 0.2921550946798918 0.12310151878497202 0.29621280432822367 0.11830535571542766 0.3007213706041479 0.10791366906474821 0.3034265103697024 0.09992006394884093 0.30387736699729484 0.09112709832134293 0.2989179440937782 0.08473221422861711 0.28539224526600543 0.07673860911270983 0.27592425608656446 0.1015187849720224 0.27547339945897203 0.10951239008792966 0.2777276825969342 0.1135091926458833
0 0.8994589720468892 0.22861710631494805 0.9093778178539225 0.23820943245403678 0.9152389540126239 0.23980815347721826 0.9183949504057709 0.23820943245403678 0.9220018034265104 0.23101518784972022 0.9260595130748422 0.21742605915267785 0.9260595130748422 0.20863309352517986 0.9220018034265104 0.20223820943245407 0.9071235347159603 0.19264588329336532 0.903516681695221 0.19664268585131894 0.8985572587917042 0.21342925659472425 0.897204688908927 0.2214228617106315 0.8994589720468892 0.22861710631494805
0 0.6379621280432822 0.9352517985611511 0.6478809738503156 0.9408473221422862 0.6532912533814247 0.9408473221422862 0.6555455365193867 0.938449240607514 0.6564472497745717 0.9240607513988809 0.6438232642019839 0.906474820143885 0.6370604147880974 0.9056754596322941 0.6325518485121732 0.9160671462829737 0.6321009918845808 0.9256594724220625 0.6379621280432822 0.9352517985611511
0 0.32867448151487827 0.39408473221422863 0.3322813345356177 0.3908872901678657 0.33949504057709645 0.37250199840127896 0.33949504057709645 0.36930455635491605 0.3327321911632101 0.3629096722621903 0.32642019837691616 0.3613109512390088 0.32281334535617673 0.36530775379696245 0.3196573489630297 0.3749000799360512 0.3201082055906222 0.38848920863309355 0.32867448151487827 0.39408473221422863
0 0.3692515779981966 0.49160671462829736 0.38818755635707847 0.4932054356514788 0.39089269612263305 0.48201438848920863 0.3904418394950406 0.47641886490807356 0.38458070333633904 0.47322142286171065 0.366546438232642 0.47242206235011996 0.3642921550946799 0.4756195043964829 0.3647430117222723 0.4876099120703437 0.3692515779981966 0.49160671462829736
0 0.1339044183949504 0.17266187050359713 0.13706041478809738 0.16786570743405277 0.14292155094679893 0.14788169464428458 0.14337240757439135 0.1398880895283773 0.14156898106402163 0.13509192645883294 0.1375112714156898 0.13189448441247004 0.1284941388638413 0.13029576338928858 0.12308385933273219 0.1398880895283773 0.11947700631199279 0.1574740207833733 0.11947700631199279 0.16866506794564348 0.1339044183949504 0.17266187050359713
0 0.4855725879170424 0.23820943245403678 0.49368800721370604 0.24540367705835334 0.4995491433724076 0.2470023980815348 0.503155996393147 0.24460431654676262 0.5058611361587015 0.23900879296562752 0.5094679891794409 0.22302158273381298 0.5049594229035167 0.21023181454836132 0.49413886384129846 0.2006394884092726 0.48963029756537424 0.20623501199040767 0.4842200180342651 0.2270183852917666 0.4837691614066727 0.23421262989608316 0.4855725879170424 0.23820943245403678
0 0.5238954012623985 0.1374900079936051 0.5396753832281335 0.15027977617905677 0.5428313796212805 0.1486810551558753 0.5477908025247972 0.14068745003996805 0.5500450856627592 0.1334932054356515 0.5509467989179441 0.12070343725019984 0.5405770964833183 0.10711430855315748 0.5329125338142471 0.10391686650679458 0.5238954012623985 0.11590727418065548 0.5216411181244364 0.12549960031974422 0.5216411181244364 0.1334932054356515 0.5238954012623985 0.1374900079936051
0 0.11226330027051398 0.9320543565147882 0.12082957619477007 0.9392486011191048 0.1266907123534716 0.9376498800959233 0.13660955816050496 0.9112709832134293 0.13210099188458072 0.9016786570743406 0.13074842200180342 0.8880895283772982 0.12263300270513977 0.885691446842526 0.11677186654643823 0.8992805755395684 0.11136158701532912 0.9184652278177459 0.11045987376014427 0.9264588329336532 0.11226330027051398 0.9320543565147882
0 0.4688908926961226 0.9416466826538769 0.49098286744815145 0.959232613908873 0.496844003606853 0.9520383693045564 0.5058611361587015 0.929656274980016 0.5072137060414789 0.9216626698641087 0.5049594229035167 0.9144684252597922 0.5009017132551848 0.9104716227018386 0.478809738503156 0.897681854516387 0.47565374211000905 0.9016786570743406 0.4670874661857529 0.9320543565147882 0.4666366095581605 0.938449240607514 0.4688908926961226 0.9416466826538769
0 0.6920649233543733 0.029576338928856916 0.6965734896302976 0.029576338928856916 0.7042380522993689 0.013589128697042365 0.7069431920649234 0 0.6794409377817855 0 0.6780883678990081 0.007993605115907274 0.6780883678990081 0.019184652278177457 0.6920649233543733 0.029576338928856916
0 0.16862037871956717 0.9752198241406874 0.17493237150586113 0.9760191846522782 0.17853922452660054 0.9696243005595524 0.1762849413886384 0.9624300559552359 0.16816952209197475 0.9552358113509193 0.1618575293056808 0.9520383693045564 0.1582506762849414 0.9552358113509193 0.15779981965734896 0.9624300559552359 0.16862037871956717 0.9752198241406874
0 0.8489630297565375 0.5715427657873702 0.8525698827772769 0.5723421262989609 0.8606853020739406 0.5643485211830536 0.8638412984670875 0.5491606714628298 0.8557258791704238 0.5403677058353318 0.8521190261496844 0.5395683453237411 0.8489630297565375 0.5451638689048761 0.8462578899909828 0.5563549160671463 0.8462578899909828 0.5675459632294165 0.8489630297565375 0.5715427657873702
0 0.7714156898106402 0.42206235011990406 0.7912533814247069 0.4212629896083134 0.7944093778178539 0.4180655475619504 0.7953110910730388 0.41167066346922465 0.7953110910730388 0.40687450039968026 0.793507664562669 0.40367705835331735 0.7754733994589721 0.40367705835331735 0.7691614066726781 0.407673860911271 0.7682596934174932 0.416466826538769 0.7714156898106402 0.42206235011990406