0 0.7813345356176735 0.9728217426059154 0.7826871055004508 0.9968025579536371 0.7871956717763752 0.9992006394884093 0.7975653742110009 0.9952038369304558 0.7971145175834086 0.9728217426059154 0.793507664562669 0.9568345323741008 0.7908025247971145 0.9528377298161471 0.7858431018935979 0.9520383693045564 0.7799819657348963 0.9608313349320544 0.7790802524797115 0.9632294164668266 0.7813345356176735 0.9728217426059154
0 0.6086564472497746 0.39568345323741005 0.628043282236249 0.3876898481215028 0.6330027051397656 0.38049560351718625 0.630297565374211 0.3605115907274181 0.623985572587917 0.35171862509992013 0.6145175834084761 0.3525179856115108 0.6050495942290353 0.36370903277378097 0.6045987376014428 0.37729816147082335 0.6086564472497746 0.39568345323741005
0 0.524346257889991 0.13828936850519585 0.5374211000901714 0.1366906474820144 0.5405770964833183 0.13269384492406078 0.5414788097385032 0.1167066346922462 0.5396753832281335 0.11430855315747403 0.5324616771866546 0.1135091926458833 0.5256988277727683 0.11590727418065548 0.521190261496844 0.12230215827338131 0.521190261496844 0.13029576338928858 0.524346257889991 0.13828936850519585
0 0.3291253381424707 0.47641886490807356 0.33047790802524796 0.46203037569944044 0.32867448151487827 0.45483613109512394 0.32191163210099194 0.45483613109512394 0.3174030658250676 0.4596322941646683 0.31785392245266003 0.47641886490807356 0.3291253381424707 0.47641886490807356
0 0.7826871055004508 0.6842525979216627 0.7953110910730388 0.6826538768984812 0.8007213706041478 0.6738609112709832 0.8002705139765555 0.6498800959232613 0.796663660955816 0.642685851318945 0.7858431018935979 0.6474820143884892 0.7777276825969343 0.6602717825739409 0.7790802524797115 0.6754596322941646 0.7826871055004508 0.6842525979216627
0 0.5559062218214608 0.9832134292565947 0.5671776375112715 0.9808153477218226 0.5766456266907123 0.9728217426059154 0.5766456266907123 0.9560351718625101 0.5748422001803427 0.9528377298161471 0.5631199278629396 0.9552358113509193 0.5563570784490532 0.9600319744204637 0.5536519386834987 0.9664268585131894 0.5532010820559062 0.973621103117506 0.5559062218214608 0.9832134292565947
0 0.3954012623985573 0.7330135891286971 0.40892696122633004 0.7274180655475619 0.41118124436429215 0.7218225419664269 0.412082957619477 0.709832134292566 0.41073038773669973 0.7058353317346123 0.40667267808836793 0.7058353317346123 0.39269612263300274 0.7122302158273383 0.39089269612263305 0.7170263788968825 0.39089269612263305 0.7314148681055157 0.3954012623985573 0.7330135891286971
0 0.3827772768259694 0.5803357314148682 0.38818755635707847 0.5819344524380495 0.40622182146077546 0.5731414868105515 0.40802524797114514 0.5691446842525979 0.40802524797114514 0.5595523581135092 0.40486925157799825 0.5547561950439649 0.40216411181244366 0.5547561950439649 0.3818755635707845 0.5651478816946442 0.38097385031559966 0.5707434052757794 0.3827772768259694 0.5803357314148682
0 0.42155094679891797 0.5627498001598722 0.42560865644724977 0.5635491606714629 0.4355275022542831 0.5579536370903277 0.4368800721370604 0.5491606714628298 0.43507664562669074 0.5259792166266987 0.4296663660955816 0.5227817745803358 0.42155094679891797 0.5235811350919265 0.4197475202885482 0.5259792166266987 0.418394950405771 0.5515587529976019 0.42155094679891797 0.5627498001598722
0 0.6807935076645627 0.4212629896083134 0.6857529305680793 0.42286171063149486 0.6929666366095582 0.4172661870503597 0.693868349864743 0.407673860911271 0.6893597835888188 0.38609112709832133 0.6821460775473399 0.3828936850519585 0.675834084761046 0.3892885691446843 0.6753832281334536 0.39728217426059154 0.6807935076645627 0.4212629896083134
0 0.7578899909828674 0.709832134292566 0.7610459873760144 0.7122302158273383 0.7655545536519388 0.7114308553157473 0.7808836789900812 0.6994404476418865 0.7768259693417493 0.6818545163868905 0.7723174030658251 0.6762589928057555 0.7547339945897205 0.6858513189448442 0.7547339945897205 0.7018385291766587 0.7578899909828674 0.709832134292566
0 0.6393146979260594 0.947242206235012 0.6510369702434625 0.9392486011191048 0.6532912533814247 0.9352517985611511 0.6532912533814247 0.9304556354916067 0.6510369702434625 0.9248601119104717 0.6469792605951307 0.9240607513988809 0.6379621280432822 0.9280575539568345 0.633453561767358 0.9344524380495605 0.6339044183949504 0.9456434852118306 0.6393146979260594 0.947242206235012
0 0.47700631199278626 0.6147082334132695 0.4806131650135257 0.6171063149480416 0.4860234445446348 0.6115107913669064 0.48647430117222723 0.6067146282973622 0.4833183047790803 0.5843325339728218 0.4765554553651939 0.5843325339728218 0.46934174932371503 0.5899280575539568 0.47024346257889993 0.6019184652278178 0.47700631199278626 0.6147082334132695
0 0.45356176735798015 0.9552358113509193 0.45626690712353474 0.9616306954436452 0.47385031559963936 0.9528377298161471 0.4743011722272317 0.9448441247002399 0.47294860234445446 0.9376498800959233 0.46528403967538323 0.9368505195843326 0.45671776375112716 0.9424460431654678 0.45311091073038773 0.9456434852118306 0.45356176735798015 0.9552358113509193
0 0.6321009918845808 0.5395683453237411 0.6330027051397656 0.5451638689048761 0.6375112714156899 0.5523581135091926 0.6514878268710551 0.5499600319744204 0.6555455365193867 0.5451638689048761 0.657799819657349 0.5355715427657874 0.657799819657349 0.5243804956035172 0.6555455365193867 0.5099920063948842 0.6514878268710551 0.5035971223021583 0.6438232642019839 0.5035971223021583 0.636609558160505 0.5075939248601119 0.627141568981064 0.5187849720223822 0.6275924256086564 0.5299760191846523 0.6321009918845808 0.5395683453237411
0 0.6208295761947701 0.2765787370103917 0.6235347159603246 0.2829736211031175 0.6266907123534716 0.2853717026378897 0.6321009918845808 0.2877697841726619 0.6379621280432822 0.2869704236610712 0.6478809738503156 0.2805755395683453 0.6501352569882777 0.2765787370103917 0.6492335437330929 0.25739408473221426 0.6442741208295762 0.2478017585931255 0.6248872858431019 0.2549960031974421 0.6194770063119928 0.26059152677857716 0.6194770063119928 0.2717825739408473 0.6208295761947701 0.2765787370103917