0 0.09738503155996393 0.21582733812949642 0.11992786293958521 0.21902478017585933 0.12308385933273219 0.21742605915267785 0.1248872858431019 0.2126298960831335 0.1284941388638413 0.19984012789768185 0.1289449954914337 0.1918465227817746 0.12308385933273219 0.1838529176658673 0.10234445446348062 0.1830535571542766 0.09783588818755636 0.1894484412470024 0.09648331830477908 0.19584332533972823 0.0951307484220018 0.21103117505995203 0.09738503155996393 0.21582733812949642
0 0.26194770063119927 0.4084732214228617 0.2822362488728584 0.42286171063149486 0.2844905320108206 0.4212629896083134 0.2903516681695221 0.4012789768185452 0.28764652840396754 0.39408473221422863 0.2696122633002705 0.3788968824940048 0.2660054102795311 0.381294964028777 0.2610459873760144 0.3980815347721823 0.260595130748422 0.40527577937649883 0.26194770063119927 0.4084732214228617
0 0.16411181244364292 0.023181454836131096 0.16771866546438233 0.02238209432454037 0.17312894499549145 0.007993605115907274 0.172678088367899 0 0.1510369702434626 0 0.151487826871055 0.011990407673860913 0.16411181244364292 0.023181454836131096
0 0 0.9000799360511591 0.012623985572587917 0.9008792965627499 0.01848512173128945 0.8960831334932055 0.018935978358881875 0.8936850519584333 0.01442741208295762 0.8880895283772982 0.01127141568981064 0.8729016786570745 0.002254283137962128 0.8729016786570745 0 0.8745003996802558 0 0.9000799360511591
0 0.7930568079350766 0.9344524380495605 0.7975653742110009 0.9280575539568345 0.7993688007213706 0.91207034372502 0.793507664562669 0.9024780175859313 0.7853922452660055 0.9000799360511591 0.7804328223624887 0.9184652278177459 0.7804328223624887 0.929656274980016 0.7930568079350766 0.9344524380495605
0 0.6875563570784491 0.47002398081534774 0.6920649233543733 0.47242206235011996 0.6997294860234445 0.4708233413269384 0.7015329125338142 0.4660271782573941 0.7028854824165914 0.4420463629096723 0.694770063119928 0.4396482813749001 0.6893597835888188 0.4404476418864908 0.6862037871956718 0.4444444444444444 0.6857529305680793 0.4596322941646683 0.6875563570784491 0.47002398081534774
0 0.6140667267808837 0.82414068745004 0.6203787195671777 0.8321342925659473 0.6253381424706943 0.8337330135891287 0.6275924256086564 0.8321342925659473 0.6325518485121732 0.8209432454036771 0.6402164111812444 0.7929656274980017 0.6406672678088369 0.7849720223820944 0.6307484220018034 0.7761790567545964 0.6199278629395851 0.7753796962430056 0.6163210099188459 0.7793764988009593 0.611361587015329 0.7993605115907274 0.6109107303877367 0.8041566746602719 0.6140667267808837 0.82414068745004
0 0.08881875563570783 0.9528377298161471 0.08881875563570783 0.9624300559552359 0.09648331830477908 0.9704236610711432 0.09918845807033362 0.9712230215827339 0.1018935978358882 0.9680255795363709 0.10640216411181244 0.9672262190247802 0.11632100991884581 0.9752198241406874 0.11902614968440037 0.9728217426059154 0.12308385933273219 0.9632294164668266 0.12263300270513977 0.9496402877697842 0.11812443642921551 0.9416466826538769 0.10595130748422002 0.9288569144684253 0.0915238954012624 0.9184652278177459 0.08881875563570783 0.9200639488409273 0.08476104598737601 0.9304556354916067 0.08431018935978359 0.9400479616306955 0.08881875563570783 0.9528377298161471
0 0.7795311091073039 0.9672262190247802 0.7822362488728585 0.9656274980015987 0.7862939585211903 0.9568345323741008 0.7908025247971145 0.938449240607514 0.7871956717763752 0.9336530775379696 0.7790802524797115 0.9312549960031975 0.7723174030658251 0.9464428457234213 0.7714156898106402 0.9600319744204637 0.7795311091073039 0.9672262190247802
0 0.2723174030658251 0.9440447641886491 0.28043282236248873 0.9440447641886491 0.28313796212804326 0.9376498800959233 0.2822362488728584 0.9320543565147882 0.2723174030658251 0.9184652278177459 0.26825969341749323 0.9176658673061552 0.26284941388638416 0.9248601119104717 0.26284941388638416 0.9352517985611511 0.2723174030658251 0.9440447641886491
0 0.3994589720468891 0.49960031974420466 0.40667267808836793 0.504396482813749 0.4125338142470695 0.5027977617905676 0.41568981064021643 0.49720223820943243 0.4238052299368801 0.4668265387689848 0.4138863841298467 0.4532374100719425 0.40802524797114514 0.4532374100719425 0.4030658250676285 0.4636290967226219 0.39720468890892696 0.4852118305355716 0.3963029756537421 0.4940047961630696 0.3994589720468891 0.49960031974420466
0 0.44003606853020744 0.7266187050359713 0.4477006311992786 0.7346123101518786 0.45311091073038773 0.7322142286171064 0.45987376014427417 0.7162270183852918 0.4594229035166817 0.7058353317346123 0.4486023444544635 0.695443645083933 0.43958521190261496 0.6962430055955237 0.4359783588818755 0.7074340527577938 0.4355275022542831 0.7130295763389289 0.44003606853020744 0.7266187050359713
0 0.7096483318304779 0.5091926458832934 0.7132551848512173 0.5075939248601119 0.7168620378719567 0.5011990407673861 0.7182146077547341 0.48201438848920863 0.715960324616772 0.4748201438848921 0.706492335437331 0.4716227018385292 0.7019837691614067 0.4756195043964829 0.6992786293958522 0.48201438848920863 0.6992786293958522 0.5011990407673861 0.7096483318304779 0.5091926458832934
0 0.25247971145175835 0.9992006394884093 0.260595130748422 0.9992006394884093 0.26690712353471596 0.9840127897681855 0.2655545536519387 0.9768185451638689 0.2551848512173129 0.9640287769784173 0.2511271415689811 0.9648281374900081 0.24616771866546439 0.9768185451638689 0.24661857529305684 0.991207034372502 0.25247971145175835 0.9992006394884093
0 0.38745085662759243 0.2304580335731415 0.39329080252479715 0.23714468425259796 0.3955572587917043 0.22853397282174262 0.39165329125338144 0.22304476418864908 0.38745085662759243 0.2304580335731415
0 0.39204373309287643 0.2477338129496403 0.39735933273219115 0.25205835331734616 0.3999386834986474 0.24517346123101522 0.39470153291253385 0.2408912869704237 0.39204373309287643 0.2477338129496403
0 0.39823128944995495 0.22794404476418867 0.3977015329125338 0.2329736211031175 0.40145130748422 0.2365259792166267 0.4043494138863841 0.23057873701039172 0.4006713255184851 0.22676019184652282 0.39823128944995495 0.22794404476418867
0 0.41103201082055907 0.20404396482813747 0.40598286744815154 0.19453077537969626 0.40309377817853925 0.20023101518784972 0.4076614066726781 0.2107841726618705 0.41103201082055907 0.20404396482813747
0 0.4495040577096483 0.18625099920063948 0.45356176735798015 0.18465227817745802 0.4526600541027953 0.1774580335731415 0.4481514878268711 0.17825739408473223 0.44679891794409377 0.1838529176658673 0.4495040577096483 0.18625099920063948
0 0.46017583408476104 0.19114708233413272 0.46017583408476104 0.18306554756195045 0.4539449954914337 0.18306554756195045 0.4539449954914337 0.19114708233413272 0.46017583408476104 0.19114708233413272
0 0.7222723174030657 0.5187849720223822 0.7380522993688007 0.5171862509992007 0.7443642921550947 0.5123900879296562 0.74165915238954 0.5067945643485212 0.7272317403065826 0.5067945643485212 0.7209197475202885 0.5107913669064749 0.7186654643823265 0.5155875299760192 0.7222723174030657 0.5187849720223822
0 0.7164111812443643 0.5323741007194245 0.721370604147881 0.5363709032773781 0.7276825969341749 0.5363709032773781 0.7443642921550947 0.5291766586730615 0.7461677186654645 0.525179856115108 0.733092876465284 0.5227817745803358 0.7173128944995492 0.5259792166266987 0.7155094679891795 0.5291766586730615 0.7164111812443643 0.5323741007194245
0 0.7484197475202886 0.5489528377298162 0.7484197475202886 0.5364028776978417 0.7359625788999098 0.5364028776978417 0.7359625788999098 0.5489528377298162 0.7484197475202886 0.5489528377298162
0 0.7447182146077549 0.5620503597122303 0.7447182146077549 0.5521143085531575 0.7377073940486925 0.5521143085531575 0.7377073940486925 0.5620503597122303 0.7447182146077549 0.5620503597122303
0 0.7456266907123534 0.5769424460431655 0.7456266907123534 0.5667665867306155 0.7337330928764652 0.5667665867306155 0.7337330928764652 0.5769424460431655 0.7456266907123534 0.5769424460431655
0 0.9994697926059514 0.17918545163868907 0.9799882777276827 0.16262589928057555 0.9774098286744816 0.17155875299760193 0.9971686203787195 0.1889744204636291 0.9994697926059514 0.17918545163868907