0 0.2511271415689811 0.8705035971223022 0.28313796212804326 0.8729016786570745 0.28584310189359785 0.8697042366107114 0.28584310189359785 0.8649080735411672 0.28358881875563574 0.862509992006395 0.25743913435527505 0.8585131894484412 0.2497745716862038 0.8601119104716227 0.24932371505861137 0.8657074340527579 0.2511271415689811 0.8705035971223022
0 0.19612263300270513 0.0815347721822542 0.21776375112714155 0.08313349320543566 0.2236248872858431 0.0815347721822542 0.22587917042380526 0.07593924860111911 0.2254283137962128 0.07194244604316548 0.21911632100991885 0.0639488409272582 0.20649233543733095 0.062350119904076746 0.1952209197475203 0.06474820143884892 0.19477006311992787 0.07513988808952839 0.19612263300270513 0.0815347721822542
0 0.24391343552750228 0.09192645883293366 0.27592425608656446 0.0903277378097522 0.2781785392245266 0.07913669064748202 0.2781785392245266 0.07434052757793765 0.2750225428313796 0.07114308553157474 0.2533814247069432 0.0671462829736211 0.24526600541027954 0.0671462829736211 0.24211000901713256 0.07673860911270983 0.24165915238954014 0.08872901678657075 0.24391343552750228 0.09192645883293366
0 0.08972046889089269 0.8689048760991207 0.11136158701532912 0.8585131894484412 0.11361587015329126 0.8545163868904877 0.11361587015329126 0.8497202238209433 0.10685302073940486 0.8481215027977619 0.0951307484220018 0.8545163868904877 0.08972046889089269 0.853717026378897 0.08611361587015329 0.8577138289368506 0.08566275924256087 0.8665067945643485 0.08972046889089269 0.8689048760991207
0 0.18394950405770966 0.8776978417266187 0.20649233543733095 0.8721023181454837 0.20829576194770064 0.8641087130295764 0.20694319206492334 0.8609112709832134 0.19927862939585214 0.8609112709832134 0.18214607754733994 0.8641087130295764 0.18079350766456267 0.8665067945643485 0.18034265103697025 0.8760991207034373 0.18394950405770966 0.8776978417266187
0 0.2655545536519387 0.9112709832134293 0.2795311091073039 0.91207034372502 0.2822362488728584 0.9088729016786572 0.281785392245266 0.9024780175859313 0.2795311091073039 0.9000799360511591 0.2651036970243463 0.8992805755395684 0.26284941388638416 0.9016786570743406 0.2623985572587917 0.9080735411670664 0.2655545536519387 0.9112709832134293
0 0.24887285843101895 0.10871302957633892 0.2515779981965735 0.11191047162270185 0.2623985572587917 0.1111111111111111 0.2655545536519387 0.10871302957633892 0.2678088367899008 0.10231814548361312 0.26645626690712354 0.09512390087929656 0.2623985572587917 0.09272581934452438 0.2515779981965735 0.09272581934452438 0.2484220018034265 0.0959232613908873 0.24752028854824168 0.09912070343725021 0.24887285843101895 0.10871302957633892
0 0.16321009918845808 0.8697042366107114 0.16862037871956717 0.8705035971223022 0.1740306582506763 0.8673061550759393 0.1740306582506763 0.8481215027977619 0.16095581605049597 0.850519584332534 0.16050495942290352 0.8617106314948043 0.16321009918845808 0.8697042366107114
0 0.1442741208295762 0.8729016786570745 0.15058611361587015 0.8737010391686652 0.1568981064021641 0.8689048760991207 0.1564472497745717 0.8553157474020784 0.15464382326420198 0.8521183053557154 0.14292155094679893 0.8561151079136692 0.1424706943192065 0.8633093525179857 0.1442741208295762 0.8729016786570745
0 0.2727682596934175 0.8912869704236611 0.28268710550045084 0.8928856914468426 0.2862939585211903 0.8872901678657075 0.2862939585211903 0.8832933653077538 0.28358881875563574 0.8808952837729817 0.27412082957619477 0.8800959232613909 0.27141568981064024 0.8832933653077538 0.2709648331830478 0.8888888888888888 0.2727682596934175 0.8912869704236611
0 0.15464382326420198 0.8960831334932055 0.16321009918845808 0.8960831334932055 0.16591523895401264 0.8936850519584333 0.16591523895401264 0.8816946442845724 0.1568981064021641 0.8816946442845724 0.15374211000901714 0.8840927258193446 0.1532912533814247 0.8920863309352519 0.15464382326420198 0.8960831334932055
0 0.18890892696122633 0.2749800159872102 0.21100090171325517 0.2789768185451639 0.21596032461677186 0.2789768185451639 0.21776375112714155 0.2749800159872102 0.21776375112714155 0.2541966426858513 0.19972948602344456 0.24860111910471622 0.18935978358881875 0.24940047961630699 0.18530207394048692 0.2541966426858513 0.18530207394048692 0.26938449240607515 0.18890892696122633 0.2749800159872102
0 0.20468890892696123 0.8912869704236611 0.20874661857529306 0.8864908073541167 0.2073940486925158 0.8800959232613909 0.18169522091974755 0.8832933653077538 0.18214607754733994 0.8936850519584333 0.20468890892696123 0.8912869704236611