0 0.9310189359783588 0.07194244604316548 0.9508566275924257 0.07593924860111911 0.9558160504959423 0.07513988808952839 0.9603246167718665 0.07034372501998402 0.9634806131650135 0.05755395683453238 0.9643823264201984 0.045563549160671464 0.963931469792606 0.031175059952038373 0.9621280432822362 0.02717825739408473 0.9567177637511272 0.024780175859312553 0.9341749323715058 0.024780175859312553 0.9292155094679891 0.029576338928856916 0.9287646528403968 0.0671462829736211 0.9310189359783588 0.07194244604316548
0 0.9071235347159603 0.9992006394884093 0.9292155094679891 0.9992006394884093 0.9337240757439135 0.991207034372502 0.9359783588818756 0.9808153477218226 0.9359783588818756 0.9776179056754596 0.9319206492335438 0.9704236610711432 0.9220018034265104 0.9648281374900081 0.9111812443642923 0.9640287769784173 0.9080252479711453 0.9672262190247802 0.9071235347159603 0.9720223820943246 0.9057709648331831 0.9936051159072742 0.9071235347159603 0.9992006394884093
0 0.8476104598737602 0.09832134292565947 0.8688007213706042 0.1015187849720224 0.8742110009017132 0.09752198241406874 0.876014427412083 0.0815347721822542 0.8755635707844905 0.0639488409272582 0.8742110009017132 0.05915267785771383 0.866546438232642 0.05595523581135092 0.8534715960324617 0.055155875299760196 0.8462578899909828 0.060751398880895285 0.8453561767357981 0.09192645883293366 0.8476104598737602 0.09832134292565947
0 0.3674481514878269 0.07114308553157474 0.37376014427412085 0.07114308553157474 0.3764652840396754 0.06874500399680256 0.3782687105500451 0.05675459632294165 0.3782687105500451 0.032773780975219824 0.37691614066726786 0.030375699440447643 0.3692515779981966 0.031175059952038373 0.3642921550946799 0.03517186250999201 0.36203787195671777 0.04156674660271783 0.3624887285843102 0.06634692246203039 0.3674481514878269 0.07114308553157474
0 0.09287646528403969 0.3317346123101519 0.09783588818755636 0.32773780975219824 0.10009017132551848 0.30375699440447645 0.09738503155996393 0.2997601918465228 0.08881875563570783 0.29576338928856916 0.08070333633904418 0.29576338928856916 0.07123534715960325 0.29896083133493206 0.06988277727682597 0.30135891286970423 0.0703336339044184 0.32933653077537967 0.09287646528403969 0.3317346123101519
0 0.9648331830477908 0.5571542765787371 0.9797114517583408 0.5595523581135092 0.9882777276825969 0.5563549160671463 0.9909828674481516 0.5139888089528377 0.9900811541929667 0.49960031974420466 0.9770063119927863 0.495603517186251 0.967087466185753 0.495603517186251 0.9630297565374212 0.5163868904876099 0.9630297565374212 0.5443645083932854 0.9648331830477908 0.5571542765787371
0 0.8512173128944995 0.04796163069544365 0.872858431018936 0.05195843325339729 0.8773669972948602 0.04636290967226219 0.8800721370604149 0.032773780975219824 0.8800721370604149 0.014388489208633094 0.8782687105500451 0.010391686650679457 0.8642921550946799 0.00319744204636291 0.8561767357980163 0.00319744204636291 0.8503155996393147 0.007993605115907274 0.8498647430117223 0.04476418864908074 0.8512173128944995 0.04796163069544365
0 0.242560865644725 0.7146282973621104 0.24932371505861137 0.709832134292566 0.25022542831379624 0.6794564348521184 0.24887285843101895 0.6762589928057555 0.2249774571686204 0.6738609112709832 0.22001803426510372 0.6770583533173462 0.22091974752028853 0.7122302158273383 0.242560865644725 0.7146282973621104
0 0.14382326420198377 0.809752198241407 0.1568981064021641 0.8105515587529977 0.1618575293056808 0.8049560351718625 0.16456266907123535 0.7753796962430056 0.1501352569882777 0.7721822541966427 0.1424706943192065 0.7745803357314149 0.14021641118124437 0.7785771382893686 0.1406672678088368 0.8073541167066347 0.14382326420198377 0.809752198241407
0 0.3106402164111813 0.16946442845723422 0.3160504959422904 0.16866506794564348 0.3196573489630297 0.1630695443645084 0.3223624887285843 0.14788169464428458 0.32777276825969337 0.14068745003996805 0.32777276825969337 0.13189448441247004 0.31785392245266003 0.12629896083133493 0.30928764652840396 0.12629896083133493 0.3065825067628494 0.1310951239008793 0.30613165013525695 0.1654676258992806 0.3106402164111813 0.16946442845723422
0 0.45852119026149685 0.16386890487609912 0.478809738503156 0.16466826538768983 0.4833183047790803 0.1574740207833733 0.481965734896303 0.15027977617905677 0.47475202885482415 0.14628297362110312 0.45897204688908927 0.14468425259792167 0.45671776375112716 0.14788169464428458 0.45671776375112716 0.16147082334132695 0.45852119026149685 0.16386890487609912
0 0.8412984670874663 0.13029576338928858 0.871956717763751 0.1342925659472422 0.8868349864743011 0.1342925659472422 0.8890892696122633 0.12470023980815349 0.888638412984671 0.11910471622701839 0.8863841298467088 0.11590727418065548 0.872858431018936 0.11191047162270185 0.8507664562669072 0.11191047162270185 0.8381424706943192 0.11990407673860913 0.8381424706943192 0.1278976818545164 0.8412984670874663 0.13029576338928858
0 0.2862939585211903 0.18864908073541167 0.2917042380522994 0.18705035971223025 0.29531109107303877 0.19024780175859313 0.31785392245266003 0.19424460431654678 0.32416591523895405 0.19264588329336532 0.327321911632101 0.1830535571542766 0.32461677186654647 0.17426059152677859 0.3007213706041479 0.16946442845723422 0.28584310189359785 0.16946442845723422 0.284941388638413 0.17985611510791366 0.2862939585211903 0.18864908073541167
0 0.20468890892696123 0.36850519584332536 0.22407574391343554 0.36930455635491605 0.22723174030658252 0.3557154276578737 0.2254283137962128 0.35171862509992013 0.21370604147880973 0.34852118305355717 0.20198376916140667 0.34852118305355717 0.20018034265103696 0.35171862509992013 0.2006311992786294 0.36370903277378097 0.20468890892696123 0.36850519584332536
0 0.5275022542831379 0.7545963229416467 0.5554553651938684 0.7545963229416467 0.5581605049594229 0.7513988808952838 0.560414788097385 0.7394084732214229 0.560414788097385 0.7194244604316546 0.5293056807935077 0.718625099920064 0.5279531109107304 0.7202238209432456 0.5261496844003607 0.7354116706634692 0.5256988277727683 0.7513988808952838 0.5275022542831379 0.7545963229416467
0 0.5144274120829576 0.07913669064748202 0.5293056807935077 0.08393285371702638 0.5329125338142471 0.0783373301358913 0.5329125338142471 0.0671462829736211 0.5302073940486925 0.0639488409272582 0.5126239855725879 0.05595523581135092 0.5067628494138864 0.060751398880895285 0.5054102795311091 0.07034372501998402 0.5144274120829576 0.07913669064748202
0 0.5256988277727683 0.5291766586730615 0.5504959422903517 0.5355715427657874 0.5577096483318305 0.5347721822541966 0.560414788097385 0.5299760191846523 0.560414788097385 0.5267785771382895 0.5581605049594229 0.5243804956035172 0.5500450856627592 0.5211830535571543 0.5432822362488728 0.5227817745803358 0.5365193868349865 0.5139888089528377 0.5320108205590622 0.513189448441247 0.5279531109107304 0.5155875299760192 0.5238954012623985 0.5235811350919265 0.5256988277727683 0.5291766586730615
0 0.20649233543733095 0.39488409272581937 0.22137060414788098 0.39728217426059154 0.2249774571686204 0.3908872901678657 0.22452660054102797 0.3836930455635492 0.21911632100991885 0.37969624300559557 0.2073940486925158 0.37809752198241414 0.20288548241659152 0.381294964028777 0.20288548241659152 0.3908872901678657 0.20649233543733095 0.39488409272581937