0 0.900360685302074 0.31175059952038375 0.9116321009918846 0.3149480415667466 0.9165915238954013 0.31095123900879296 0.9170423805229937 0.2997601918465228 0.9152389540126239 0.29176658673061556 0.9071235347159603 0.2901678657074341 0.9012623985572588 0.29256594724220625 0.8994589720468892 0.29576338928856916 0.8990081154192966 0.3061550759392486 0.900360685302074 0.31175059952038375
0 0.6916140667267809 0.5859312549960032 0.7204688908926962 0.586730615507594 0.7236248872858432 0.5851318944844125 0.7249774571686204 0.5811350919264588 0.7245266005410279 0.5699440447641887 0.7218214607754734 0.5667466027178258 0.7110009017132553 0.5667466027178258 0.7069431920649234 0.5723421262989609 0.6857529305680793 0.5739408473221423 0.6853020739404869 0.5827338129496403 0.6916140667267809 0.5859312549960032
0 0.8832281334535618 0.40447641886490815 0.9084761045987376 0.40527577937649883 0.9111812443642923 0.40447641886490815 0.9125338142470695 0.4012789768185452 0.9125338142470695 0.39728217426059154 0.9102795311091073 0.3932853717026379 0.8742110009017132 0.3932853717026379 0.8746618575293057 0.4012789768185452 0.8832281334535618 0.40447641886490815
0 0.8561767357980163 0.947242206235012 0.8809738503155997 0.9536370903277379 0.8935978358881875 0.9512390087929657 0.8963029756537422 0.9408473221422862 0.8976555455365194 0.9264588329336532 0.8967538322813345 0.9216626698641087 0.89404869251578 0.9184652278177459 0.8755635707844905 0.9168665067945644 0.8678990081154194 0.9136690647482014 0.8593327321911632 0.9144684252597922 0.8557258791704238 0.9184652278177459 0.8552750225428314 0.9232613908872902 0.8548241659152389 0.9440447641886491 0.8561767357980163 0.947242206235012
0 0.8629395852119026 0.6346922462030377 0.8954012623985572 0.6370903277378098 0.8990081154192966 0.6346922462030377 0.9012623985572588 0.6290967226219025 0.9008115419296664 0.6155075939248602 0.8976555455365194 0.6123101518784972 0.8624887285843102 0.6099120703437251 0.8611361587015329 0.6131095123900879 0.8606853020739406 0.6306954436450839 0.8629395852119026 0.6346922462030377
0 0.11587015329125337 0.548361310951239 0.15419296663660956 0.5507593924860112 0.1564472497745717 0.5443645083932854 0.15509467989179443 0.5395683453237411 0.15284039675383226 0.5387689848121503 0.12984670874661858 0.5347721822541966 0.11226330027051398 0.5363709032773781 0.11226330027051398 0.5451638689048761 0.11587015329125337 0.548361310951239
0 0.8669972948602345 0.5795363709032775 0.869702434625789 0.586730615507594 0.8796212804328223 0.5851318944844125 0.8827772768259693 0.5819344524380495 0.8845807033363391 0.5763389288569145 0.8841298467087467 0.5715427657873702 0.8800721370604149 0.5683453237410072 0.8678990081154194 0.5683453237410072 0.866546438232642 0.5707434052757794 0.8669972948602345 0.5795363709032775
0 0.7619477006311993 0.0783373301358913 0.7894499549143373 0.0783373301358913 0.7917042380522994 0.07354116706634693 0.7930568079350766 0.05195843325339729 0.7894499549143373 0.042366107114308556 0.7642019837691614 0.04156674660271783 0.7614968440036068 0.04476418864908074 0.760595130748422 0.049560351718625106 0.7601442741208296 0.07593924860111911 0.7619477006311993 0.0783373301358913
0 0.11587015329125337 0.5667466027178258 0.15419296663660956 0.5691446842525979 0.15599639314697925 0.5643485211830536 0.15419296663660956 0.5555555555555556 0.1266907123534716 0.5523581135091926 0.11406672678088368 0.5539568345323741 0.1127141568981064 0.5635491606714629 0.11587015329125337 0.5667466027178258
0 0.9071235347159603 0.2797761790567546 0.9111812443642923 0.27577937649880097 0.9134355275022543 0.2597921662669864 0.9120829576194771 0.24860111910471622 0.9017132551848512 0.2470023980815348 0.8904418394950405 0.25099920063948844 0.8904418394950405 0.27737809752198245 0.9071235347159603 0.2797761790567546
0 0.7714156898106402 0.9040767386091128 0.7862939585211903 0.9072741806554757 0.7903516681695222 0.9048760991207034 0.7926059513074842 0.8992805755395684 0.7944093778178539 0.8832933653077538 0.7917042380522994 0.8776978417266187 0.7790802524797115 0.8752997601918465 0.7745716862037872 0.876898481215028 0.7705139765554554 0.8824940047961631 0.770063119927863 0.894484412470024 0.7714156898106402 0.9040767386091128
0 0.7339945897204688 0.9016786570743406 0.7619477006311993 0.9040767386091128 0.7642019837691614 0.9008792965627499 0.7655545536519388 0.8896882494004797 0.7655545536519388 0.8800959232613909 0.7623985572587918 0.8752997601918465 0.7290351668169522 0.8737010391686652 0.7258791704238052 0.8752997601918465 0.7236248872858432 0.8824940047961631 0.7236248872858432 0.897681854516387 0.7339945897204688 0.9016786570743406
0 0.7006311992786294 0.6786570743405277 0.7249774571686204 0.6786570743405277 0.7285843101893598 0.6746602717825739 0.7317403065825068 0.657074340527578 0.7312894499549144 0.6434852118305356 0.7254283137962128 0.6394884092725819 0.6956717763751128 0.6394884092725819 0.6911632100991884 0.645083932853717 0.6893597835888188 0.6514788169464429 0.6898106402164111 0.6746602717825739 0.7006311992786294 0.6786570743405277
0 0.8787195671776376 0.38049560351718625 0.9048692515779982 0.3828936850519585 0.9080252479711453 0.38049560351718625 0.9093778178539225 0.3764988009592326 0.9075743913435527 0.37090327737809753 0.8976555455365194 0.36850519584332536 0.876014427412083 0.3677058353317346 0.8742110009017132 0.37010391686650684 0.8746618575293057 0.37729816147082335 0.8787195671776376 0.38049560351718625