0 0.9458972046889089 0.10551558752997602 0.9490532010820559 0.11031175059952039 0.9616771866546439 0.11191047162270185 0.967087466185753 0.10071942446043165 0.9774571686203787 0.09912070343725021 0.9815148782687105 0.0959232613908873 0.9828674481514879 0.09192645883293366 0.9833183047790803 0.06874500399680256 0.9815148782687105 0.06474820143884892 0.9567177637511272 0.06155075939248601 0.9490532010820559 0.06155075939248601 0.9449954914337241 0.06474820143884892 0.9454463480613166 0.10071942446043165 0.9458972046889089 0.10551558752997602
0 0.7434625788999099 0.7617905675459633 0.7448151487826871 0.7585931254996003 0.7461677186654645 0.7266187050359713 0.7439134355275022 0.7242206235011991 0.7335437330928765 0.7242206235011991 0.7312894499549144 0.7306155075939249 0.7308385933273219 0.7617905675459633 0.7434625788999099 0.7617905675459633
0 0.005861136158701533 0.06314948041566747 0.017132551848512173 0.0639488409272582 0.019386834986474304 0.04876099120703437 0.01848512173128945 0.04316546762589928 0.013525698827772768 0.0407673860911271 0.004508566275924256 0.042366107114308556 0.0040577096483318306 0.05915267785771383 0.005861136158701533 0.06314948041566747
0 0.8715058611361587 0.6818545163868905 0.876014427412083 0.6866506794564349 0.8845807033363391 0.6874500399680257 0.8868349864743011 0.6810551558752997 0.888638412984671 0.6634692246203038 0.888638412984671 0.6306954436450839 0.8836789900811541 0.627498001598721 0.872858431018936 0.6290967226219025 0.8692515779981966 0.6514788169464429 0.8692515779981966 0.6714628297362111 0.8715058611361587 0.6818545163868905
0 0.004959422903516681 0.09672262190247803 0.013525698827772768 0.09832134292565947 0.016681695220919748 0.0959232613908873 0.017132551848512173 0.07673860911270983 0.01036970243462579 0.07354116706634693 0.004508566275924256 0.07354116706634693 0.0031559963931469793 0.07593924860111911 0.002705139765554554 0.08792965627498003 0.004959422903516681 0.09672262190247803
0 0.8796212804328223 0.7841726618705037 0.9062218214607755 0.7897681854516387 0.9152389540126239 0.7897681854516387 0.9179440937781785 0.7857713828936851 0.9197475202885483 0.7649880095923263 0.9197475202885483 0.7474020783373301 0.9183949504057709 0.7434052757793765 0.8850315599639315 0.7410071942446044 0.8805229936880072 0.7458033573141487 0.8782687105500451 0.7577937649880097 0.8782687105500451 0.7825739408473221 0.8796212804328223 0.7841726618705037
0 0.7723174030658251 0.42206235011990406 0.7894499549143373 0.4356514788169465 0.793507664562669 0.43645083932853723 0.7953110910730388 0.434052757793765 0.8002705139765555 0.4132693844924061 0.799819657348963 0.40447641886490815 0.7781785392245266 0.38848920863309355 0.7718665464382326 0.390087929656275 0.7682596934174932 0.3996802557953637 0.7682596934174932 0.4108713029576339 0.7723174030658251 0.42206235011990406
0 0.760595130748422 0.7402078337330137 0.7687105500450856 0.7378097521982414 0.7709648331830479 0.7338129496402878 0.7714156898106402 0.7114308553157473 0.7691614066726781 0.7026378896882494 0.7511271415689811 0.7018385291766587 0.7470694319206492 0.7066346922462031 0.7461677186654645 0.7146282973621104 0.7466185752930569 0.7378097521982414 0.760595130748422 0.7402078337330137
0 0.033363390441839495 0.06794564348521183 0.0369702434625789 0.0639488409272582 0.03832281334535618 0.05275779376498801 0.0369702434625789 0.04476418864908074 0.02569882777276826 0.042366107114308556 0.022091974752028856 0.050359712230215826 0.02254283137962128 0.06634692246203039 0.033363390441839495 0.06794564348521183
0 0.02254283137962128 0.09752198241406874 0.027953110910730387 0.10071942446043165 0.03381424706943192 0.10071942446043165 0.03651938683498648 0.09832134292565947 0.0369702434625789 0.0815347721822542 0.035617673579801626 0.0783373301358913 0.02164111812443643 0.07673860911270983 0.021190261496844002 0.08872901678657075 0.02254283137962128 0.09752198241406874
0 0.8588818755635708 0.5963229416466826 0.8701532912533815 0.5971223021582733 0.8724075743913436 0.5947242206235012 0.8706041478809738 0.586730615507594 0.8660955816050496 0.5787370103916867 0.8606853020739406 0.5739408473221423 0.8557258791704238 0.5731414868105515 0.8521190261496844 0.5827338129496403 0.8516681695220919 0.5883293365307755 0.8588818755635708 0.5963229416466826
0 0.793507664562669 0.6322941646682655 0.8246167718665464 0.6346922462030377 0.8277727682596934 0.6282973621103117 0.8295761947700632 0.6107114308553158 0.8291253381424708 0.595523581135092 0.8277727682596934 0.5915267785771383 0.825067628494139 0.5899280575539568 0.8002705139765555 0.586730615507594 0.7953110910730388 0.5931254996003198 0.7926059513074842 0.6155075939248602 0.7912533814247069 0.6298960831334932 0.793507664562669 0.6322941646682655
0 0.9495040577096483 0.7937649880095924 0.95536519386835 0.7969624300559552 0.9630297565374212 0.7937649880095924 0.9652840396753832 0.7697841726618705 0.9652840396753832 0.7617905675459633 0.9634806131650135 0.756994404476419 0.9495040577096483 0.762589928057554 0.9477006311992787 0.7673860911270984 0.9472497745716862 0.7809752198241406 0.9495040577096483 0.7937649880095924
0 0.01036970243462579 0.12869704236610713 0.015779981965734897 0.12549960031974422 0.015779981965734897 0.1047162270183853 0.005410279531109108 0.10311750599520383 0.002705139765554554 0.10871302957633892 0.0031559963931469793 0.12709832134292565 0.01036970243462579 0.12869704236610713
0 0.7705139765554554 0.6730615507593926 0.7754733994589721 0.6722621902478018 0.7777276825969343 0.6498800959232613 0.7772768259693417 0.6370903277378098 0.7732191163210099 0.6338928856914469 0.7655545536519388 0.6338928856914469 0.7614968440036068 0.6370903277378098 0.7610459873760144 0.6442845723421263 0.7614968440036068 0.6674660271782575 0.7705139765554554 0.6730615507593926
0 0.02885482416591524 0.02158273381294964 0.0369702434625789 0.02238209432454037 0.03922452660054102 0.019184652278177457 0.03967538322813345 0.004796163069544364 0.0369702434625789 0 0.02660054102795311 0 0.02569882777276826 0.015187849720223821 0.02885482416591524 0.02158273381294964
0 0.8557258791704238 0.011990407673860913 0.8660955816050496 0.01598721023181455 0.8890892696122633 0.017585931254996006 0.89404869251578 0.015187849720223821 0.8958521190261496 0.007993605115907274 0.8949504057709649 0 0.8548241659152389 0 0.8539224526600542 0.007993605115907274 0.8557258791704238 0.011990407673860913
0 0.00721370604147881 0.016786570743405275 0.013074842200180344 0.019184652278177457 0.018935978358881875 0.016786570743405275 0.019837691614066726 0 0.0063119927862939585 0 0.005861136158701533 0.008792965627498003 0.00721370604147881 0.016786570743405275
0 0.7619477006311993 0.28936850519584334 0.7687105500450856 0.2877697841726619 0.7723174030658251 0.27817745803357313 0.793507664562669 0.28377298161470826 0.796663660955816 0.2797761790567546 0.7975653742110009 0.2613908872901679 0.7971145175834086 0.25819344524380494 0.793507664562669 0.2541966426858513 0.7781785392245266 0.25099920063948844 0.7714156898106402 0.24220623501199043 0.7633002705139765 0.24220623501199043 0.7578899909828674 0.2478017585931255 0.7542831379621281 0.27098321342925663 0.7547339945897205 0.28617106314948043 0.7619477006311993 0.28936850519584334
0 0.8552750225428314 0.6522781774580336 0.8611361587015329 0.6514788169464429 0.8647430117222724 0.6434852118305356 0.863390441839495 0.6338928856914469 0.8566275924256087 0.6258992805755397 0.8489630297565375 0.6235011990407675 0.8449053201082056 0.6298960831334932 0.8449053201082056 0.6394884092725819 0.8552750225428314 0.6522781774580336
0 0.7759242560865645 0.31015187849720227 0.7885482416591524 0.3133493205435652 0.7944093778178539 0.31095123900879296 0.7962128043282236 0.2997601918465228 0.7962128043282236 0.2853717026378897 0.7858431018935979 0.2805755395683453 0.7750225428313796 0.2805755395683453 0.7736699729486024 0.28377298161470826 0.7759242560865645 0.31015187849720227
0 0.8480613165013525 0.6211031175059952 0.8588818755635708 0.6282973621103117 0.863390441839495 0.627498001598721 0.8669972948602345 0.6203037569944045 0.866546438232642 0.6131095123900879 0.8593327321911632 0.6035171862509993 0.8507664562669072 0.6051159072741806 0.8471596032461677 0.6115107913669064 0.8467087466185753 0.6179056754596324 0.8480613165013525 0.6211031175059952
0 0.9382326420198377 0.3229416466826539 0.9571686203787195 0.32454036770583533 0.958521190261497 0.32214228617106316 0.9598737601442742 0.3077537969624301 0.9594229035166817 0.2949640287769784 0.957619477006312 0.28936850519584334 0.9449954914337241 0.2877697841726619 0.9377817853922452 0.28936850519584334 0.9346257889990982 0.29256594724220625 0.936429215509468 0.31734612310151883 0.9382326420198377 0.3229416466826539