0 0.5951307484220018 0.07194244604316548 0.5969341749323716 0.06874500399680256 0.5969341749323716 0.05755395683453238 0.5951307484220018 0.05355715427657874 0.5825067628494138 0.055155875299760196 0.5825067628494138 0.07114308553157474 0.5951307484220018 0.07194244604316548
0 0.33949504057709645 0.1398880895283773 0.35752930568079355 0.14068745003996805 0.36113615870153287 0.13509192645883294 0.36113615870153287 0.12549960031974422 0.35843101893597834 0.12230215827338131 0.33994589720468893 0.12150279776179057 0.3367899008115419 0.12629896083133493 0.3367899008115419 0.1374900079936051 0.33949504057709645 0.1398880895283773
0 0.5536519386834987 0.09832134292565947 0.5631199278629396 0.09672262190247803 0.5640216411181245 0.08713029576338929 0.5626690712353472 0.0815347721822542 0.5536519386834987 0.07993605115907274 0.5495942290351669 0.08233413269384492 0.5495942290351669 0.0959232613908873 0.5536519386834987 0.09832134292565947
0 0.5554553651938684 0.06874500399680256 0.560414788097385 0.07034372501998402 0.5640216411181245 0.06794564348521183 0.5644724977457168 0.059952038369304565 0.5631199278629396 0.05355715427657874 0.5563570784490532 0.05275779376498801 0.5541027953110911 0.05595523581135092 0.5536519386834987 0.06474820143884892 0.5554553651938684 0.06874500399680256
0 0.4977457168620379 0.3581135091926459 0.5198376916140668 0.3581135091926459 0.524346257889991 0.3557154276578737 0.5256988277727683 0.35171862509992013 0.5261496844003607 0.3349320543565148 0.5229936880072137 0.3309352517985612 0.5022542831379622 0.328537170263789 0.4995491433724076 0.33013589128697046 0.496844003606853 0.33733013589128696 0.49639314697926057 0.35331734612310156 0.4977457168620379 0.3581135091926459
0 0.3322813345356177 0.03996802557953637 0.3331830477908025 0.04636290967226219 0.345356176735798 0.049560351718625106 0.3539224526600541 0.04636290967226219 0.35662759242560865 0.02877697841726619 0.3557258791704238 0.01278976818545164 0.33859332732191166 0.01278976818545164 0.33543733092876465 0.015187849720223821 0.3336339044183949 0.024780175859312553 0.3336339044183949 0.036770583533173466 0.3322813345356177 0.03996802557953637
0 0.4116321009918846 0.4100719424460432 0.433273219116321 0.41486810551558756 0.4431920649233544 0.4140687450039968 0.4463480613165014 0.4100719424460432 0.44679891794409377 0.38609112709832133 0.4454463480613165 0.3836930455635492 0.4143372407574391 0.37969624300559557 0.41118124436429215 0.381294964028777 0.4098286744815149 0.38609112709832133 0.40937781785392247 0.407673860911271 0.4116321009918846 0.4100719424460432
0 0.4945897204688909 0.5291766586730615 0.5121731289449956 0.5347721822541966 0.5234445446348062 0.5323741007194245 0.5266005410279532 0.5275779376498801 0.5238954012623985 0.5067945643485212 0.5216411181244364 0.5027977617905676 0.49729486023444547 0.5011990407673861 0.49323715058611367 0.5035971223021583 0.4927862939585212 0.521982414068745 0.4945897204688909 0.5291766586730615
0 0.47024346257889993 0.07913669064748202 0.49188458070333635 0.08313349320543566 0.4981965734896303 0.08233413269384492 0.4995491433724076 0.07913669064748202 0.4990982867448151 0.07274180655475619 0.49413886384129846 0.06954436450839328 0.47339945897204694 0.06634692246203039 0.4697926059513075 0.0671462829736211 0.4670874661857529 0.07114308553157474 0.4666366095581605 0.07434052757793765 0.47024346257889993 0.07913669064748202
0 0.4833183047790803 0.04156674660271783 0.4981965734896303 0.042366107114308556 0.5004508566275925 0.03836930455635491 0.5004508566275925 0.032773780975219824 0.4981965734896303 0.029576338928856916 0.4833183047790803 0.02797761790567546 0.48016230838593327 0.030375699440447643 0.48016230838593327 0.03836930455635491 0.4833183047790803 0.04156674660271783
0 0.1406672678088368 0.41247002398081534 0.15284039675383226 0.4140687450039968 0.1582506762849414 0.4084732214228617 0.15960324616771868 0.3996802557953637 0.16050495942290352 0.35171862509992013 0.15779981965734896 0.3445243804956035 0.1460775473399459 0.3445243804956035 0.1424706943192065 0.34852118305355717 0.1406672678088368 0.3557154276578737 0.13976555455365194 0.3836930455635492 0.13931469792605952 0.4084732214228617 0.1406672678088368 0.41247002398081534
0 0.584761045987376 0.1015187849720224 0.5915238954012624 0.1015187849720224 0.5937781785392245 0.09912070343725021 0.5937781785392245 0.08473221422861711 0.5843101893597836 0.08553157474020784 0.5834084761045988 0.09912070343725021 0.584761045987376 0.1015187849720224