0 0.369702434625789 0.9880095923261392 0.37556357078449054 0.9872102318145485 0.37736699729486023 0.9848121502797762 0.37781785392245265 0.9760191846522782 0.3764652840396754 0.9728217426059154 0.36834986474301173 0.9720223820943246 0.35978358881875566 0.9672262190247802 0.35662759242560865 0.9696243005595524 0.357980162308386 0.9840127897681855 0.369702434625789 0.9880095923261392
0 0.6163210099188459 0.959232613908873 0.6262398557258791 0.9600319744204637 0.630297565374211 0.9536370903277379 0.630297565374211 0.9496402877697842 0.627141568981064 0.9456434852118306 0.6118124436429215 0.9456434852118306 0.6118124436429215 0.9544364508393286 0.6163210099188459 0.959232613908873
0 0.34265103697024346 0.841726618705036 0.3633904418394951 0.8425259792166268 0.3660955816050496 0.8385291766586731 0.3660955816050496 0.8337330135891287 0.3642921550946799 0.8305355715427658 0.35482416591523896 0.827338129496403 0.34490532010820557 0.827338129496403 0.3408476104598738 0.8313349320543566 0.34039675383228135 0.8377298161470824 0.34265103697024346 0.841726618705036
0 0.1920649233543733 0.8249400479616307 0.19747520288548243 0.8281374900079936 0.20423805229936878 0.8281374900079936 0.20874661857529306 0.8249400479616307 0.21055004508566277 0.8089528377298163 0.20694319206492334 0.7929656274980017 0.1920649233543733 0.7881694644284573 0.18755635707844906 0.7897681854516387 0.18755635707844906 0.8113509192645884 0.1920649233543733 0.8249400479616307
0 0.4621280432822363 0.8912869704236611 0.4661857529305681 0.894484412470024 0.4743011722272317 0.8928856914468426 0.47700631199278626 0.8800959232613909 0.4833183047790803 0.8657074340527579 0.4824165915238954 0.862509992006395 0.4783588818755636 0.8585131894484412 0.4612263300270514 0.8601119104716227 0.46077547339945896 0.8776978417266187 0.4621280432822363 0.8912869704236611
0 0.8764652840396754 0.407673860911271 0.8805229936880072 0.4108713029576339 0.8868349864743011 0.40687450039968026 0.8868349864743011 0.4012789768185452 0.8764652840396754 0.38848920863309355 0.872858431018936 0.38848920863309355 0.8715058611361587 0.3908872901678657 0.8710550045085662 0.3996802557953637 0.8764652840396754 0.407673860911271
0 0.6379621280432822 0.34532374100719426 0.6429215509467989 0.3493205435651479 0.6627592425608656 0.3501199040767386 0.6713255184851218 0.34372501998401284 0.672678088367899 0.3397282174260592 0.6717763751127143 0.32773780975219824 0.6690712353471596 0.3229416466826539 0.6447249774571686 0.31894484412470026 0.6388638412984671 0.3205435651478817 0.6361587015329125 0.32454036770583533 0.636609558160505 0.3413269384492406 0.6379621280432822 0.34532374100719426
0 0.8570784490532011 0.4572342126298961 0.876014427412083 0.46442845723421267 0.8782687105500451 0.460431654676259 0.8764652840396754 0.4524380495603517 0.8706041478809738 0.44844124700239807 0.8584310189359784 0.44364508393285373 0.8552750225428314 0.44364508393285373 0.8534715960324617 0.44684252597921664 0.8530207394048693 0.4524380495603517 0.8570784490532011 0.4572342126298961
0 0.7272317403065826 0.548361310951239 0.7430117222723175 0.5491606714628298 0.7452660054102795 0.5459632294164669 0.7452660054102795 0.5379696243005596 0.74165915238954 0.5331734612310152 0.7276825969341749 0.5315747402078338 0.7254283137962128 0.5355715427657874 0.7249774571686204 0.542765787370104 0.7272317403065826 0.548361310951239
0 0.9391343552750226 0.24220623501199043 0.9413886384129847 0.2470023980815348 0.9517583408476105 0.25259792166266987 0.95536519386835 0.25259792166266987 0.9589720468890893 0.24860111910471622 0.9594229035166817 0.24220623501199043 0.9567177637511272 0.23741007194244604 0.9499549143372408 0.23261390887290168 0.9404869251577999 0.23101518784972022 0.9391343552750226 0.2334132693844924 0.9391343552750226 0.24220623501199043
0 0.9111812443642923 0.2517985611510791 0.9138863841298467 0.25739408473221426 0.9256086564472498 0.2637889688249401 0.9292155094679891 0.2637889688249401 0.9323715058611362 0.2589928057553957 0.9328223624887286 0.25099920063948844 0.9305680793507665 0.2478017585931255 0.9147880973850315 0.23900879296562752 0.9129846708746618 0.24060751398880897 0.9111812443642923 0.24380495603517185 0.9111812443642923 0.2517985611510791
0 0.9688908926961226 0.3133493205435652 0.9801623083859333 0.31974420463629094 0.9837691614066727 0.31974420463629094 0.9851217312894499 0.31734612310151883 0.9842200180342651 0.31175059952038375 0.9792605951307485 0.3069544364508393 0.9706943192064924 0.30135891286970423 0.9661857529305681 0.30375699440447645 0.9657348963029756 0.3085531574740208 0.9688908926961226 0.3133493205435652
0 0.89404869251578 0.8737010391686652 0.8985572587917042 0.8737010391686652 0.9008115419296664 0.8697042366107114 0.9093778178539225 0.827338129496403 0.9093778178539225 0.8161470823341327 0.9071235347159603 0.8105515587529977 0.900360685302074 0.8033573141486812 0.8963029756537422 0.8025579536370904 0.8935978358881875 0.8057553956834532 0.8904418394950405 0.8161470823341327 0.8832281334535618 0.8561151079136692 0.8836789900811541 0.8673061550759393 0.89404869251578 0.8737010391686652
0 0.9418394950405771 0.43884892086330934 0.9522091974752029 0.44604316546762596 0.9567177637511272 0.44604316546762596 0.9598737601442742 0.4420463629096723 0.9634806131650135 0.4268585131894485 0.963931469792606 0.4188649080735412 0.960775473399459 0.3996802557953637 0.9504057709648331 0.39408473221422863 0.9427412082957619 0.3932853717026379 0.9404869251577999 0.398880895283773 0.9386834986474301 0.416466826538769 0.9386834986474301 0.43325339728217427 0.9418394950405771 0.43884892086330934
0 0.47610459873760147 0.9856115107913669 0.49233543733092877 0.9872102318145485 0.49504057709648336 0.9840127897681855 0.4954914337240758 0.9584332533972821 0.49188458070333635 0.9488409272581935 0.4806131650135257 0.9480415667466028 0.4743011722272317 0.9520383693045564 0.47385031559963936 0.9800159872102319 0.47610459873760147 0.9856115107913669
0 0.10685302073940486 0.6986410871302958 0.1127141568981064 0.7034372501998403 0.12037871956717765 0.7026378896882494 0.1212804328223625 0.6866506794564349 0.11992786293958521 0.6738609112709832 0.11722272317403065 0.6698641087130296 0.10865644724977458 0.6682653876898482 0.10550045085662758 0.6706634692246204 0.10459873760144275 0.6746602717825739 0.10414788097385032 0.6858513189448442 0.10685302073940486 0.6986410871302958
0 0.5045085662759243 0.5603517186250999 0.5261496844003607 0.5635491606714629 0.5288548241659152 0.5403677058353318 0.5288548241659152 0.5323741007194245 0.5270513976555455 0.5283772981614708 0.5225428313796213 0.5259792166266987 0.5067628494138864 0.5267785771382895 0.5045085662759243 0.5275779376498801 0.503155996393147 0.5315747402078338 0.5027051397655545 0.5515587529976019 0.5045085662759243 0.5603517186250999
0 0.4977457168620379 0.10791366906474821 0.5256988277727683 0.1111111111111111 0.5270513976555455 0.10631494804156676 0.5256988277727683 0.0959232613908873 0.5229936880072137 0.09352517985611512 0.4990982867448151 0.08952837729816147 0.49413886384129846 0.09272581934452438 0.49368800721370604 0.10311750599520383 0.4977457168620379 0.10791366906474821
0 0.7285843101893598 0.5683453237410072 0.74165915238954 0.5683453237410072 0.7439134355275022 0.5667466027178258 0.7452660054102795 0.5619504396482814 0.7430117222723175 0.5555555555555556 0.7366997294860235 0.5523581135091926 0.7272317403065826 0.5515587529976019 0.7245266005410279 0.5563549160671463 0.7245266005410279 0.5643485211830536 0.7285843101893598 0.5683453237410072
0 0.10865644724977458 0.26458832933653076 0.130297565374211 0.2637889688249401 0.1650135256988278 0.2701838529176659 0.17853922452660054 0.2597921662669864 0.17989179440937783 0.2557953637090328 0.17853922452660054 0.24060751398880897 0.17222723174030657 0.23421262989608316 0.11947700631199279 0.2302158273381295 0.10459873760144275 0.23261390887290168 0.10099188458070334 0.23741007194244604 0.10009017132551848 0.24860111910471622 0.10865644724977458 0.26458832933653076
0 0.860234445446348 0.4372501998401279 0.8678990081154194 0.442845723421263 0.8791704238052299 0.4476418864908074 0.8827772768259693 0.44604316546762596 0.8841298467087467 0.442845723421263 0.8836789900811541 0.43804956035171866 0.8814247069431921 0.4348521183053557 0.8683498647430118 0.4276578737010392 0.8593327321911632 0.42845723421262993 0.8588818755635708 0.4348521183053557 0.860234445446348 0.4372501998401279
0 0.09197475202885483 0.7617905675459633 0.10144274120829576 0.7577937649880097 0.10459873760144275 0.7322142286171064 0.10550045085662758 0.704236610711431 0.10234445446348062 0.6826538768984812 0.09738503155996393 0.6778577138289369 0.08431018935978359 0.6802557953637091 0.0757439134355275 0.689048760991207 0.0739404869251578 0.7026378896882494 0.0739404869251578 0.7498001598721024 0.09197475202885483 0.7617905675459633
0 0.20333633904418397 0.3749000799360512 0.2060414788097385 0.39728217426059154 0.20874661857529306 0.4012789768185452 0.22678088367899008 0.40527577937649883 0.23309287646528404 0.40527577937649883 0.23805229936880073 0.4020783373301359 0.23895401262398558 0.38049560351718625 0.2339945897204689 0.3629096722621903 0.21145175834084762 0.36370903277378097 0.20513976555455368 0.3661071143085532 0.20333633904418397 0.37010391686650684 0.20333633904418397 0.3749000799360512
0 0.10504959422903516 0.32773780975219824 0.11136158701532912 0.32933653077537967 0.11632100991884581 0.3261390887290168 0.11857529305680793 0.3205435651478817 0.11812443642921551 0.31175059952038375 0.11361587015329126 0.2885691446842526 0.10595130748422002 0.2877697841726619 0.10414788097385032 0.29256594724220625 0.1036970243462579 0.3181454836131095 0.10504959422903516 0.32773780975219824
0 0.36203787195671777 0.8896882494004797 0.37691614066726786 0.8912869704236611 0.37917042380523 0.8880895283772982 0.3800721370604148 0.8721023181454837 0.3787195671776375 0.8689048760991207 0.3660955816050496 0.8657074340527579 0.3602344454463481 0.8689048760991207 0.35978358881875566 0.8800959232613909 0.36203787195671777 0.8896882494004797
0 0.9666366095581606 0.33253397282174263 0.9801623083859333 0.33892885691446845 0.9833183047790803 0.3341326938449241 0.9828674481514879 0.328537170263789 0.978809738503156 0.3237410071942446 0.9666366095581606 0.3165467625899281 0.9630297565374212 0.3165467625899281 0.960775473399459 0.3205435651478817 0.960775473399459 0.32693844924060755 0.9666366095581606 0.33253397282174263
0 0.6568981064021642 0.5987210231814549 0.6789900811541929 0.5987210231814549 0.6803426510369702 0.5859312549960032 0.6794409377817855 0.5707434052757794 0.6776375112714157 0.5651478816946442 0.6609558160504959 0.5603517186250999 0.6573489630297565 0.5619504396482814 0.654643823264202 0.5707434052757794 0.6541929666366095 0.5835331734612311 0.6568981064021642 0.5987210231814549
0 0.5 0.14468425259792167 0.5216411181244364 0.14548361310951238 0.524346257889991 0.14068745003996805 0.5252479711451759 0.13029576338928858 0.5225428313796213 0.12470023980815349 0.5085662759242561 0.12230215827338131 0.5013525698827773 0.12629896083133493 0.49864743011722273 0.1334932054356515 0.49864743011722273 0.14228617106314947 0.5 0.14468425259792167
0 0.34490532010820557 0.8840927258193446 0.3557258791704238 0.8792965627498002 0.35752930568079355 0.8745003996802558 0.35752930568079355 0.8689048760991207 0.3557258791704238 0.8657074340527579 0.33949504057709645 0.8657074340527579 0.33814247069431924 0.8689048760991207 0.33904418394950403 0.8792965627498002 0.34490532010820557 0.8840927258193446
0 0.4621280432822363 0.6434852118305356 0.4625788999098287 0.6690647482014389 0.4634806131650135 0.6738609112709832 0.4688908926961226 0.6834532374100719 0.47339945897204694 0.6826538768984812 0.47475202885482415 0.6746602717825739 0.47700631199278626 0.6722621902478018 0.49413886384129846 0.6738609112709832 0.4995491433724076 0.6658673061550759 0.5058611361587015 0.6658673061550759 0.5099188458070334 0.6610711430855316 0.5103697024346258 0.6322941646682655 0.5076645626690712 0.6195043964828137 0.48467087466185754 0.6139088729016786 0.4688908926961226 0.6139088729016786 0.46528403967538323 0.6195043964828137 0.46528403967538323 0.6322941646682655 0.4621280432822363 0.6434852118305356
0 0.11677186654643823 0.28617106314948043 0.11722272317403065 0.29416466826538773 0.11947700631199279 0.30135891286970423 0.13841298467087468 0.3061550759392486 0.15779981965734896 0.3077537969624301 0.1636609558160505 0.3045563549160672 0.16591523895401264 0.29896083133493206 0.16591523895401264 0.2821742605915268 0.1650135256988278 0.27817745803357313 0.1618575293056808 0.27577937649880097 0.11857529305680793 0.27098321342925663 0.11541929666366096 0.27258193445243806 0.11361587015329126 0.2765787370103917 0.11316501352569883 0.2821742605915268 0.11677186654643823 0.28617106314948043
0 0.9174932371505862 0.30295763389288566 0.9215509467989179 0.3053557154276579 0.9274120829576196 0.30375699440447645 0.9278629395852119 0.2997601918465228 0.9260595130748422 0.2949640287769784 0.9188458070333634 0.2901678657074341 0.9143372407574392 0.29096722621902477 0.9129846708746618 0.2965627498001599 0.9174932371505862 0.30295763389288566
0 0.10865644724977458 0.442845723421263 0.13210099188458072 0.4476418864908074 0.14021641118124437 0.4476418864908074 0.14337240757439135 0.4452438049560352 0.14472497745716864 0.4260591526778577 0.1442741208295762 0.4004796163069545 0.1406672678088368 0.38529176658673064 0.10865644724977458 0.3828936850519585 0.10640216411181244 0.3868904876099121 0.10550045085662758 0.39568345323741005 0.10550045085662758 0.4356514788169465 0.10865644724977458 0.442845723421263
0 0.4003606853020739 0.31734612310151883 0.4003606853020739 0.3365307753796963 0.40171325518485124 0.3429256594724221 0.40667267808836793 0.34612310151878495 0.42831379621280435 0.3493205435651479 0.4355275022542831 0.3445243804956035 0.4368800721370604 0.33812949640287776 0.4368800721370604 0.30935251798561153 0.4355275022542831 0.3061550759392486 0.4287646528403968 0.2997601918465228 0.4206492335437331 0.2965627498001599 0.40396753832281335 0.2965627498001599 0.402614968440036 0.31254996003197444 0.4003606853020739 0.31734612310151883
0 0.16095581605049597 0.3445243804956035 0.17222723174030657 0.34852118305355717 0.17808836789900812 0.34212629896083135 0.17718665464382327 0.32693844924060755 0.17493237150586113 0.3213429256594725 0.17177637511271418 0.31894484412470026 0.16321009918845808 0.31894484412470026 0.15960324616771868 0.3237410071942446 0.15915238954012625 0.33812949640287776 0.16095581605049597 0.3445243804956035
0 0.3417493237150586 0.8609112709832134 0.35978358881875566 0.859312549960032 0.35978358881875566 0.8521183053557154 0.35662759242560865 0.8473221422861711 0.34355275022542836 0.8441247002398081 0.34039675383228135 0.8473221422861711 0.33904418394950403 0.8561151079136692 0.3417493237150586 0.8609112709832134
0 0.7276825969341749 0.46282973621103124 0.7339945897204688 0.4668265387689848 0.7569882777276826 0.4684252597921663 0.7596934174932372 0.4660271782573941 0.7614968440036068 0.4420463629096723 0.7551848512173129 0.4244604316546763 0.729936880072137 0.4260591526778577 0.7263300270513976 0.43005595523581136 0.7258791704238052 0.4596322941646683 0.7276825969341749 0.46282973621103124
0 0.5085662759242561 0.24300559552358114 0.5189359783588818 0.24300559552358114 0.5225428313796213 0.2334132693844924 0.5216411181244364 0.2294164668265388 0.5189359783588818 0.2278177458033573 0.5045085662759243 0.2302158273381295 0.5049594229035167 0.24060751398880897 0.5085662759242561 0.24300559552358114
0 0.6825969341749324 0.14948041566746603 0.6992786293958522 0.1510791366906475 0.7015329125338142 0.1486810551558753 0.7015329125338142 0.13269384492406078 0.6979260595130748 0.12470023980815349 0.6911632100991884 0.12150279776179057 0.6803426510369702 0.12310151878497202 0.6798917944093779 0.13269384492406078 0.6825969341749324 0.14948041566746603
0 0.49098286744815145 0.19104716227018384 0.5220919747520288 0.19104716227018384 0.5238954012623985 0.18225419664268586 0.5220919747520288 0.17426059152677859 0.5153291253381425 0.17106314948041568 0.49098286744815145 0.17106314948041568 0.4860234445446348 0.1750599520383693 0.48647430117222723 0.18864908073541167 0.49098286744815145 0.19104716227018384
0 0.5036068530207394 0.20623501199040767 0.5049594229035167 0.20863309352517986 0.5148782687105501 0.21023181454836132 0.521190261496844 0.21422861710631497 0.5229936880072137 0.2126298960831335 0.5238954012623985 0.19824140687450043 0.5225428313796213 0.1918465227817746 0.5198376916140668 0.19424460431654678 0.5049594229035167 0.19424460431654678 0.5036068530207394 0.19664268585131894 0.5036068530207394 0.20623501199040767
0 0.36113615870153287 0.9536370903277379 0.37736699729486023 0.9544364508393286 0.3796212804328224 0.9512390087929657 0.37917042380523 0.9440447641886491 0.3764652840396754 0.9368505195843326 0.3692515779981966 0.938449240607514 0.36203787195671777 0.9360511590727418 0.35888187556357076 0.9400479616306955 0.357980162308386 0.9496402877697842 0.36113615870153287 0.9536370903277379
0 0.872858431018936 0.24300559552358114 0.8931469792605952 0.2517985611510791 0.9017132551848512 0.25099920063948844 0.9062218214607755 0.23181454836131096 0.9062218214607755 0.22541966426858515 0.9044183949504058 0.22062350119904078 0.8877366997294861 0.21662669864108713 0.8764652840396754 0.20543565147881696 0.8724075743913436 0.20543565147881696 0.8710550045085662 0.21183053557154277 0.8706041478809738 0.23101518784972022 0.872858431018936 0.24300559552358114
0 0.9386834986474301 0.2701838529176659 0.9517583408476105 0.2765787370103917 0.9549143372407575 0.2749800159872102 0.9562669071235348 0.27098321342925663 0.95536519386835 0.2613908872901679 0.9522091974752029 0.25739408473221426 0.9391343552750226 0.25259792166266987 0.9368800721370605 0.25819344524380494 0.936429215509468 0.26458832933653076 0.9386834986474301 0.2701838529176659
0 0.8881875563570785 0.36850519584332536 0.9012623985572588 0.3828936850519585 0.9062218214607755 0.38049560351718625 0.9057709648331831 0.37090327737809753 0.8958521190261496 0.3629096722621903 0.8877366997294861 0.35091926458832934 0.8832281334535618 0.3501199040767386 0.8796212804328223 0.3557154276578737 0.8800721370604149 0.36370903277378097 0.8881875563570785 0.36850519584332536
0 0.5067628494138864 0.2613908872901679 0.5189359783588818 0.2621902478017586 0.5229936880072137 0.2557953637090328 0.5225428313796213 0.25099920063948844 0.5202885482416592 0.2478017585931255 0.5072137060414789 0.2470023980815348 0.5040577096483319 0.24940047961630699 0.503155996393147 0.25819344524380494 0.5067628494138864 0.2613908872901679
0 0.6348061316501352 0.5603517186250999 0.6487826871055005 0.5643485211830536 0.6519386834986475 0.5643485211830536 0.6550946798917944 0.5603517186250999 0.6541929666366095 0.5507593924860112 0.6514878268710551 0.5443645083932854 0.6370604147880974 0.542765787370104 0.6352569882777277 0.5467625899280576 0.6339044183949504 0.5571542765787371 0.6348061316501352 0.5603517186250999
0 0.7254283137962128 0.8848920863309353 0.7276825969341749 0.8912869704236611 0.7484220018034266 0.8920863309352519 0.7511271415689811 0.8864908073541167 0.7502254283137962 0.8776978417266187 0.7484220018034266 0.8745003996802558 0.7263300270513976 0.8737010391686652 0.7249774571686204 0.8760991207034373 0.7254283137962128 0.8848920863309353
0 0.7028854824165914 0.6754596322941646 0.7051397655545536 0.6770583533173462 0.7443642921550947 0.6810551558752997 0.7479711451758341 0.6786570743405277 0.7488728584310189 0.6746602717825739 0.7484220018034266 0.6506794564348523 0.7461677186654645 0.6402877697841727 0.7434625788999099 0.636290967226219 0.7186654643823265 0.6330935251798562 0.7046889089269612 0.6338928856914469 0.7028854824165914 0.636290967226219 0.7019837691614067 0.6498800959232613 0.7015329125338142 0.6690647482014389 0.7028854824165914 0.6754596322941646
0 0.6492335437330929 0.9768185451638689 0.6528403967538323 0.9808153477218226 0.675834084761046 0.9816147082334133 0.6780883678990081 0.9752198241406874 0.6785392245266005 0.9640287769784173 0.6771866546438233 0.9552358113509193 0.6735798016230838 0.9488409272581935 0.6528403967538323 0.9496402877697842 0.6501352569882777 0.9512390087929657 0.6483318304779081 0.9568345323741008 0.6478809738503156 0.9688249400479617 0.6492335437330929 0.9768185451638689
0 0.9720468890892696 0.2869704236610712 0.9801623083859333 0.2901678657074341 0.9824165915238955 0.2885691446842526 0.9864743011722273 0.266986410871303 0.9842200180342651 0.2517985611510791 0.9806131650135257 0.24620303756994405 0.9729486023444545 0.2470023980815348 0.9697926059513075 0.2533972821742606 0.967087466185753 0.2741806554756195 0.967087466185753 0.2805755395683453 0.9720468890892696 0.2869704236610712
0 0.481965734896303 0.8952837729816148 0.48692515779981965 0.897681854516387 0.4945897204688909 0.8952837729816148 0.49413886384129846 0.8689048760991207 0.4837691614066727 0.8665067945643485 0.48016230838593327 0.8752997601918465 0.48016230838593327 0.8912869704236611 0.481965734896303 0.8952837729816148
0 0.4634806131650135 0.8936850519584333 0.47385031559963936 0.8936850519584333 0.47745716862037874 0.8816946442845724 0.47971145175834085 0.8928856914468426 0.4824165915238954 0.8960831334932055 0.49188458070333635 0.8968824940047961 0.49368800721370604 0.894484412470024 0.49504057709648336 0.8880895283772982 0.49413886384129846 0.8697042366107114 0.48647430117222723 0.8657074340527579 0.4806131650135257 0.8585131894484412 0.4625788999098287 0.8585131894484412 0.4612263300270514 0.8609112709832134 0.46077547339945896 0.8760991207034373 0.4634806131650135 0.8936850519584333
0 0.6055004508566276 0.5539568345323741 0.630297565374211 0.5563549160671463 0.6311992786293958 0.5523581135091926 0.6311992786293958 0.5435651478816946 0.6293958521190262 0.5387689848121503 0.6077547339945897 0.5355715427657874 0.6036970243462578 0.5395683453237411 0.6032461677186655 0.5467625899280576 0.6055004508566276 0.5539568345323741
0 0.6442741208295762 0.2589928057553957 0.6609558160504959 0.2597921662669864 0.6645626690712354 0.2589928057553957 0.6654643823264202 0.2557953637090328 0.6645626690712354 0.2501998401278977 0.657799819657349 0.2470023980815348 0.6406672678088369 0.2478017585931255 0.6411181244364292 0.2565947242206235 0.6442741208295762 0.2589928057553957
0 0.6429215509467989 0.23820943245403678 0.6582506762849414 0.23980815347721826 0.6609558160504959 0.23741007194244604 0.6609558160504959 0.2302158273381295 0.6582506762849414 0.2270183852917666 0.6411181244364292 0.2270183852917666 0.6411181244364292 0.2334132693844924 0.6429215509467989 0.23820943245403678
0 0.12398557258791705 0.8641087130295764 0.13480613165013525 0.8641087130295764 0.14021641118124437 0.8529176658673061 0.14337240757439135 0.8569144684252599 0.1510369702434626 0.8561151079136692 0.15554553651938682 0.8489208633093526 0.1568981064021641 0.82414068745004 0.15599639314697925 0.8105515587529977 0.1501352569882777 0.7945643485211831 0.1442741208295762 0.7921662669864108 0.1375112714156898 0.7929656274980017 0.13570784490532012 0.806554756195044 0.1339044183949504 0.8105515587529977 0.12353471596032461 0.8129496402877698 0.12173128944995491 0.815347721822542 0.11812443642921551 0.8377298161470824 0.11812443642921551 0.8585131894484412 0.12398557258791705 0.8641087130295764
0 0.9350766456266908 0.293365307753797 0.9495040577096483 0.2973621103117506 0.9535617673579802 0.2901678657074341 0.9531109107303878 0.28617106314948043 0.9504057709648331 0.2829736211031175 0.9355275022542832 0.2733812949640288 0.9314697926059514 0.2741806554756195 0.9256086564472498 0.2677857713828937 0.9143372407574392 0.2637889688249401 0.9111812443642923 0.2685851318944844 0.9111812443642923 0.2797761790567546 0.9350766456266908 0.293365307753797
0 0.9842200180342651 0.47322142286171065 0.9941388638412986 0.48201438848920863 0.9995491433724076 0.48201438848920863 0.9995491433724076 0.4404476418864908 0.9950405770964834 0.4372501998401279 0.9909828674481516 0.43804956035171866 0.9864743011722273 0.45163868904876103 0.9842200180342651 0.46442845723421267 0.9842200180342651 0.47322142286171065
0 0.8800721370604149 0.390087929656275 0.8935978358881875 0.39728217426059154 0.897204688908927 0.39648281374900085 0.8990081154192966 0.3908872901678657 0.8990081154192966 0.38529176658673064 0.89404869251578 0.37969624300559557 0.8818755635707846 0.37170263788968827 0.8764652840396754 0.37170263788968827 0.8755635707844905 0.3749000799360512 0.8755635707844905 0.3844924060751399 0.8800721370604149 0.390087929656275
0 0.4945897204688909 0.08393285371702638 0.5184851217312895 0.08713029576338929 0.5261496844003607 0.08713029576338929 0.5279531109107304 0.08473221422861711 0.5279531109107304 0.0783373301358913 0.5256988277727683 0.07274180655475619 0.4882777276825969 0.07034372501998402 0.4882777276825969 0.0783373301358913 0.4945897204688909 0.08393285371702638