0 0.9368800721370605 0.011990407673860913 0.9567177637511272 0.019184652278177457 0.9634806131650135 0.019184652278177457 0.9643823264201984 0.01598721023181455 0.9643823264201984 0.004796163069544364 0.9630297565374212 0 0.9341749323715058 0 0.933273219116321 0.007993605115907274 0.9368800721370605 0.011990407673860913
0 0.8935978358881875 0.10311750599520383 0.8958521190261496 0.10551558752997602 0.9093778178539225 0.1047162270183853 0.933273219116321 0.10791366906474821 0.9368800721370605 0.10391686650679458 0.9373309287646528 0.07993605115907274 0.9323715058611362 0.07274180655475619 0.8976555455365194 0.0671462829736211 0.8944995491433724 0.06954436450839328 0.8926961226330028 0.07434052757793765 0.8922452660054103 0.09672262190247803 0.8935978358881875 0.10311750599520383
0 0.9486023444544635 0.14708233413269386 0.958521190261497 0.14548361310951238 0.9603246167718665 0.14068745003996805 0.9616771866546439 0.11750599520383694 0.960775473399459 0.09112709832134293 0.9562669071235348 0.08713029576338929 0.9422903516681695 0.08393285371702638 0.939585211902615 0.09192645883293366 0.9386834986474301 0.10631494804156676 0.9382326420198377 0.14228617106314947 0.9486023444544635 0.14708233413269386
0 0.18890892696122633 0.6147082334132695 0.1956717763751127 0.6179056754596324 0.2037871956717764 0.6163069544364509 0.20559062218214608 0.6051159072741806 0.20559062218214608 0.5883293365307755 0.20333633904418397 0.5819344524380495 0.18845807033363393 0.5803357314148682 0.18394950405770966 0.5891286970423661 0.18440036068530208 0.6051159072741806 0.18890892696122633 0.6147082334132695
0 0 0.7258193445243806 0.004959422903516681 0.7258193445243806 0.006762849413886384 0.7226219024780176 0.008115419296663661 0.7106314948041567 0.01127141568981064 0.6506794564348523 0.00721370604147881 0.636290967226219 0.0018034265103697026 0.6314948041566747 0 0.6314948041566747 0 0.7258193445243806
0 0.9102795311091073 0.9288569144684253 0.9296663660955816 0.9304556354916067 0.9323715058611362 0.929656274980016 0.9355275022542832 0.9240607513988809 0.9355275022542832 0.9136690647482014 0.9323715058611362 0.9088729016786572 0.9071235347159603 0.9032773780975221 0.9039675383228134 0.9056754596322941 0.9030658250676284 0.9128697042366107 0.903516681695221 0.9248601119104717 0.9102795311091073 0.9288569144684253
0 0.8976555455365194 0.1366906474820144 0.9242560865644726 0.14148681055155876 0.933273219116321 0.14148681055155876 0.936429215509468 0.13908872901678657 0.9373309287646528 0.11510791366906475 0.9355275022542832 0.1111111111111111 0.9220018034265104 0.10791366906474821 0.8976555455365194 0.10711430855315748 0.8935978358881875 0.11191047162270185 0.8931469792605952 0.12549960031974422 0.8976555455365194 0.1366906474820144
0 0 0.6266986410871304 0.011722272317403066 0.6282973621103117 0.013525698827772768 0.6258992805755397 0.018034265103697024 0.5515587529976019 0.015329125338142471 0.5467625899280576 0.0063119927862939585 0.5435651478816946 0 0.5435651478816946 0 0.6266986410871304
0 0.9612263300270514 0.07753796962430057 0.9630297565374212 0.07034372501998402 0.9630297565374212 0.02557953637090328 0.9562669071235348 0.02158273381294964 0.9427412082957619 0.019984012789768184 0.9409377817853922 0.023181454836131096 0.9404869251577999 0.029576338928856916 0.9409377817853922 0.07434052757793765 0.9612263300270514 0.07753796962430057
0 0.9188458070333634 0.9040767386091128 0.9355275022542832 0.906474820143885 0.9436429215509469 0.9008792965627499 0.9427412082957619 0.885691446842526 0.9391343552750226 0.8784972022382095 0.9211000901713255 0.8776978417266187 0.9165915238954013 0.8824940047961631 0.9147880973850315 0.894484412470024 0.9188458070333634 0.9040767386091128
0 0.89404869251578 0.06314948041566747 0.8963029756537422 0.06554756195043965 0.9310189359783588 0.07034372501998402 0.9337240757439135 0.0671462829736211 0.9359783588818756 0.05355715427657874 0.9359783588818756 0.03996802557953637 0.933273219116321 0.03597122302158274 0.926961226330027 0.03357314148681055 0.8967538322813345 0.0319744204636291 0.8949504057709649 0.03437250199840128 0.89404869251578 0.04156674660271783 0.8931469792605952 0.05675459632294165 0.89404869251578 0.06314948041566747
0 0.8967538322813345 0.02238209432454037 0.8981064021641119 0.024780175859312553 0.9093778178539225 0.02797761790567546 0.9287646528403968 0.02877697841726619 0.930117222723174 0.026378896882494004 0.930117222723174 0 0.8963029756537422 0 0.8967538322813345 0.02238209432454037