0 0.9044183949504058 0.26298960831334933 0.9310189359783588 0.2685851318944844 0.9391343552750226 0.2685851318944844 0.9409377817853922 0.26538768984812156 0.9422903516681695 0.25819344524380494 0.9427412082957619 0.23421262989608316 0.9404869251577999 0.22621902478017586 0.9337240757439135 0.22302158273381298 0.9170423805229937 0.2222222222222222 0.9080252479711453 0.21582733812949642 0.9044183949504058 0.21582733812949642 0.9030658250676284 0.22462030375699443 0.9026149684400361 0.25819344524380494 0.9044183949504058 0.26298960831334933
0 0.49008115419296666 0.7737809752198243 0.49233543733092877 0.7777777777777778 0.5401262398557259 0.7737809752198243 0.5441839495040577 0.7729816147082335 0.5464382326420198 0.7697841726618705 0.5464382326420198 0.7410071942446044 0.5437330928764653 0.7338129496402878 0.5139765554553652 0.7338129496402878 0.49413886384129846 0.7370103916866507 0.4882777276825969 0.7410071942446044 0.4882777276825969 0.7601918465227818 0.49008115419296666 0.7737809752198243
0 0.3137962128043282 0.7689848121502798 0.3174030658250676 0.7833733013589129 0.32822362488728585 0.7865707434052758 0.33814247069431924 0.7841726618705037 0.3408476104598738 0.78017585931255 0.34039675383228135 0.7617905675459633 0.3363390441839495 0.7498001598721024 0.32191163210099194 0.7498001598721024 0.3151487826871055 0.7529976019184652 0.3137962128043282 0.7553956834532374 0.3137962128043282 0.7689848121502798
0 0.5491433724075744 0.2470023980815348 0.5622182146077548 0.2501998401278977 0.5653742110009017 0.24860111910471622 0.5671776375112715 0.24380495603517185 0.5671776375112715 0.23261390887290168 0.560414788097385 0.21902478017585933 0.5495942290351669 0.21982414068745004 0.5459873760144275 0.2278177458033573 0.545536519386835 0.24220623501199043 0.5491433724075744 0.2470023980815348
0 0.03922452660054102 0.47641886490807356 0.04508566275924256 0.4772182254196643 0.07529305680793508 0.4668265387689848 0.07889990982867448 0.4636290967226219 0.07889990982867448 0.45803357314148685 0.07799819657348962 0.45483613109512394 0.07303877366997295 0.4540367705835332 0.03832281334535618 0.4668265387689848 0.03787195671776375 0.4740207833733014 0.03922452660054102 0.47641886490807356
0 0.6194770063119928 0.7282174260591526 0.6438232642019839 0.7250199840127898 0.6469792605951307 0.7170263788968825 0.6465284039675383 0.7090327737809753 0.6442741208295762 0.704236610711431 0.6167718665464382 0.7050359712230216 0.6163210099188459 0.718625099920064 0.6194770063119928 0.7282174260591526
0 0.5247971145175834 0.23980815347721826 0.5311091073038774 0.24380495603517185 0.5410279531109107 0.24300559552358114 0.542380522993688 0.21822541966426862 0.5396753832281335 0.19904076738609114 0.5360685302073941 0.19344524380495606 0.5293056807935077 0.1918465227817746 0.524346257889991 0.20223820943245407 0.5234445446348062 0.23101518784972022 0.5247971145175834 0.23980815347721826
0 0.5545536519386834 0.17106314948041568 0.566726780883679 0.17346123101518784 0.5707844905320109 0.17106314948041568 0.5712353471596032 0.1574740207833733 0.5694319206492335 0.15027977617905677 0.5649233543733093 0.14788169464428458 0.5527502254283138 0.15027977617905677 0.5522993688007214 0.1630695443645084 0.5545536519386834 0.17106314948041568
0 0.5108205590622182 0.3413269384492406 0.5153291253381425 0.3397282174260592 0.5157799819657348 0.3149480415667466 0.5130748422001803 0.3053557154276579 0.4981965734896303 0.302158273381295 0.49639314697926057 0.30935251798561153 0.4954914337240758 0.33573141486810554 0.5108205590622182 0.3413269384492406
0 0.9508566275924257 0.9952038369304558 0.9693417493237151 0.9952038369304558 0.9715960324616773 0.9784172661870505 0.9715960324616773 0.9608313349320544 0.9702434625789 0.9536370903277379 0.9630297565374212 0.947242206235012 0.9522091974752029 0.9464428457234213 0.9495040577096483 0.9512390087929657 0.9490532010820559 0.9800159872102319 0.9508566275924257 0.9952038369304558
0 0.6650135256988278 0.8041566746602719 0.694770063119928 0.8001598721023181 0.7010820559062219 0.7961630695443646 0.6997294860234445 0.7873701039168666 0.6974752028854824 0.7849720223820944 0.6681695220919748 0.7873701039168666 0.6632100991884582 0.7905675459632294 0.6623083859332732 0.8001598721023181 0.6650135256988278 0.8041566746602719
0 0.37330928764652843 0.7705835331734613 0.3868349864743012 0.7689848121502798 0.3976555455365194 0.765787370103917 0.4008115419296664 0.762589928057554 0.4003606853020739 0.748201438848921 0.3967538322813345 0.7426059152677859 0.3710550045085663 0.7458033573141487 0.3710550045085663 0.7649880095923263 0.37330928764652843 0.7705835331734613
0 0.4310189359783589 0.3317346123101519 0.44409377817853923 0.3317346123101519 0.4477006311992786 0.328537170263789 0.4495040577096483 0.3061550759392486 0.445897204688909 0.29096722621902477 0.4323715058611362 0.28936850519584334 0.4292155094679892 0.2973621103117506 0.4287646528403968 0.3045563549160672 0.42831379621280435 0.3213429256594725 0.4310189359783589 0.3317346123101519
0 0.30928764652840396 0.8489208633093526 0.32281334535617673 0.8489208633093526 0.327321911632101 0.8433253397282174 0.32642019837691616 0.8305355715427658 0.32326420198376915 0.8225419664268585 0.3106402164111813 0.8225419664268585 0.30613165013525695 0.8305355715427658 0.30613165013525695 0.841726618705036 0.30928764652840396 0.8489208633093526
0 0.674932371505861 0.2222222222222222 0.6916140667267809 0.22621902478017586 0.6943192064923354 0.2214228617106315 0.6943192064923354 0.2126298960831335 0.6916140667267809 0.2070343725019984 0.675834084761046 0.2038369304556355 0.6722272317403066 0.20623501199040767 0.6722272317403066 0.21742605915267785 0.674932371505861 0.2222222222222222
0 0.47520288548241657 0.3317346123101519 0.4806131650135257 0.33573141486810554 0.49368800721370604 0.3349320543565148 0.4959422903516682 0.32454036770583533 0.496844003606853 0.30295763389288566 0.4954914337240758 0.2965627498001599 0.4914337240757439 0.29416466826538773 0.47700631199278626 0.293365307753797 0.47565374211000905 0.2981614708233413 0.4743011722272317 0.3261390887290168 0.47520288548241657 0.3317346123101519
0 0.6149684400360685 0.3413269384492406 0.6343552750225429 0.3429256594724221 0.6370604147880974 0.33892885691446845 0.6375112714156899 0.3261390887290168 0.633453561767358 0.31734612310151883 0.627141568981064 0.3149480415667466 0.6158701532912535 0.31574740207833735 0.6122633002705139 0.3229416466826539 0.6118124436429215 0.33733013589128696 0.6149684400360685 0.3413269384492406
0 0.8142470694319207 0.2030375699440448 0.8169522091974751 0.21662669864108713 0.8358881875563571 0.21982414068745004 0.8417493237150586 0.22302158273381298 0.8525698827772769 0.2222222222222222 0.8543733092876465 0.21982414068745004 0.8561767357980163 0.21183053557154277 0.8566275924256087 0.1750599520383693 0.8521190261496844 0.15987210231814547 0.825067628494139 0.15827338129496404 0.8205590622182147 0.16067146282973624 0.8169522091974751 0.16866506794564348 0.8137962128043282 0.18705035971223025 0.8142470694319207 0.2030375699440448
0 0.8904418394950405 0.8896882494004797 0.9075743913435527 0.8920863309352519 0.9089269612263301 0.876898481215028 0.9071235347159603 0.8697042366107114 0.8967538322813345 0.8665067945643485 0.8899909828674482 0.8729016786570745 0.8890892696122633 0.8832933653077538 0.8904418394950405 0.8896882494004797
0 0.05049594229035167 0.8601119104716227 0.09062218214607755 0.8561151079136692 0.09873760144274121 0.8545163868904877 0.10054102795311091 0.8521183053557154 0.09918845807033362 0.8377298161470824 0.1018935978358882 0.8321342925659473 0.1018935978358882 0.8257394084732215 0.09873760144274121 0.8073541167066347 0.09107303877366997 0.8057553956834532 0.0793507664562669 0.8113509192645884 0.04959422903516681 0.8121502797761792 0.04643823264201984 0.815347721822542 0.047790802524797116 0.8497202238209433 0.05049594229035167 0.8601119104716227
0 0.38548241659152394 0.3053557154276579 0.38999098286744815 0.3077537969624301 0.4008115419296664 0.3053557154276579 0.4008115419296664 0.28936850519584334 0.3976555455365194 0.2813749000799361 0.38818755635707847 0.2749800159872102 0.38322813345356177 0.27817745803357313 0.3827772768259694 0.29896083133493206 0.38548241659152394 0.3053557154276579
0 0.044634806131650134 0.43884892086330934 0.046889089269612265 0.4420463629096723 0.06853020739404869 0.44844124700239807 0.07484220018034266 0.44844124700239807 0.07619477006311993 0.44604316546762596 0.07439134355275022 0.4372501998401279 0.05590622182146077 0.43005595523581136 0.04643823264201984 0.4292565947242206 0.044634806131650134 0.4324540367705836 0.044634806131650134 0.43884892086330934
0 0.9589720468890893 0.8864908073541167 0.9666366095581606 0.8904876099120704 0.9702434625789 0.8888888888888888 0.9720468890892696 0.8800959232613909 0.9706943192064924 0.8673061550759393 0.9666366095581606 0.8641087130295764 0.9580703336339044 0.8657074340527579 0.9571686203787195 0.8776978417266187 0.9589720468890893 0.8864908073541167
0 0.3660955816050496 0.8409272581934453 0.37466185752930564 0.841726618705036 0.3787195671776375 0.8377298161470824 0.37601442741208296 0.815347721822542 0.3656447249774572 0.8137490007993605 0.3633904418394951 0.8169464428457234 0.36384129846708746 0.8337330135891287 0.3660955816050496 0.8409272581934453
0 0.8611361587015329 0.055155875299760196 0.8629395852119026 0.05755395683453238 0.8692515779981966 0.0583533173461231 0.8809738503155997 0.055155875299760196 0.8827772768259693 0.050359712230215826 0.8832281334535618 0.015187849720223821 0.8805229936880072 0 0.8660955816050496 0 0.8620378719567178 0.01598721023181455 0.8606853020739406 0.03517186250999201 0.8611361587015329 0.055155875299760196
0 0.348512173128945 0.8113509192645884 0.35662759242560865 0.8113509192645884 0.3660955816050496 0.8073541167066347 0.3692515779981966 0.8025579536370904 0.3692515779981966 0.7921662669864108 0.366546438232642 0.7817745803357314 0.35437330928764654 0.7825739408473221 0.3471596032461677 0.7865707434052758 0.3462578899909829 0.7929656274980017 0.348512173128945 0.8113509192645884
0 0.6185752930568079 0.8057553956834532 0.6289449954914338 0.806554756195044 0.6442741208295762 0.8017585931254997 0.6447249774571686 0.7841726618705037 0.6411181244364292 0.7689848121502798 0.6199278629395851 0.7689848121502798 0.6158701532912535 0.7729816147082335 0.6154192966636609 0.7929656274980017 0.6185752930568079 0.8057553956834532
0 0.9251577998196574 0.9720223820943246 0.9292155094679891 0.9688249400479617 0.9310189359783588 0.9640287769784173 0.9319206492335438 0.9464428457234213 0.9292155094679891 0.9408473221422862 0.9156898106402165 0.938449240607514 0.9111812443642923 0.9416466826538769 0.9098286744815148 0.9544364508393286 0.9102795311091073 0.9712230215827339 0.9251577998196574 0.9720223820943246
0 0.3904418394950406 0.6714628297362111 0.39269612263300274 0.6826538768984812 0.4044183949504058 0.6818545163868905 0.41027953110910736 0.6778577138289369 0.41073038773669973 0.6674660271782575 0.40802524797114514 0.6562749800159873 0.39269612263300274 0.6586730615507593 0.3904418394950406 0.6626698641087131 0.3904418394950406 0.6714628297362111
0 0.5225428313796213 0.29896083133493206 0.5342651036970244 0.3045563549160672 0.5405770964833183 0.3045563549160672 0.5464382326420198 0.29896083133493206 0.5468890892696122 0.2821742605915268 0.5450856627592425 0.2741806554756195 0.542380522993688 0.2701838529176659 0.5220919747520288 0.26618705035971224 0.5198376916140668 0.27577937649880097 0.5198376916140668 0.2901678657074341 0.5225428313796213 0.29896083133493206
0 0.2862939585211903 0.2973621103117506 0.31018935978358886 0.30135891286970423 0.31785392245266003 0.30135891286970423 0.32146077547339946 0.2973621103117506 0.31875563570784493 0.2765787370103917 0.3160504959422904 0.2717825739408473 0.28990081154192965 0.26538768984812156 0.2862939585211903 0.266986410871303 0.284941388638413 0.27098321342925663 0.28403967538322816 0.293365307753797 0.2862939585211903 0.2973621103117506
0 0.3710550045085663 0.8081534772182254 0.3782687105500451 0.8121502797761792 0.3913435527502254 0.8113509192645884 0.3954012623985573 0.8073541167066347 0.3954012623985573 0.7849720223820944 0.3904418394950406 0.7753796962430056 0.37150586113615874 0.7777777777777778 0.3692515779981966 0.78017585931255 0.3692515779981966 0.800959232613909 0.3710550045085663 0.8081534772182254
0 0.20784490532010821 0.7929656274980017 0.22678088367899008 0.7961630695443646 0.2285843101893598 0.7945643485211831 0.2285843101893598 0.7769784172661871 0.22633002705139765 0.7681854516386891 0.2164111812443643 0.7665867306155076 0.20784490532010821 0.7689848121502798 0.20559062218214608 0.7721822541966427 0.20784490532010821 0.7929656274980017
0 0.8692515779981966 0.9848121502797762 0.8773669972948602 0.982414068745004 0.8791704238052299 0.9744204636290967 0.8773669972948602 0.9568345323741008 0.8737601442741209 0.9520383693045564 0.8683498647430118 0.9512390087929657 0.866546438232642 0.9528377298161471 0.8656447249774571 0.959232613908873 0.8660955816050496 0.982414068745004 0.8692515779981966 0.9848121502797762
0 0.8926961226330028 0.38049560351718625 0.8949504057709649 0.38529176658673064 0.9012623985572588 0.3876898481215028 0.9274120829576196 0.3892885691446843 0.9319206492335438 0.3876898481215028 0.9328223624887286 0.38529176658673064 0.9341749323715058 0.3557154276578737 0.9319206492335438 0.35091926458832934 0.9093778178539225 0.3501199040767386 0.8990081154192966 0.3445243804956035 0.89404869251578 0.34612310151878495 0.8922452660054103 0.35091926458832934 0.891794409377818 0.37250199840127896 0.8926961226330028 0.38049560351718625
0 0.151487826871055 0.8457234212629897 0.16456266907123535 0.8457234212629897 0.1672678088367899 0.841726618705036 0.16681695220919746 0.8313349320543566 0.16140667267808836 0.8201438848920864 0.1532912533814247 0.8201438848920864 0.1478809738503156 0.8249400479616307 0.1492335437330929 0.8393285371702638 0.151487826871055 0.8457234212629897
0 0.27547339945897203 0.6626698641087131 0.2871956717763751 0.6626698641087131 0.28764652840396754 0.64828137490008 0.2862939585211903 0.6410871302957634 0.2799819657348963 0.6394884092725819 0.2727682596934175 0.6434852118305356 0.2723174030658251 0.6538768984812151 0.27547339945897203 0.6626698641087131
0 0.8124436429215509 0.26538768984812156 0.8169522091974751 0.266986410871303 0.8246167718665464 0.26538768984812156 0.8291253381424708 0.25099920063948844 0.8286744815148782 0.23980815347721826 0.8237150586113616 0.23261390887290168 0.8165013525698828 0.23101518784972022 0.8119927862939585 0.23261390887290168 0.8106402164111812 0.23980815347721826 0.8106402164111812 0.2621902478017586 0.8124436429215509 0.26538768984812156
0 0.8246167718665464 0.9992006394884093 0.8399458972046889 0.9992006394884093 0.8390441839495041 0.9864108713029576 0.8349864743011722 0.9768185451638689 0.8282236248872858 0.9712230215827339 0.825067628494139 0.982414068745004 0.8232642019837692 0.9928057553956835 0.8246167718665464 0.9992006394884093
0 0.6492335437330929 0.7378097521982414 0.6550946798917944 0.7386091127098321 0.7082957619477006 0.7250199840127898 0.7110009017132553 0.7218225419664269 0.7119026149684401 0.7122302158273383 0.7110009017132553 0.7066346922462031 0.7069431920649234 0.7018385291766587 0.6988277727682598 0.7018385291766587 0.6474301172227231 0.7178257394084733 0.6460775473399459 0.7242206235011991 0.6492335437330929 0.7378097521982414
0 0.45626690712353474 0.328537170263789 0.4648331830477908 0.3317346123101519 0.47249774571686204 0.33013589128697046 0.47475202885482415 0.31175059952038375 0.47339945897204694 0.30135891286970423 0.45671776375112716 0.2997601918465228 0.45446348061316505 0.30295763389288566 0.4540126239855726 0.31015187849720227 0.45626690712353474 0.328537170263789
0 0.2687105500450857 0.7274180655475619 0.27186654643823266 0.7250199840127898 0.2871956717763751 0.7266187050359713 0.3034265103697024 0.7242206235011991 0.30883678990081154 0.7218225419664269 0.31244364292155097 0.7170263788968825 0.31018935978358886 0.7026378896882494 0.31018935978358886 0.6858513189448442 0.30477908025247974 0.6714628297362111 0.26375112714156895 0.6778577138289369 0.26149684400360684 0.6786570743405277 0.25969341749323716 0.6834532374100719 0.26149684400360684 0.7202238209432456 0.2687105500450857 0.7274180655475619
0 0.12623985572587917 0.8665067945643485 0.12759242560865644 0.8705035971223022 0.12984670874661858 0.8729016786570745 0.14156898106402163 0.8737010391686652 0.1510369702434626 0.8673061550759393 0.1510369702434626 0.8545163868904877 0.14833183047790804 0.8345323741007195 0.1460775473399459 0.8289368505195844 0.14382326420198377 0.8265387689848122 0.12623985572587917 0.8281374900079936 0.12443642921550947 0.8321342925659473 0.12623985572587917 0.8665067945643485
0 0.05004508566275924 0.4260591526778577 0.0739404869251578 0.434052757793765 0.07619477006311993 0.4292565947242206 0.0757439134355275 0.42206235011990406 0.07348963029756538 0.4188649080735412 0.05725879170423805 0.4132693844924061 0.04824165915238954 0.41486810551558756 0.04643823264201984 0.4188649080735412 0.05004508566275924 0.4260591526778577
0 0.9941388638412986 0.9880095923261392 0.9995491433724076 0.9856115107913669 0.9995491433724076 0.9560351718625101 0.9945897204688909 0.9512390087929657 0.9905320108205591 0.959232613908873 0.9909828674481516 0.9856115107913669 0.9941388638412986 0.9880095923261392
0 0.6194770063119928 0.7490007993605117 0.6402164111812444 0.7490007993605117 0.6442741208295762 0.7426059152677859 0.6438232642019839 0.7386091127098321 0.6411181244364292 0.7346123101518786 0.6203787195671777 0.7362110311750599 0.6185752930568079 0.7386091127098321 0.6181244364292156 0.7450039968025579 0.6194770063119928 0.7490007993605117
0 0.3800721370604148 0.8385291766586731 0.3985572587917043 0.8345323741007195 0.3985572587917043 0.8233413269384493 0.3954012623985573 0.8129496402877698 0.38863841298467083 0.8121502797761792 0.3782687105500451 0.8161470823341327 0.37781785392245265 0.8281374900079936 0.3800721370604148 0.8385291766586731
0 0.8381424706943192 0.7330135891286971 0.8412984670874663 0.7362110311750599 0.8507664562669072 0.7362110311750599 0.8557258791704238 0.7330135891286971 0.8579801623083859 0.7146282973621104 0.8579801623083859 0.7082334132693845 0.8561767357980163 0.7034372501998403 0.8408476104598738 0.7026378896882494 0.8345356176735799 0.7050359712230216 0.8345356176735799 0.7242206235011991 0.8381424706943192 0.7330135891286971
0 0.6816952209197475 0.7729816147082335 0.7073940486925159 0.7705835331734613 0.7110009017132553 0.7689848121502798 0.7119026149684401 0.765787370103917 0.7110009017132553 0.7513988808952838 0.7069431920649234 0.7458033573141487 0.6731289449954915 0.7498001598721024 0.6731289449954915 0.7609912070343725 0.6816952209197475 0.7729816147082335
0 0.566726780883679 0.34372501998401284 0.5820559062218215 0.34532374100719426 0.584761045987376 0.34212629896083135 0.584761045987376 0.33013589128697046 0.5811541929666366 0.31734612310151883 0.5779981965734896 0.31254996003197444 0.5712353471596032 0.3165467625899281 0.5676284941388638 0.31414868105515587 0.5640216411181245 0.3261390887290168 0.563570784490532 0.33812949640287776 0.566726780883679 0.34372501998401284
0 0.5951307484220018 0.7849720223820944 0.609107303877367 0.7961630695443646 0.6140667267808837 0.7929656274980017 0.6154192966636609 0.7753796962430056 0.6136158701532913 0.7705835331734613 0.6000901713255185 0.762589928057554 0.5937781785392245 0.771382893685052 0.5933273219116322 0.7793764988009593 0.5951307484220018 0.7849720223820944
0 0.4891794409377818 0.21902478017585933 0.4977457168620379 0.23261390887290168 0.5171325518485121 0.23661071143085532 0.5193868349864743 0.2358113509192646 0.5229936880072137 0.2294164668265388 0.524346257889991 0.20463629096722624 0.5220919747520288 0.19744204636290968 0.4905320108205591 0.1918465227817746 0.48512173128945 0.19424460431654678 0.4828674481514878 0.19904076738609114 0.4828674481514878 0.21342925659472425 0.4891794409377818 0.21902478017585933
0 0.9765554553651938 0.3077537969624301 0.9815148782687105 0.3053557154276579 0.9828674481514879 0.293365307753797 0.9792605951307485 0.2829736211031175 0.9733994589720468 0.27737809752198245 0.9558160504959423 0.27577937649880097 0.9567177637511272 0.30375699440447645 0.9765554553651938 0.3077537969624301
0 0.8845807033363391 0.9080735411670664 0.8845807033363391 0.8760991207034373 0.8782687105500451 0.8705035971223022 0.8715058611361587 0.8705035971223022 0.8688007213706042 0.8737010391686652 0.8683498647430118 0.9080735411670664 0.8845807033363391 0.9080735411670664
0 0.2993688007213706 0.8217426059152678 0.30793507664562675 0.8217426059152678 0.3205590622182146 0.8161470823341327 0.32100991884580704 0.797761790567546 0.3174030658250676 0.7897681854516387 0.31154192966636607 0.7857713828936851 0.29621280432822367 0.7865707434052758 0.29531109107303877 0.8033573141486812 0.2993688007213706 0.8217426059152678
0 0.8584310189359784 0.2501998401278977 0.8660955816050496 0.2541966426858513 0.8755635707844905 0.2533972821742606 0.8805229936880072 0.23820943245403678 0.8949504057709649 0.23741007194244604 0.8963029756537422 0.2302158273381295 0.8958521190261496 0.2094324540367706 0.8913435527502254 0.2030375699440448 0.8881875563570785 0.1918465227817746 0.8836789900811541 0.18705035971223025 0.8656447249774571 0.18784972022382096 0.8638412984670875 0.19104716227018384 0.8624887285843102 0.2238209432454037 0.8588818755635708 0.2270183852917666 0.8561767357980163 0.23501199040767387 0.8557258791704238 0.24460431654676262 0.8584310189359784 0.2501998401278977
0 0.7858431018935979 0.9088729016786572 0.7993688007213706 0.9104716227018386 0.8070333633904418 0.9072741806554757 0.8079350766456267 0.8832933653077538 0.806131650135257 0.8776978417266187 0.7880973850315599 0.8745003996802558 0.7858431018935979 0.8752997601918465 0.7840396753832282 0.8800959232613909 0.7831379621280433 0.9008792965627499 0.7858431018935979 0.9088729016786572
0 0.46032461677186653 0.1774580335731415 0.4625788999098287 0.1750599520383693 0.4630297565374211 0.16626698641087131 0.46032461677186653 0.15907274180655476 0.44905320108205593 0.15987210231814547 0.4495040577096483 0.17585931254996007 0.46032461677186653 0.1774580335731415
0 0.6253381424706943 0.302158273381295 0.6298467087466186 0.3133493205435652 0.6424706943192064 0.31974420463629094 0.6514878268710551 0.31974420463629094 0.6550946798917944 0.31734612310151883 0.6573489630297565 0.29896083133493206 0.6573489630297565 0.2885691446842526 0.6550946798917944 0.2813749000799361 0.6325518485121732 0.27737809752198245 0.6163210099188459 0.27817745803357313 0.6149684400360685 0.2813749000799361 0.6158701532912535 0.29896083133493206 0.6253381424706943 0.302158273381295
0 0.18530207394048692 0.844924060751399 0.20018034265103696 0.8457234212629897 0.2037871956717764 0.841726618705036 0.2037871956717764 0.8265387689848122 0.19927862939585214 0.8193445243804957 0.18845807033363393 0.8193445243804957 0.1830477908025248 0.8249400479616307 0.1825969341749324 0.8361310951239008 0.18530207394048692 0.844924060751399
0 0.793507664562669 0.7513988808952838 0.8025247971145176 0.7545963229416467 0.8106402164111812 0.7545963229416467 0.8151487826871056 0.7513988808952838 0.8155996393146979 0.7330135891286971 0.8133453561767359 0.7234212629896084 0.8002705139765555 0.7218225419664269 0.7953110910730388 0.7242206235011991 0.7921550946798918 0.7306155075939249 0.7917042380522994 0.7442046362909672 0.793507664562669 0.7513988808952838
0 0.3169522091974752 0.6714628297362111 0.31920649233543735 0.6746602717825739 0.3489630297565374 0.6722621902478018 0.35617673579801623 0.6674660271782575 0.35527502254283133 0.6211031175059952 0.32461677186654647 0.6211031175059952 0.3155996393146979 0.6250999200639489 0.3160504959422904 0.6642685851318945 0.3169522091974752 0.6714628297362111
0 0.5671776375112715 0.023980815347721826 0.5964833183047792 0.029576338928856916 0.5987376014427412 0.029576338928856916 0.6009918845807034 0.023980815347721826 0.6041478809738504 0.001598721023181455 0.5644724977457168 0 0.5644724977457168 0.017585931254996006 0.5671776375112715 0.023980815347721826
0 0.3480613165013526 0.8473221422861711 0.35121731289449953 0.8497202238209433 0.35933273219116324 0.8489208633093526 0.36158701532912535 0.841726618705036 0.3602344454463481 0.8217426059152678 0.3557258791704238 0.8145483613109513 0.348512173128945 0.8145483613109513 0.34580703336339047 0.8169464428457234 0.345356176735798 0.8297362110311751 0.3480613165013526 0.8473221422861711
0 0.9995491433724076 0.800959232613909 0.9995491433724076 0.7753796962430056 0.993688007213706 0.7745803357314149 0.9882777276825969 0.7777777777777778 0.9891794409377818 0.8001598721023181 0.9995491433724076 0.800959232613909
0 0.8282236248872858 0.959232613908873 0.8453561767357981 0.959232613908873 0.8467087466185753 0.9344524380495605 0.8449053201082056 0.9264588329336532 0.8322813345356176 0.9248601119104717 0.8286744815148782 0.9264588329336532 0.8268710550045085 0.9328537170263789 0.8264201983769162 0.9544364508393286 0.8282236248872858 0.959232613908873
0 0.32461677186654647 0.8161470823341327 0.3440036068530208 0.8145483613109513 0.3494138863841299 0.8089528377298163 0.3494138863841299 0.7969624300559552 0.34580703336339047 0.7881694644284573 0.32416591523895405 0.7905675459632294 0.32191163210099194 0.7929656274980017 0.3223624887285843 0.8129496402877698 0.32461677186654647 0.8161470823341327