0 0.2822362488728584 0.6059152677857713 0.28809738503155996 0.6067146282973622 0.2935076645626691 0.5875299760191847 0.2935076645626691 0.5795363709032775 0.28990081154192965 0.5611510791366906 0.2862939585211903 0.5555555555555556 0.2822362488728584 0.5555555555555556 0.2750225428313796 0.5603517186250999 0.2732191163210099 0.5651478816946442 0.26825969341749323 0.5883293365307755 0.2822362488728584 0.6059152677857713
0 0.5018034265103697 0.14628297362110312 0.5193868349864743 0.1510791366906475 0.5229936880072137 0.14708233413269386 0.5252479711451759 0.1398880895283773 0.5256988277727683 0.1366906474820144 0.5229936880072137 0.13029576338928858 0.5049594229035167 0.11191047162270185 0.5 0.1111111111111111 0.4945897204688909 0.11990407673860913 0.49413886384129846 0.13189448441247004 0.5018034265103697 0.14628297362110312
0 0.05680793507664563 0.5099920063948842 0.06447249774571685 0.5187849720223822 0.0703336339044184 0.5187849720223822 0.07980162308385934 0.5107913669064749 0.08972046889089269 0.4772182254196643 0.08836789900811542 0.4708233413269384 0.08295761947700632 0.4676258992805756 0.07484220018034266 0.4532374100719425 0.06266907123534717 0.4476418864908074 0.060414788097385035 0.44924060751398887 0.05500450856627593 0.4708233413269384 0.049143372407574396 0.4852118305355716 0.04824165915238954 0.49160671462829736 0.05680793507664563 0.5099920063948842
0 0 0.704236610711431 0.015779981965734897 0.7138289368505196 0.018935978358881875 0.7106314948041567 0.021190261496844002 0.7034372501998403 0.022993688007213707 0.6842525979216627 0.019837691614066726 0.6778577138289369 0.004959422903516681 0.6650679456434853 0 0.6666666666666666 0 0.704236610711431
0 0.07709648331830478 0.7721822541966427 0.08295761947700632 0.78017585931255 0.0951307484220018 0.7889688249400479 0.09873760144274121 0.7865707434052758 0.1018935978358882 0.7785771382893686 0.10504959422903516 0.762589928057554 0.10234445446348062 0.7553956834532374 0.08521190261496844 0.7434052757793765 0.07844905320108204 0.7474020783373301 0.0739404869251578 0.7593924860111911 0.07348963029756538 0.7649880095923263 0.07709648331830478 0.7721822541966427
0 0.12984670874661858 0.8313349320543566 0.13976555455365194 0.8433253397282174 0.14743011722272317 0.8481215027977619 0.15284039675383226 0.844924060751399 0.15374211000901714 0.8393285371702638 0.151487826871055 0.827338129496403 0.14697926059513075 0.8169464428457234 0.1406672678088368 0.8105515587529977 0.13435527502254285 0.8089528377298163 0.1289449954914337 0.8193445243804957 0.1284941388638413 0.8265387689848122 0.12984670874661858 0.8313349320543566
0 0.15058611361587015 0.7681854516386891 0.16411181244364292 0.7793764988009593 0.16862037871956717 0.7777777777777778 0.16997294860234446 0.7593924860111911 0.1650135256988278 0.7513988808952838 0.1587015329125338 0.7450039968025579 0.15058611361587015 0.7434052757793765 0.1460775473399459 0.7521982414068745 0.14562669071235346 0.7617905675459633 0.15058611361587015 0.7681854516386891
0 0.4454463480613165 0.23101518784972022 0.4499549143372408 0.22621902478017586 0.4517583408476105 0.21662669864108713 0.4517583408476105 0.20623501199040767 0.4495040577096483 0.19984012789768185 0.4355275022542831 0.19424460431654678 0.43192064923354373 0.2014388489208633 0.43192064923354373 0.21742605915267785 0.4454463480613165 0.23101518784972022
0 0.40622182146077546 0.4860111910471623 0.4129846708746619 0.49000799360511593 0.4161406672678088 0.48920863309352525 0.4192966636609558 0.4836131095123901 0.42560865644724977 0.4636290967226219 0.4260595130748422 0.4524380495603517 0.42200180342651034 0.44684252597921664 0.4147880973850316 0.4444444444444444 0.41073038773669973 0.44924060751398887 0.40486925157799825 0.4748201438848921 0.4044183949504058 0.4796163069544365 0.40622182146077546 0.4860111910471623
0 0.3440036068530208 0.7274180655475619 0.3525698827772768 0.7418065547561951 0.36203787195671777 0.753796962430056 0.3669972948602344 0.7513988808952838 0.3710550045085663 0.7362110311750599 0.37150586113615874 0.7234212629896084 0.369702434625789 0.7178257394084733 0.3494138863841299 0.701039168665068 0.3462578899909829 0.7026378896882494 0.34220018034265104 0.7130295763389289 0.3417493237150586 0.7202238209432456 0.3440036068530208 0.7274180655475619
0 0.35933273219116324 0.3525179856115108 0.3660955816050496 0.354916067146283 0.369702434625789 0.35171862509992013 0.37285843101893595 0.33892885691446845 0.37285843101893595 0.3309352517985612 0.37150586113615874 0.32773780975219824 0.35978358881875566 0.32214228617106316 0.35617673579801623 0.3237410071942446 0.35482416591523896 0.32693844924060755 0.3539224526600541 0.33892885691446845 0.35933273219116324 0.3525179856115108
0 0.2745716862037872 0.8297362110311751 0.28403967538322816 0.8369304556354917 0.2862939585211903 0.8369304556354917 0.28990081154192965 0.8313349320543566 0.2912533814247069 0.8169464428457234 0.28809738503155996 0.8105515587529977 0.2763751127141569 0.8001598721023181 0.27186654643823266 0.8001598721023181 0.26825969341749323 0.8073541167066347 0.2687105500450857 0.8201438848920864 0.2745716862037872 0.8297362110311751
0 0.3137962128043282 0.8673061550759393 0.31875563570784493 0.871302957633893 0.32461677186654647 0.871302957633893 0.3318304779080253 0.8553157474020784 0.3313796212804328 0.8473221422861711 0.3295761947700631 0.8441247002398081 0.3174030658250676 0.832933653077538 0.3137962128043282 0.8321342925659473 0.30928764652840396 0.844924060751399 0.3097385031559964 0.859312549960032 0.3137962128043282 0.8673061550759393