0 0.8778178539224527 0.2517985611510791 0.8931469792605952 0.2533972821742606 0.9044183949504058 0.2517985611510791 0.9062218214607755 0.24860111910471622 0.9057709648331831 0.21183053557154277 0.9048692515779982 0.20543565147881696 0.9030658250676284 0.2030375699440448 0.897204688908927 0.19904076738609114 0.8692515779981966 0.19744204636290968 0.8669972948602345 0.20463629096722624 0.8669972948602345 0.2478017585931255 0.8778178539224527 0.2517985611510791
0 0.7421100090171326 0.8297362110311751 0.7430117222723175 0.8385291766586731 0.7466185752930569 0.8473221422861711 0.7475202885482417 0.8641087130295764 0.7506762849413887 0.8760991207034373 0.7515779981965736 0.897681854516387 0.7551848512173129 0.9128697042366107 0.7623985572587918 0.9144684252597922 0.770063119927863 0.91207034372502 0.80297565374211 0.8968824940047961 0.827321911632101 0.8840927258193446 0.8331830477908025 0.8752997601918465 0.8327321911632102 0.8585131894484412 0.8259693417493238 0.8217426059152678 0.8219116321009919 0.7873701039168666 0.8178539224526601 0.7761790567545964 0.8142470694319207 0.7761790567545964 0.7506762849413887 0.809752198241407 0.7398557258791705 0.818545163868905 0.739404869251578 0.8217426059152678 0.7421100090171326 0.8297362110311751
0 0.608205590622182 0.3413269384492406 0.6686203787195673 0.34612310151878495 0.6704238052299368 0.3445243804956035 0.6704238052299368 0.3405275779376499 0.6731289449954915 0.3349320543565148 0.6708746618575293 0.33013589128697046 0.6636609558160506 0.3253397282174261 0.6645626690712354 0.2965627498001599 0.6632100991884582 0.29176658673061556 0.6582506762849414 0.2885691446842526 0.6339044183949504 0.2869704236610712 0.6307484220018034 0.293365307753797 0.6298467087466186 0.31254996003197444 0.6095581605049595 0.31175059952038375 0.6068530207394048 0.31734612310151883 0.6045987376014428 0.33812949640287776 0.608205590622182 0.3413269384492406
0 0.9021641118124436 0.9392486011191048 0.9111812443642923 0.9376498800959233 0.9138863841298467 0.9288569144684253 0.9138863841298467 0.9008792965627499 0.9156898106402165 0.8792965627498002 0.9080252479711453 0.8776978417266187 0.9012623985572588 0.8808952837729817 0.8994589720468892 0.8840927258193446 0.8985572587917042 0.894484412470024 0.8985572587917042 0.9352517985611511 0.9021641118124436 0.9392486011191048
0 0.6889089269612263 0.4188649080735412 0.7055906221821461 0.4196642685851319 0.7191163210099188 0.425259792166267 0.7321911632100992 0.4268585131894485 0.7335437330928765 0.44124700239808157 0.733092876465284 0.47002398081534774 0.7403065825067628 0.4748201438848921 0.7754733994589721 0.47801758593125504 0.7772768259693417 0.4740207833733014 0.7781785392245266 0.4404476418864908 0.7804328223624887 0.4348521183053557 0.806131650135257 0.434052757793765 0.8119927862939585 0.42206235011990406 0.8651938683498648 0.4268585131894485 0.8818755635707846 0.4268585131894485 0.8845807033363391 0.42366107114308554 0.8836789900811541 0.40687450039968026 0.8769161406672679 0.4028776978417266 0.69702434625789 0.37969624300559557 0.6889089269612263 0.37969624300559557 0.6857529305680793 0.3836930455635492 0.6848512173128946 0.390087929656275 0.6844003606853021 0.41247002398081534 0.6889089269612263 0.4188649080735412
0 0.8647430117222724 0.82414068745004 0.8800721370604149 0.82414068745004 0.8814247069431921 0.8193445243804957 0.8809738503155997 0.7681854516386891 0.8751127141568981 0.7641886490807354 0.863390441839495 0.7641886490807354 0.860234445446348 0.7825739408473221 0.8597835888187556 0.8209432454036771 0.8647430117222724 0.82414068745004
0 0.09107303877366997 0.8137490007993605 0.10234445446348062 0.8137490007993605 0.10459873760144275 0.8113509192645884 0.10595130748422002 0.8033573141486812 0.10550045085662758 0.7937649880095924 0.10279531109107304 0.7761790567545964 0.09873760144274121 0.7729816147082335 0.09107303877366997 0.7729816147082335 0.08746618575293057 0.7761790567545964 0.08836789900811542 0.809752198241407 0.09107303877366997 0.8137490007993605
0 0.09918845807033362 0.12150279776179057 0.21055004508566277 0.14228617106314947 0.215058611361587 0.14148681055155876 0.2168620378719567 0.13589128697042366 0.21731289449954916 0.12150279776179057 0.21325518485121733 0.10951239008792966 0.20874661857529306 0.10711430855315748 0.18214607754733994 0.1047162270183853 0.15915238954012625 0.09912070343725021 0.15238954012623987 0.09992006394884093 0.12218214607754734 0.09192645883293366 0.10234445446348062 0.09272581934452438 0.09918845807033362 0.0959232613908873 0.09783588818755636 0.10071942446043165 0.09648331830477908 0.1167066346922462 0.09918845807033362 0.12150279776179057
0 0.6988277727682598 0.9288569144684253 0.7249774571686204 0.9312549960031975 0.7281334535617674 0.9264588329336532 0.7281334535617674 0.9160671462829737 0.7263300270513976 0.9136690647482014 0.7069431920649234 0.9104716227018386 0.69702434625789 0.9112709832134293 0.6961226330027052 0.9240607513988809 0.6988277727682598 0.9288569144684253
0 0.14021641118124437 0.19744204636290968 0.20649233543733095 0.20863309352517986 0.21100090171325517 0.20623501199040767 0.21009918845807032 0.19664268585131894 0.1988277727682597 0.1918465227817746 0.19612263300270513 0.17665867306155078 0.1920649233543733 0.17106314948041568 0.1740306582506763 0.16946442845723422 0.14697926059513075 0.16147082334132695 0.13660955816050496 0.16386890487609912 0.13660955816050496 0.19104716227018384 0.14021641118124437 0.19744204636290968
0 0 0.3836930455635492 0.011722272317403066 0.3844924060751399 0.015779981965734897 0.3764988009592326 0.015779981965734897 0.354916067146283 0.011722272317403066 0.3349320543565148 0.004959422903516681 0.33013589128697046 0 0.3309352517985612 0 0.3836930455635492
0 0.9008115419296664 0.8297362110311751 0.9125338142470695 0.8353317346123101 0.9174932371505862 0.832933653077538 0.9192966636609557 0.827338129496403 0.9206492335437331 0.806554756195044 0.9201983769161407 0.7729816147082335 0.9165915238954013 0.7689848121502798 0.9012623985572588 0.7697841726618705 0.8994589720468892 0.7745803357314149 0.8985572587917042 0.7873701039168666 0.8976555455365194 0.8145483613109513 0.9008115419296664 0.8297362110311751
0 0.23895401262398558 0.9704236610711432 0.2479711451758341 0.9704236610711432 0.2511271415689811 0.9664268585131894 0.25022542831379624 0.959232613908873 0.24752028854824168 0.9552358113509193 0.2412082957619477 0.9560351718625101 0.23760144274120829 0.959232613908873 0.23715058611361586 0.9664268585131894 0.23895401262398558 0.9704236610711432
0 0.6925157799819658 0.9576338928856915 0.7240757439134355 0.9616306954436452 0.7263300270513976 0.9600319744204637 0.7276825969341749 0.9536370903277379 0.7272317403065826 0.9464428457234213 0.7236248872858432 0.9424460431654678 0.6988277727682598 0.938449240607514 0.690712353471596 0.9400479616306955 0.6898106402164111 0.9536370903277379 0.6925157799819658 0.9576338928856915
0 0.1956717763751127 0.9848121502797762 0.20108205590622183 0.9992006394884093 0.20874661857529306 0.9992006394884093 0.22723174030658252 0.9808153477218226 0.22046889089269614 0.9544364508393286 0.21776375112714155 0.9504396482813751 0.21280432822362488 0.9528377298161471 0.19431920649233542 0.9704236610711432 0.19386834986474302 0.9768185451638689 0.1956717763751127 0.9848121502797762
0 0.37285843101893595 0.4924060751398881 0.3872858431018936 0.49800159872102323 0.39404869251577995 0.4940047961630696 0.412082957619477 0.4932054356514788 0.4165915238954013 0.48840927258193445 0.41794409377817854 0.4572342126298961 0.4170423805229937 0.44604316546762596 0.4147880973850316 0.4396482813749001 0.3967538322813345 0.43804956035171866 0.3868349864743012 0.4420463629096723 0.37330928764652843 0.43884892086330934 0.3660955816050496 0.4404476418864908 0.3660955816050496 0.46282973621103124 0.37285843101893595 0.4924060751398881
0 0.2479711451758341 0.8177458033573143 0.26825969341749323 0.8113509192645884 0.2709648331830478 0.8073541167066347 0.2709648331830478 0.7993605115907274 0.26916140667267807 0.7921662669864108 0.2583408476104599 0.7929656274980017 0.24391343552750228 0.7993605115907274 0.24346257889990983 0.8121502797761792 0.2479711451758341 0.8177458033573143
0 0.7222723174030657 0.9992006394884093 0.7218214607754734 0.9944044764188649 0.7195671776375113 0.9936051159072742 0.6983769161406672 0.9920063948840928 0.6871055004508567 0.9880095923261392 0.6717763751127143 0.9864108713029576 0.669522091974752 0.991207034372502 0.6704238052299368 0.9992006394884093 0.7222723174030657 0.9992006394884093
0 0.6266907123534716 0.5147881694644285 0.6370604147880974 0.5187849720223822 0.6559963931469793 0.5211830535571543 0.6681695220919748 0.5187849720223822 0.6920649233543733 0.5235811350919265 0.7105500450856627 0.521982414068745 0.7366997294860235 0.5299760191846523 0.7655545536519388 0.5323741007194245 0.7727682596934174 0.5315747402078338 0.7750225428313796 0.5283772981614708 0.7772768259693417 0.5083932853717026 0.7763751127141569 0.495603517186251 0.7736699729486024 0.49000799360511593 0.7317403065825068 0.48121502797761795 0.7015329125338142 0.48201438848920863 0.6866546438232641 0.4772182254196643 0.6339044183949504 0.47242206235011996 0.628043282236249 0.4756195043964829 0.6262398557258791 0.48840927258193445 0.6253381424706943 0.5051958433253397 0.6266907123534716 0.5147881694644285
0 0.7024346257889991 0.21982414068745004 0.7177637511271415 0.22062350119904078 0.7200180342651037 0.21662669864108713 0.7191163210099188 0.2070343725019984 0.7150586113615871 0.20223820943245407 0.7024346257889991 0.2006394884092726 0.6992786293958522 0.20543565147881696 0.6992786293958522 0.21662669864108713 0.7024346257889991 0.21982414068745004
0 0 0.4444444444444444 0.011722272317403066 0.4444444444444444 0.013525698827772768 0.4420463629096723 0.01442741208295762 0.4356514788169465 0.013976555455365193 0.4092725819344525 0.009467989179440937 0.3908872901678657 0.002705139765554554 0.38848920863309355 0 0.3892885691446843 0 0.4444444444444444
0 0.6731289449954915 0.8904876099120704 0.721370604147881 0.9016786570743406 0.7272317403065826 0.9016786570743406 0.7308385933273219 0.8960831334932055 0.733092876465284 0.8697042366107114 0.733092876465284 0.853717026378897 0.7308385933273219 0.844924060751399 0.7024346257889991 0.8441247002398081 0.6807935076645627 0.8385291766586731 0.6722272317403066 0.8393285371702638 0.6704238052299368 0.8441247002398081 0.6699729486023445 0.8832933653077538 0.6731289449954915 0.8904876099120704
0 0.2290351668169522 0.9520383693045564 0.24436429215509467 0.9512390087929657 0.24661857529305684 0.9488409272581935 0.24436429215509467 0.938449240607514 0.23264201983769162 0.938449240607514 0.22723174030658252 0.9408473221422862 0.22678088367899008 0.9496402877697842 0.2290351668169522 0.9520383693045564
0 0.5725879170423805 0.8489208633093526 0.5883678990081154 0.8601119104716227 0.609107303877367 0.8800959232613909 0.6330027051397656 0.897681854516387 0.6388638412984671 0.8992805755395684 0.6438232642019839 0.8960831334932055 0.6510369702434625 0.8864908073541167 0.6559963931469793 0.8665067945643485 0.6564472497745717 0.844924060751399 0.6650135256988278 0.8409272581934453 0.669522091974752 0.8137490007993605 0.6650135256988278 0.8057553956834532 0.6411181244364292 0.7905675459632294 0.5987376014427412 0.756994404476419 0.594229035166817 0.7561950439648283 0.5919747520288549 0.7577937649880097 0.5820559062218215 0.8001598721023181 0.5775473399458972 0.8113509192645884 0.5712353471596032 0.8353317346123101 0.5707844905320109 0.844924060751399 0.5725879170423805 0.8489208633093526
0 0.6798917944093779 0.9760191846522782 0.7096483318304779 0.982414068745004 0.7231740306582507 0.982414068745004 0.7272317403065826 0.9768185451638689 0.7263300270513976 0.9672262190247802 0.7236248872858432 0.9640287769784173 0.6920649233543733 0.959232613908873 0.6771866546438233 0.9600319744204637 0.6762849413886385 0.9712230215827339 0.6798917944093779 0.9760191846522782
0 0.594229035166817 0.3053557154276579 0.6023444544634806 0.31015187849720227 0.6203787195671777 0.31095123900879296 0.6235347159603246 0.3085531574740208 0.6248872858431019 0.30135891286970423 0.6248872858431019 0.28377298161470826 0.6244364292155096 0.2733812949640288 0.6217312894499549 0.26458832933653076 0.6217312894499549 0.24300559552358114 0.6262398557258791 0.2358113509192646 0.6289449954914338 0.21822541966426862 0.6293958521190262 0.2070343725019984 0.627141568981064 0.18545163868904876 0.623985572587917 0.18225419664268586 0.6172227231740307 0.1806554756195044 0.5964833183047792 0.1806554756195044 0.5928764652840397 0.20623501199040767 0.5919747520288549 0.2302158273381295 0.5915238954012624 0.2965627498001599 0.594229035166817 0.3053557154276579
0 0.7060414788097384 0.2829736211031175 0.7303877366997296 0.2877697841726619 0.736248872858431 0.29256594724220625 0.7335437330928765 0.2973621103117506 0.733092876465284 0.31734612310151883 0.7366997294860235 0.3229416466826539 0.784941388638413 0.33013589128697046 0.7880973850315599 0.32693844924060755 0.7912533814247069 0.31414868105515587 0.7926059513074842 0.3053557154276579 0.7926059513074842 0.2853717026378897 0.80297565374211 0.27817745803357313 0.8038773669972948 0.2517985611510791 0.8011722272317404 0.24060751398880897 0.796663660955816 0.23501199040767387 0.7939585211902616 0.23421262989608316 0.7930568079350766 0.23661071143085532 0.7903516681695222 0.2302158273381295 0.7939585211902616 0.2270183852917666 0.7930568079350766 0.22302158273381298 0.7889990982867447 0.2302158273381295 0.7862939585211903 0.22462030375699443 0.7808836789900812 0.2222222222222222 0.7790802524797115 0.21662669864108713 0.7542831379621281 0.20863309352517986 0.7515779981965736 0.21023181454836132 0.7506762849413887 0.2222222222222222 0.7475202885482417 0.2270183852917666 0.7452660054102795 0.2238209432454037 0.7439134355275022 0.2094324540367706 0.7412082957619477 0.2038369304556355 0.7344454463480614 0.2006394884092726 0.7272317403065826 0.2006394884092726 0.7245266005410279 0.20463629096722624 0.7231740306582507 0.21342925659472425 0.7222723174030657 0.25819344524380494 0.7200180342651037 0.2613908872901679 0.7082957619477006 0.2597921662669864 0.7042380522993689 0.2621902478017586 0.7037871956717764 0.27577937649880097 0.7060414788097384 0.2829736211031175
0 0.7899008115419297 0.5363709032773781 0.8034265103697025 0.5363709032773781 0.8295761947700632 0.5435651478816946 0.8579801623083859 0.5467625899280576 0.8642921550946799 0.5443645083932854 0.866546438232642 0.5355715427657874 0.8660955816050496 0.521982414068745 0.8606853020739406 0.5179856115107914 0.8268710550045085 0.5139888089528377 0.7835888187556357 0.5051958433253397 0.7808836789900812 0.5067945643485212 0.7790802524797115 0.5115907274180655 0.7790802524797115 0.5291766586730615 0.7899008115419297 0.5363709032773781