0 0.5252479711451759 0.47242206235011996 0.5297565374211001 0.47242206235011996 0.5356176735798016 0.4572342126298961 0.5338142470694319 0.44924060751398887 0.5238954012623985 0.4420463629096723 0.5193868349864743 0.4420463629096723 0.5157799819657348 0.44604316546762596 0.5157799819657348 0.460431654676259 0.5252479711451759 0.47242206235011996
0 0.594229035166817 0.7234212629896084 0.5987376014427412 0.7290167865707434 0.60595130748422 0.7290167865707434 0.6118124436429215 0.7066346922462031 0.6095581605049595 0.695443645083933 0.6041478809738504 0.6882494004796164 0.5982867448151488 0.6874500399680257 0.594229035166817 0.6922462030375699 0.5919747520288549 0.7026378896882494 0.5915238954012624 0.7170263788968825 0.594229035166817 0.7234212629896084
0 0.13345356176735798 0.1398880895283773 0.1587015329125338 0.14068745003996805 0.1650135256988278 0.13908872901678657 0.16952209197475201 0.1342925659472422 0.16952209197475201 0.11830535571542766 0.16816952209197475 0.11270983213429257 0.1650135256988278 0.10871302957633892 0.13570784490532012 0.10551558752997602 0.130297565374211 0.10951239008792966 0.12984670874661858 0.13029576338928858 0.13345356176735798 0.1398880895283773
0 0.5293056807935077 0.8217426059152678 0.5360685302073941 0.8313349320543566 0.5432822362488728 0.832933653077538 0.5473399458972047 0.8225419664268585 0.5468890892696122 0.8105515587529977 0.5428313796212805 0.8033573141486812 0.5387736699729486 0.800959232613909 0.5351668169522091 0.8017585931254997 0.5306582506762849 0.809752198241407 0.5288548241659152 0.8161470823341327 0.5293056807935077 0.8217426059152678
0 0.9197475202885483 0.9664268585131894 0.926961226330027 0.9768185451638689 0.9319206492335438 0.9768185451638689 0.9377817853922452 0.959232613908873 0.9337240757439135 0.9512390087929657 0.9251577998196574 0.9448441247002399 0.9211000901713255 0.9496402877697842 0.9188458070333634 0.959232613908873 0.9197475202885483 0.9664268585131894
0 0.6127141568981065 0.4748201438848921 0.6208295761947701 0.4796163069544365 0.623985572587917 0.47801758593125504 0.6275924256086564 0.47002398081534774 0.6330027051397656 0.4452438049560352 0.6325518485121732 0.4420463629096723 0.6235347159603246 0.42845723421262993 0.6167718665464382 0.4212629896083134 0.6145175834084761 0.4212629896083134 0.611361587015329 0.4260591526778577 0.6036970243462578 0.4556354916067146 0.6036970243462578 0.4612310151878497 0.6127141568981065 0.4748201438848921
0 0.022091974752028856 0.2789768185451639 0.04283137962128043 0.2973621103117506 0.04733994589720469 0.2973621103117506 0.05365193868349865 0.2821742605915268 0.0545536519386835 0.2741806554756195 0.05275022542831379 0.266986410871303 0.04959422903516681 0.26059152677857716 0.04192966636609558 0.2533972821742606 0.032461677186654644 0.2470023980815348 0.022091974752028856 0.24380495603517185 0.018034265103697024 0.2549960031974421 0.017132551848512173 0.26618705035971224 0.022091974752028856 0.2789768185451639
0 0.5779981965734896 0.42366107114308554 0.5928764652840397 0.4348521183053557 0.5987376014427412 0.4444444444444444 0.6023444544634806 0.4444444444444444 0.6073038773669973 0.4244604316546763 0.6073038773669973 0.4140687450039968 0.5996393146979261 0.4028776978417266 0.5915238954012624 0.39648281374900085 0.5816050495942291 0.39488409272581937 0.5793507664562669 0.4004796163069545 0.5770964833183048 0.416466826538769 0.5779981965734896 0.42366107114308554
0 0.5401262398557259 0.3525179856115108 0.542380522993688 0.36211031175059955 0.5504959422903517 0.37010391686650684 0.5599639314697926 0.37250199840127896 0.5653742110009017 0.3613109512390088 0.5649233543733093 0.354916067146283 0.5626690712353472 0.35091926458832934 0.5532010820559062 0.3405275779376499 0.5446348061316502 0.33733013589128696 0.5396753832281335 0.33812949640287776 0.5383228133453561 0.34212629896083135 0.5374211000901714 0.34852118305355717 0.5401262398557259 0.3525179856115108
0 0.7971145175834086 0.6187050359712231 0.8174030658250677 0.6402877697841727 0.8205590622182147 0.642685851318945 0.8232642019837692 0.6410871302957634 0.8282236248872858 0.6290967226219025 0.8286744815148782 0.6219024780175859 0.8255184851217313 0.6155075939248602 0.8070333633904418 0.595523581135092 0.80297565374211 0.5947242206235012 0.7980162308385934 0.6035171862509993 0.796663660955816 0.6091127098321344 0.7971145175834086 0.6187050359712231
0 0.8160504959422903 0.03756994404476419 0.8214607754733995 0.04476418864908074 0.8277727682596934 0.04476418864908074 0.8327321911632102 0.03597122302158274 0.8340847610459874 0.02238209432454037 0.8327321911632102 0.015187849720223821 0.8291253381424708 0.010391686650679457 0.8165013525698828 0.00319744204636291 0.8128944995491433 0.007993605115907274 0.8106402164111812 0.018385291766586733 0.809287646528404 0.032773780975219824 0.8160504959422903 0.03756994404476419
0 0.9697926059513075 0.9536370903277379 0.9738503155996393 0.9536370903277379 0.9783588818755636 0.9432454036770584 0.9842200180342651 0.9216626698641087 0.9824165915238955 0.91207034372502 0.9842200180342651 0.9080735411670664 0.9828674481514879 0.9016786570743406 0.9797114517583408 0.897681854516387 0.9747520288548243 0.8960831334932055 0.9693417493237151 0.8984812150279777 0.9594229035166817 0.9360511590727418 0.9598737601442742 0.9456434852118306 0.9697926059513075 0.9536370903277379
0 0.21325518485121733 0.017585931254996006 0.2168620378719567 0.011191047162270184 0.21866546438232642 0 0.19702434625788998 0.0007993605115907275 0.21325518485121733 0.017585931254996006
0 0.3602344454463481 0.6922462030375699 0.3656447249774572 0.6986410871302958 0.369702434625789 0.7002398081534772 0.37285843101893595 0.697841726618705 0.3764652840396754 0.6882494004796164 0.37781785392245265 0.6786570743405277 0.37691614066726786 0.6666666666666666 0.37330928764652843 0.6610711430855316 0.36880072137060416 0.6602717825739409 0.3629395852119026 0.6650679456434853 0.3606853020739405 0.6706634692246204 0.35933273219116324 0.6778577138289369 0.3602344454463481 0.6922462030375699
0 0.011722272317403066 0.5499600319744204 0.021190261496844002 0.5555555555555556 0.02569882777276826 0.5547561950439649 0.03291253381424707 0.5371702637889688 0.034715960324616775 0.521982414068745 0.030207394048692517 0.5147881694644285 0.018935978358881875 0.5067945643485212 0.017132551848512173 0.5083932853717026 0.007664562669071236 0.5411670663469225 0.008115419296663661 0.5507593924860112 0.011722272317403066 0.5499600319744204
0 0.18530207394048692 0.7458033573141487 0.19431920649233542 0.753796962430056 0.19972948602344456 0.753796962430056 0.20468890892696123 0.7466027178257394 0.20694319206492334 0.7298161470823342 0.20198376916140667 0.7202238209432456 0.19702434625788998 0.7154276578737011 0.1920649233543733 0.7146282973621104 0.18890892696122633 0.7202238209432456 0.18440036068530208 0.7354116706634692 0.18394950405770966 0.7426059152677859 0.18530207394048692 0.7458033573141487
0 0.4666366095581605 0.6554756195043965 0.4715960324616772 0.6522781774580336 0.47971145175834085 0.6522781774580336 0.4828674481514878 0.6474820143884892 0.48467087466185754 0.6402877697841727 0.48467087466185754 0.6314948041566747 0.4824165915238954 0.6235011990407675 0.4792605951307485 0.6195043964828137 0.4666366095581605 0.6107114308553158 0.4630297565374211 0.6131095123900879 0.45987376014427417 0.6235011990407675 0.4594229035166817 0.6402877697841727 0.4666366095581605 0.6554756195043965
0 0.5247971145175834 0.5387689848121503 0.5315599639314699 0.5467625899280576 0.5351668169522091 0.5491606714628298 0.5414788097385032 0.5467625899280576 0.5459873760144275 0.5323741007194245 0.5405770964833183 0.5243804956035172 0.5468890892696122 0.5155875299760192 0.5464382326420198 0.5083932853717026 0.5396753832281335 0.49800159872102323 0.5356176735798016 0.49720223820943243 0.5302073940486925 0.5115907274180655 0.5306582506762849 0.5147881694644285 0.5261496844003607 0.5195843325339728 0.5256988277727683 0.5259792166266987 0.5225428313796213 0.5299760191846523 0.5220919747520288 0.5323741007194245 0.5247971145175834 0.5387689848121503
0 0.8376916140667268 0.7274180655475619 0.8453561767357981 0.7378097521982414 0.8629395852119026 0.748201438848921 0.8678990081154194 0.7362110311750599 0.8660955816050496 0.7274180655475619 0.8503155996393147 0.7138289368505196 0.8440036068530207 0.704236610711431 0.8417493237150586 0.7034372501998403 0.836789900811542 0.7122302158273383 0.8363390441839494 0.7210231814548362 0.8376916140667268 0.7274180655475619
0 0.5153291253381425 0.10551558752997602 0.5293056807935077 0.11191047162270185 0.5342651036970244 0.10711430855315748 0.5414788097385032 0.08073541167066348 0.5360685302073941 0.07034372501998402 0.5333633904418394 0.05915267785771383 0.5225428313796213 0.05275779376498801 0.5198376916140668 0.0583533173461231 0.5189359783588818 0.06874500399680256 0.5148782687105501 0.08473221422861711 0.5130748422001803 0.10231814548361312 0.5153291253381425 0.10551558752997602
0 0.7623985572587918 0.5811350919264588 0.7754733994589721 0.592326139088729 0.7795311091073039 0.592326139088729 0.7826871055004508 0.5859312549960032 0.7808836789900812 0.5651478816946442 0.7759242560865645 0.5587529976019185 0.7682596934174932 0.5587529976019185 0.763751127141569 0.5635491606714629 0.7596934174932372 0.5723421262989609 0.7596934174932372 0.5771382893685052 0.7623985572587918 0.5811350919264588
0 0.09422903516681697 0.06155075939248601 0.10595130748422002 0.06954436450839328 0.11902614968440037 0.08233413269384492 0.1248872858431019 0.0815347721822542 0.130297565374211 0.06874500399680256 0.130297565374211 0.062350119904076746 0.1266907123534716 0.04876099120703437 0.11992786293958521 0.03916866506794565 0.10820559062218214 0.02797761790567546 0.09783588818755636 0.02158273381294964 0.09197475202885483 0.02158273381294964 0.08881875563570783 0.0407673860911271 0.08836789900811542 0.04876099120703437 0.09422903516681697 0.06155075939248601
0 0.8593327321911632 0.695443645083933 0.8669972948602345 0.6994404476418865 0.8823264201983769 0.7146282973621104 0.8872858431018936 0.7146282973621104 0.8913435527502254 0.7074340527577938 0.891794409377818 0.6986410871302958 0.8904418394950405 0.6938449240607514 0.8823264201983769 0.6810551558752997 0.8660955816050496 0.6674660271782575 0.8624887285843102 0.6682653876898482 0.8584310189359784 0.6754596322941646 0.8579801623083859 0.6922462030375699 0.8593327321911632 0.695443645083933
0 0 0.6466826538768985 0.01036970243462579 0.6498800959232613 0.018935978358881875 0.64828137490008 0.02164111812443643 0.6346922462030377 0.021190261496844002 0.6250999200639489 0.018935978358881875 0.6171063149480416 0.01036970243462579 0.6123101518784972 0.0031559963931469793 0.6123101518784972 0 0.6147082334132695 0 0.6466826538768985
0 0.47610459873760147 0.4524380495603517 0.4842200180342651 0.45643485211830537 0.48737601442741213 0.4556354916067146 0.49233543733092877 0.44684252597921664 0.49233543733092877 0.43085531574740216 0.48963029756537424 0.425259792166267 0.4842200180342651 0.4212629896083134 0.478809738503156 0.42845723421262993 0.47475202885482415 0.4444444444444444 0.4743011722272317 0.44924060751398887 0.47610459873760147 0.4524380495603517
0 0.05049594229035167 0.19584332533972823 0.062218214607754736 0.2038369304556355 0.06672678088367899 0.2030375699440448 0.06853020739404869 0.19984012789768185 0.07123534715960325 0.19024780175859313 0.0721370604147881 0.1774580335731415 0.06762849413886383 0.16866506794564348 0.05320108205590622 0.1574740207833733 0.05004508566275924 0.16067146282973624 0.04824165915238954 0.17186250999200642 0.04824165915238954 0.1894484412470024 0.05049594229035167 0.19584332533972823
0 0.9486023444544635 0.6091127098321344 0.9558160504959423 0.6123101518784972 0.9589720468890893 0.6091127098321344 0.960775473399459 0.595523581135092 0.9625788999098286 0.5915267785771383 0.9540126239855725 0.5699440447641887 0.9467989179440939 0.5643485211830536 0.9422903516681695 0.5643485211830536 0.9400360685302074 0.5675459632294165 0.9346257889990982 0.586730615507594 0.9350766456266908 0.5963229416466826 0.9486023444544635 0.6091127098321344
0 0.8836789900811541 0.5811350919264588 0.8999098286744815 0.595523581135092 0.9053201082055906 0.5963229416466826 0.9102795311091073 0.5851318944844125 0.9044183949504058 0.5715427657873702 0.89404869251578 0.5603517186250999 0.8845807033363391 0.5619504396482814 0.8818755635707846 0.565947242206235 0.8818755635707846 0.5771382893685052 0.8836789900811541 0.5811350919264588
0 0.7551848512173129 0.12629896083133493 0.7691614066726781 0.1398880895283773 0.7727682596934174 0.1398880895283773 0.7768259693417493 0.13189448441247004 0.7777276825969343 0.11590727418065548 0.7763751127141569 0.1111111111111111 0.7714156898106402 0.1047162270183853 0.7619477006311993 0.10071942446043165 0.75834084761046 0.10631494804156676 0.7556357078449053 0.11590727418065548 0.7542831379621281 0.12230215827338131 0.7551848512173129 0.12629896083133493
0 0.9242560865644726 0.6554756195043965 0.9292155094679891 0.6586730615507593 0.9350766456266908 0.6586730615507593 0.9418394950405771 0.6642685851318945 0.9481514878268711 0.6650679456434853 0.9504057709648331 0.6626698641087131 0.9508566275924257 0.6578737010391686 0.9477006311992787 0.6490807354116707 0.9350766456266908 0.6378896882494005 0.9256086564472498 0.6243005595523582 0.9215509467989179 0.6258992805755397 0.9179440937781785 0.6354916067146283 0.9174932371505862 0.64828137490008 0.9242560865644726 0.6554756195043965
0 0.7380522993688007 0.3069544364508393 0.7479711451758341 0.3149480415667466 0.7520288548241659 0.31574740207833735 0.7547339945897205 0.3133493205435652 0.7556357078449053 0.2997601918465228 0.7493237150586113 0.28936850519584334 0.7407574391343553 0.2853717026378897 0.7366997294860235 0.293365307753797 0.736248872858431 0.30295763389288566 0.7380522993688007 0.3069544364508393
0 0.35978358881875566 0.5355715427657874 0.3796212804328224 0.5523581135091926 0.3836789900811542 0.5491606714628298 0.3890892696122633 0.5291766586730615 0.38773669972948605 0.525179856115108 0.3796212804328224 0.5211830535571543 0.3678990081154193 0.5091926458832934 0.3624887285843102 0.5115907274180655 0.35843101893597834 0.525179856115108 0.35843101893597834 0.5331734612310152 0.35978358881875566 0.5355715427657874
0 0.12714156898106402 0.6802557953637091 0.1284941388638413 0.6834532374100719 0.16816952209197475 0.7178257394084733 0.17493237150586113 0.718625099920064 0.178990081154193 0.7122302158273383 0.1825969341749324 0.697841726618705 0.18214607754733994 0.6922462030375699 0.14833183047790804 0.6506794564348523 0.14382326420198377 0.6466826538768985 0.13976555455365194 0.6466826538768985 0.13255184851217314 0.6538768984812151 0.1289449954914337 0.6618705035971224 0.12714156898106402 0.6730615507593926 0.12714156898106402 0.6802557953637091
0 0.3133453561767358 0.16147082334132695 0.3223624887285843 0.16706634692246206 0.32822362488728585 0.16706634692246206 0.3313796212804328 0.16386890487609912 0.3327321911632101 0.15027977617905677 0.32867448151487827 0.14308553157474022 0.32281334535617673 0.1398880895283773 0.3106402164111813 0.14068745003996805 0.31018935978358886 0.1542765787370104 0.3133453561767358 0.16147082334132695
0 0.345356176735798 0.6698641087130296 0.348512173128945 0.6722621902478018 0.35211902614968443 0.6714628297362111 0.3557258791704238 0.6666666666666666 0.3602344454463481 0.6514788169464429 0.35978358881875566 0.6394884092725819 0.3557258791704238 0.6322941646682655 0.35211902614968443 0.6298960831334932 0.34761045987376016 0.6314948041566747 0.3417493237150586 0.645083932853717 0.3417493237150586 0.6626698641087131 0.345356176735798 0.6698641087130296
0 0.42741208295761945 0.43645083932853723 0.43913435527502254 0.44364508393285373 0.44229035166816955 0.4444444444444444 0.4436429215509468 0.4420463629096723 0.445897204688909 0.42286171063149486 0.44409377817853923 0.4140687450039968 0.43913435527502254 0.407673860911271 0.42831379621280435 0.4020783373301359 0.4247069431920649 0.407673860911271 0.42200180342651034 0.4172661870503597 0.42200180342651034 0.4276578737010392 0.42741208295761945 0.43645083932853723
0 0.05320108205590622 0.12470023980815349 0.06447249774571685 0.13189448441247004 0.0757439134355275 0.14308553157474022 0.08476104598737601 0.14628297362110312 0.08926961226330027 0.13509192645883294 0.08972046889089269 0.12709832134292565 0.08836789900811542 0.12310151878497202 0.06086564472497746 0.09352517985611512 0.05500450856627593 0.09432454036770584 0.049143372407574396 0.10951239008792966 0.04869251577998197 0.11590727418065548 0.05320108205590622 0.12470023980815349
0 0.4824165915238954 0.6610711430855316 0.4990982867448151 0.6722621902478018 0.5049594229035167 0.6682653876898482 0.5085662759242561 0.6586730615507593 0.5076645626690712 0.6514788169464429 0.5049594229035167 0.6458832933653078 0.49188458070333635 0.6330935251798562 0.48512173128945 0.6378896882494005 0.4810640216411181 0.6530775379696243 0.4806131650135257 0.6578737010391686 0.4824165915238954 0.6610711430855316
0 0.9891794409377818 0.42845723421262993 0.9945897204688909 0.43645083932853723 0.9995491433724076 0.4372501998401279 0.9995491433724076 0.4108713029576339 0.9945897204688909 0.40687450039968026 0.9909828674481516 0.407673860911271 0.9882777276825969 0.41486810551558756 0.9878268710550046 0.42286171063149486 0.9891794409377818 0.42845723421262993
0 0.25428313796212804 0.2981614708233413 0.2723174030658251 0.3149480415667466 0.27592425608656446 0.3165467625899281 0.2799819657348963 0.3133493205435652 0.28358881875563574 0.30055955235811355 0.284941388638413 0.2885691446842526 0.28358881875563574 0.2829736211031175 0.27682596934174936 0.27258193445243806 0.2583408476104599 0.26059152677857716 0.25473399458972046 0.26298960831334933 0.25067628494138866 0.27577937649880097 0.25022542831379624 0.2885691446842526 0.25428313796212804 0.2981614708233413
0 0.6460775473399459 0.9560351718625101 0.6550946798917944 0.9656274980015987 0.6623083859332732 0.9664268585131894 0.6650135256988278 0.9632294164668266 0.6659152389540126 0.9416466826538769 0.6623083859332732 0.9320543565147882 0.6519386834986475 0.9264588329336532 0.6456266907123535 0.9368505195843326 0.6438232642019839 0.9504396482813751 0.6460775473399459 0.9560351718625101
0 0.4715960324616772 0.3213429256594725 0.47745716862037874 0.3237410071942446 0.4833183047790803 0.3133493205435652 0.48512173128945 0.2973621103117506 0.4810640216411181 0.2853717026378897 0.47745716862037874 0.2821742605915268 0.47339945897204694 0.2829736211031175 0.46528403967538323 0.2949640287769784 0.4630297565374211 0.3069544364508393 0.4715960324616772 0.3213429256594725
0 0.9206492335437331 0.5083932853717026 0.9314697926059514 0.5195843325339728 0.9346257889990982 0.5203836930455635 0.9409377817853922 0.5115907274180655 0.9440937781785392 0.5003996802557954 0.9440937781785392 0.4940047961630696 0.9422903516681695 0.48840927258193445 0.9391343552750226 0.4836131095123901 0.9287646528403968 0.47641886490807356 0.9251577998196574 0.47641886490807356 0.9238052299368801 0.4788169464428457 0.9192966636609557 0.49720223820943243 0.9192966636609557 0.5051958433253397 0.9206492335437331 0.5083932853717026
0 0.8142470694319207 0.39728217426059154 0.8174030658250677 0.4084732214228617 0.8219116321009919 0.41486810551558756 0.8286744815148782 0.4140687450039968 0.8313796212804329 0.40687450039968026 0.8309287646528404 0.39728217426059154 0.8201082055906221 0.38529176658673064 0.8155996393146979 0.38529176658673064 0.8137962128043282 0.3868904876099121 0.8142470694319207 0.39728217426059154
0 0.5888187556357078 0.21982414068745004 0.5946798917944094 0.21982414068745004 0.6000901713255185 0.2070343725019984 0.6000901713255185 0.2014388489208633 0.5933273219116322 0.19344524380495606 0.5820559062218215 0.1894484412470024 0.5766456266907123 0.19264588329336532 0.5766456266907123 0.2070343725019984 0.5888187556357078 0.21982414068745004
0 0.3065825067628494 0.6378896882494005 0.3174030658250676 0.6466826538768985 0.32146077547339946 0.6466826538768985 0.32416591523895405 0.6434852118305356 0.32596934174932374 0.6258992805755397 0.32146077547339946 0.6171063149480416 0.3106402164111813 0.6115107913669064 0.30703336339044185 0.6195043964828137 0.30477908025247974 0.6298960831334932 0.3065825067628494 0.6378896882494005
0 0.6537421100090172 0.28457234212629895 0.6677186654643824 0.2949640287769784 0.6713255184851218 0.29416466826538773 0.6753832281334536 0.28617106314948043 0.675834084761046 0.27577937649880097 0.6614066726780884 0.25739408473221426 0.6532912533814247 0.2549960031974421 0.6505861136158702 0.25739408473221426 0.6492335437330929 0.26458832933653076 0.6487826871055005 0.2789768185451639 0.6537421100090172 0.28457234212629895
0 0.6699729486023445 0.9880095923261392 0.6771866546438233 0.9936051159072742 0.6816952209197475 0.9920063948840928 0.6875563570784491 0.9760191846522782 0.6875563570784491 0.9616306954436452 0.6785392245266005 0.9504396482813751 0.674932371505861 0.9496402877697842 0.6708746618575293 0.9632294164668266 0.669522091974752 0.9704236610711432 0.6699729486023445 0.9880095923261392
0 0.825067628494139 0.3557154276578737 0.8449053201082056 0.37170263788968827 0.8498647430117223 0.36930455635491605 0.8516681695220919 0.3605115907274181 0.8516681695220919 0.3557154276578737 0.8498647430117223 0.35171862509992013 0.8286744815148782 0.3309352517985612 0.825067628494139 0.33253397282174263 0.8237150586113616 0.33573141486810554 0.8214607754733995 0.34852118305355717 0.825067628494139 0.3557154276578737
0 0.6920649233543733 0.9136690647482014 0.6979260595130748 0.9192645883293366 0.7055906221821461 0.9144684252597922 0.7082957619477006 0.8864908073541167 0.7037871956717764 0.8737010391686652 0.6997294860234445 0.8705035971223022 0.694770063119928 0.8721023181454837 0.6925157799819658 0.8752997601918465 0.6889089269612263 0.8920863309352519 0.6884580703336339 0.9040767386091128 0.6920649233543733 0.9136690647482014
0 0.721370604147881 0.8137490007993605 0.7204688908926962 0.8121502797761792 0.7195671776375113 0.8137490007993605 0.721370604147881 0.8137490007993605
0 0.6704238052299368 0.5435651478816946 0.6816952209197475 0.5579536370903277 0.6866546438232641 0.5587529976019185 0.6893597835888188 0.5563549160671463 0.6943192064923354 0.5403677058353318 0.693868349864743 0.5275779376498801 0.6789900811541929 0.5091926458832934 0.6753832281334536 0.5099920063948842 0.6717763751127143 0.5203836930455635 0.6704238052299368 0.5275779376498801 0.6704238052299368 0.5435651478816946
0 0.49729486023444547 0.2238209432454037 0.5009017132551848 0.22861710631494805 0.5054102795311091 0.22861710631494805 0.5094679891794409 0.22302158273381298 0.5121731289449956 0.21502797761790568 0.5121731289449956 0.2030375699440448 0.5094679891794409 0.19904076738609114 0.5022542831379622 0.19824140687450043 0.5 0.2006394884092726 0.49639314697926057 0.21183053557154277 0.4959422903516682 0.21982414068745004 0.49729486023444547 0.2238209432454037
0 0.27366997294860235 0.2222222222222222 0.2889990982867448 0.23421262989608316 0.2935076645626691 0.23421262989608316 0.29486023444544635 0.23101518784972022 0.2935076645626691 0.22302158273381298 0.2862939585211903 0.21582733812949642 0.27592425608656446 0.2126298960831335 0.2732191163210099 0.21662669864108713 0.2723174030658251 0.21982414068745004 0.27366997294860235 0.2222222222222222
0 0.9801623083859333 0.5027977617905676 0.9869251577998197 0.5075939248601119 0.9909828674481516 0.5075939248601119 0.9945897204688909 0.5011990407673861 0.9954914337240758 0.486810551558753 0.9878268710550046 0.47641886490807356 0.9765554553651938 0.47242206235011996 0.9747520288548243 0.47801758593125504 0.9747520288548243 0.4924060751398881 0.9801623083859333 0.5027977617905676
0 0.04508566275924256 0.43804956035171866 0.06762849413886383 0.4532374100719425 0.07123534715960325 0.4532374100719425 0.07484220018034266 0.4476418864908074 0.07709648331830478 0.43645083932853723 0.08205590622182146 0.4260591526778577 0.08431018935978359 0.41167066346922465 0.07709648331830478 0.39408473221422863 0.05680793507664563 0.3764988009592326 0.04959422903516681 0.38848920863309355 0.04418394950405771 0.4084732214228617 0.03922452660054102 0.4188649080735412 0.03922452660054102 0.42845723421262993 0.04508566275924256 0.43804956035171866
0 0.05229936880072138 0.9192645883293366 0.061316501352569885 0.9336530775379696 0.06988277727682597 0.9400479616306955 0.07484220018034266 0.9400479616306955 0.08160504959422904 0.9248601119104717 0.0825067628494139 0.915267785771383 0.07980162308385934 0.9072741806554757 0.06086564472497746 0.8880895283772982 0.05770964833183048 0.885691446842526 0.05410279531109107 0.8864908073541167 0.05139765554553652 0.8992805755395684 0.05049594229035167 0.9112709832134293 0.05229936880072138 0.9192645883293366
0 0.8872858431018936 0.3133493205435652 0.9021641118124436 0.328537170263789 0.9057709648331831 0.328537170263789 0.9098286744815148 0.31974420463629094 0.9098286744815148 0.3085531574740208 0.9017132551848512 0.2997601918465228 0.9017132551848512 0.2877697841726619 0.8976555455365194 0.2789768185451639 0.89404869251578 0.27817745803357313 0.8922452660054103 0.2805755395683453 0.8863841298467088 0.30295763389288566 0.8859332732191163 0.31095123900879296 0.8872858431018936 0.3133493205435652
0 0.9824165915238955 0.7585931254996003 0.9923354373309288 0.7681854516386891 0.9995491433724076 0.7665867306155076 0.9995491433724076 0.7314148681055157 0.9918845807033364 0.7258193445243806 0.9864743011722273 0.7258193445243806 0.9842200180342651 0.7282174260591526 0.9810640216411182 0.7442046362909672 0.9806131650135257 0.7529976019184652 0.9824165915238955 0.7585931254996003
0 0.6298467087466186 0.8201438848920864 0.633453561767358 0.8209432454036771 0.639765554553652 0.8033573141486812 0.6384129846708747 0.7929656274980017 0.630297565374211 0.7825739408473221 0.6262398557258791 0.7833733013589129 0.6221821460775473 0.7921662669864108 0.6208295761947701 0.8105515587529977 0.6298467087466186 0.8201438848920864
0 0.8422001803426511 0.5011990407673861 0.8548241659152389 0.5139888089528377 0.8588818755635708 0.513189448441247 0.8615870153291254 0.5083932853717026 0.8638412984670875 0.5003996802557954 0.8642921550946799 0.48920863309352525 0.8611361587015329 0.4836131095123901 0.8449053201082056 0.469224620303757 0.8412984670874663 0.4684252597921663 0.8376916140667268 0.4748201438848921 0.8363390441839494 0.48840927258193445 0.8422001803426511 0.5011990407673861
0 0.5081154192966637 0.37809752198241414 0.5121731289449956 0.3868904876099121 0.5189359783588818 0.38848920863309355 0.5256988277727683 0.37729816147082335 0.5270513976555455 0.36211031175059955 0.5216411181244364 0.3477218225419665 0.5175834084761046 0.3445243804956035 0.5108205590622182 0.3445243804956035 0.5054102795311091 0.3525179856115108 0.5049594229035167 0.36530775379696245 0.5081154192966637 0.37809752198241414
0 0.6406672678088369 0.5875299760191847 0.6442741208295762 0.5843325339728218 0.6474301172227231 0.574740207833733 0.6492335437330929 0.5587529976019185 0.6474301172227231 0.5539568345323741 0.633453561767358 0.5411670663469225 0.6266907123534716 0.5675459632294165 0.6266907123534716 0.577937649880096 0.6406672678088369 0.5875299760191847
0 0.6293958521190262 0.5147881694644285 0.6343552750225429 0.5203836930455635 0.6424706943192064 0.5187849720223822 0.6442741208295762 0.5163868904876099 0.6505861136158702 0.4932054356514788 0.6519386834986475 0.4804156674660272 0.6505861136158702 0.4708233413269384 0.6438232642019839 0.4588329336530776 0.6393146979260594 0.4588329336530776 0.6339044183949504 0.4660271782573941 0.6298467087466186 0.48201438848920863 0.6284941388638413 0.49880095923261397 0.6293958521190262 0.5147881694644285
0 0.95536519386835 0.5195843325339728 0.9675383228133454 0.5291766586730615 0.9729486023444545 0.5371702637889688 0.9774571686203787 0.5363709032773781 0.9815148782687105 0.525179856115108 0.9815148782687105 0.5163868904876099 0.9774571686203787 0.5083932853717026 0.963931469792606 0.495603517186251 0.9594229035166817 0.49720223820943243 0.954463480613165 0.5107913669064749 0.9540126239855725 0.5155875299760192 0.95536519386835 0.5195843325339728
0 0.8390441839495041 0.8345323741007195 0.8530207394048693 0.8481215027977619 0.8579801623083859 0.8473221422861711 0.8606853020739406 0.8401278976818546 0.8611361587015329 0.8297362110311751 0.8557258791704238 0.806554756195044 0.8530207394048693 0.8025579536370904 0.8489630297565375 0.8017585931254997 0.8453561767357981 0.8049560351718625 0.8417493237150586 0.8129496402877698 0.8381424706943192 0.82414068745004 0.8390441839495041 0.8345323741007195
0 0.7592425608656448 0.9664268585131894 0.7651036970243462 0.9752198241406874 0.7759242560865645 0.9800159872102319 0.7790802524797115 0.9720223820943246 0.7817853922452661 0.9496402877697842 0.7709648331830479 0.9376498800959233 0.7651036970243462 0.9392486011191048 0.7610459873760144 0.9464428457234213 0.75834084761046 0.9560351718625101 0.7592425608656448 0.9664268585131894
0 0.6681695220919748 0.6458832933653078 0.6713255184851218 0.6522781774580336 0.6853020739404869 0.6658673061550759 0.6893597835888188 0.6658673061550759 0.6925157799819658 0.6602717825739409 0.6929666366095582 0.6506794564348523 0.6825969341749324 0.6330935251798562 0.6753832281334536 0.627498001598721 0.6704238052299368 0.6330935251798562 0.6681695220919748 0.6402877697841727 0.6681695220919748 0.6458832933653078
0 0.46528403967538323 0.7426059152677859 0.47790802524797116 0.7521982414068745 0.48467087466185754 0.7442046362909672 0.48782687105500455 0.7314148681055157 0.48782687105500455 0.7258193445243806 0.4828674481514878 0.7146282973621104 0.47745716862037874 0.7106314948041567 0.47294860234445446 0.7106314948041567 0.4661857529305681 0.7162270183852918 0.46393146979260597 0.7290167865707434 0.4630297565374211 0.7378097521982414 0.46528403967538323 0.7426059152677859
0 0.5338142470694319 0.7066346922462031 0.5356176735798016 0.709832134292566 0.5495942290351669 0.7226219024780176 0.5541027953110911 0.7218225419664269 0.5586113615870153 0.7058353317346123 0.5581605049594229 0.695443645083933 0.5541027953110911 0.6882494004796164 0.5428313796212805 0.6810551558752997 0.5383228133453561 0.6842525979216627 0.5356176735798016 0.6914468425259792 0.5338142470694319 0.6994404476418865 0.5338142470694319 0.7066346922462031
0 0.6979260595130748 0.2621902478017586 0.7078449053201082 0.26458832933653076 0.7105500450856627 0.2621902478017586 0.715960324616772 0.2478017585931255 0.7150586113615871 0.24380495603517185 0.6961226330027052 0.22621902478017586 0.6925157799819658 0.2270183852917666 0.6902614968440036 0.2334132693844924 0.6902614968440036 0.2549960031974421 0.6979260595130748 0.2621902478017586
0 0.4945897204688909 0.1750599520383693 0.5049594229035167 0.18545163868904876 0.5117222723174031 0.18625099920063948 0.5157799819657348 0.18145483613109514 0.5229936880072137 0.1510791366906475 0.5157799819657348 0.13828936850519585 0.5072137060414789 0.13189448441247004 0.5045085662759243 0.1342925659472422 0.49729486023444547 0.1566746602717826 0.49413886384129846 0.17106314948041568 0.4945897204688909 0.1750599520383693
0 0.6073038773669973 0.1334932054356515 0.6122633002705139 0.14068745003996805 0.6190261496844004 0.14148681055155876 0.6230838593327321 0.13509192645883294 0.6248872858431019 0.11590727418065548 0.6221821460775473 0.10551558752997602 0.6158701532912535 0.09992006394884093 0.6118124436429215 0.09992006394884093 0.609107303877367 0.10311750599520383 0.6055004508566276 0.11590727418065548 0.6050495942290353 0.12629896083133493 0.6073038773669973 0.1334932054356515
0 0.15779981965734896 0.9072741806554757 0.1708746618575293 0.9192645883293366 0.1744815148782687 0.9184652278177459 0.18034265103697025 0.9112709832134293 0.18394950405770966 0.8920863309352519 0.18214607754733994 0.8832933653077538 0.17673579801623085 0.8729016786570745 0.16050495942290352 0.8601119104716227 0.15599639314697925 0.8657074340527579 0.15599639314697925 0.8697042366107114 0.15284039675383226 0.876898481215028 0.15284039675383226 0.8960831334932055 0.15779981965734896 0.9072741806554757
0 0.7817853922452661 0.2981614708233413 0.7889990982867447 0.30055955235811355 0.793507664562669 0.293365307753797 0.7917042380522994 0.2789768185451639 0.7844905320108205 0.2685851318944844 0.7723174030658251 0.2621902478017586 0.7687105500450856 0.27098321342925663 0.7687105500450856 0.2813749000799361 0.7817853922452661 0.2981614708233413
0 0.7862939585211903 0.5467625899280576 0.7912533814247069 0.5579536370903277 0.7971145175834086 0.5587529976019185 0.8007213706041478 0.5539568345323741 0.80297565374211 0.5443645083932854 0.8020739404869252 0.5307753796962431 0.7962128043282236 0.5243804956035172 0.7894499549143373 0.5243804956035172 0.7880973850315599 0.5267785771382895 0.7858431018935979 0.5387689848121503 0.7862939585211903 0.5467625899280576
0 0.7303877366997296 0.10711430855315748 0.7380522993688007 0.11590727418065548 0.7502254283137962 0.12470023980815349 0.7551848512173129 0.12230215827338131 0.760595130748422 0.09992006394884093 0.7596934174932372 0.0903277378097522 0.7560865644724978 0.08313349320543566 0.74165915238954 0.06874500399680256 0.7376014427412083 0.07114308553157474 0.7294860234445446 0.09512390087929656 0.7290351668169522 0.10311750599520383 0.7303877366997296 0.10711430855315748
0 0.3489630297565374 0.2549960031974421 0.3494138863841299 0.26458832933653076 0.351668169522092 0.2677857713828937 0.3624887285843102 0.2677857713828937 0.366546438232642 0.2637889688249401 0.3692515779981966 0.25739408473221426 0.369702434625789 0.2517985611510791 0.3674481514878269 0.2470023980815348 0.35933273219116324 0.24060751398880897 0.351668169522092 0.23741007194244604 0.3480613165013526 0.23820943245403678 0.3462578899909829 0.2414068745003997 0.34580703336339047 0.24940047961630699 0.3489630297565374 0.2549960031974421
0 0.8354373309287646 0.5291766586730615 0.8521190261496844 0.5411670663469225 0.8561767357980163 0.5363709032773781 0.8579801623083859 0.5259792166266987 0.8570784490532011 0.5195843325339728 0.8462578899909828 0.5051958433253397 0.8381424706943192 0.49720223820943243 0.8345356176735799 0.49640287769784175 0.8313796212804329 0.49960031974420466 0.8286744815148782 0.5083932853717026 0.8282236248872858 0.5187849720223822 0.8354373309287646 0.5291766586730615
0 0.7894499549143373 0.871302957633893 0.7984670874661858 0.871302957633893 0.8043282236248873 0.8585131894484412 0.8002705139765555 0.8393285371702638 0.796663660955816 0.832933653077538 0.7899008115419297 0.8337330135891287 0.7858431018935979 0.8457234212629897 0.7835888187556357 0.8657074340527579 0.7894499549143373 0.871302957633893
0 0.281785392245266 0.2094324540367706 0.29305680793507666 0.21422861710631497 0.2975653742110009 0.21023181454836132 0.2975653742110009 0.20623501199040767 0.2894499549143373 0.19744204636290968 0.28043282236248873 0.19344524380495606 0.2777276825969342 0.19584332533972823 0.2781785392245266 0.20543565147881696 0.281785392245266 0.2094324540367706