0 0.2980162308385933 0.9888089528377298 0.3137962128043282 0.9896083133493206 0.3165013525698828 0.9872102318145485 0.3169522091974752 0.9752198241406874 0.3146979260595131 0.9672262190247802 0.3137962128043282 0.9536370903277379 0.31154192966636607 0.9488409272581935 0.30703336339044185 0.9464428457234213 0.29981965734896304 0.9480415667466028 0.29981965734896304 0.9528377298161471 0.2966636609558161 0.9560351718625101 0.29621280432822367 0.9848121502797762 0.2980162308385933 0.9888089528377298
0 0.9463480613165013 0.1894484412470024 0.9481514878268711 0.18465227817745802 0.9499549143372408 0.16786570743405277 0.9495040577096483 0.14468425259792167 0.9373309287646528 0.14788169464428458 0.9350766456266908 0.15027977617905677 0.9341749323715058 0.15507593924860114 0.9346257889990982 0.18545163868904876 0.9463480613165013 0.1894484412470024
0 0.34220018034265104 0.9288569144684253 0.35437330928764654 0.9320543565147882 0.35978358881875566 0.9272581934452439 0.35933273219116324 0.9024780175859313 0.35211902614968443 0.8864908073541167 0.3503155996393147 0.8896882494004797 0.3507664562669071 0.894484412470024 0.3440036068530208 0.8952837729816148 0.3408476104598738 0.8984812150279777 0.34039675383228135 0.9160671462829737 0.34220018034265104 0.9288569144684253
0 0.7385031559963932 0.5787370103916867 0.7439134355275022 0.5811350919264588 0.7488728584310189 0.5795363709032775 0.7506762849413887 0.5651478816946442 0.7497745716862038 0.5563549160671463 0.7412082957619477 0.5547561950439649 0.7376014427412083 0.5619504396482814 0.7371505861136158 0.5739408473221423 0.7385031559963932 0.5787370103916867
0 0.8967538322813345 0.37090327737809753 0.9057709648331831 0.37250199840127896 0.9107303877366997 0.37090327737809753 0.9125338142470695 0.3677058353317346 0.9107303877366997 0.35331734612310156 0.9084761045987376 0.34852118305355717 0.9048692515779982 0.34612310151878495 0.8976555455365194 0.3477218225419665 0.8944995491433724 0.35891286970423664 0.89404869251578 0.36530775379696245 0.8967538322813345 0.37090327737809753
0 0.7799819657348963 0.4948041566746603 0.7858431018935979 0.49880095923261397 0.7930568079350766 0.49640287769784175 0.7944093778178539 0.4796163069544365 0.7921550946798918 0.47322142286171065 0.784941388638413 0.47002398081534774 0.7781785392245266 0.47242206235011996 0.7781785392245266 0.49000799360511593 0.7799819657348963 0.4948041566746603
0 0.15779981965734896 0.704236610711431 0.16140667267808836 0.7074340527577938 0.16456266907123535 0.7066346922462031 0.1708746618575293 0.7106314948041567 0.19251577998196576 0.7170263788968825 0.2096483318304779 0.7178257394084733 0.21100090171325517 0.7154276578737011 0.21190261496844004 0.689048760991207 0.21009918845807032 0.6834532374100719 0.19747520288548243 0.6802557953637091 0.1708746618575293 0.6802557953637091 0.16771866546438233 0.6786570743405277 0.16456266907123535 0.6714628297362111 0.16230838593327324 0.6706634692246204 0.15779981965734896 0.6730615507593926 0.1568981064021641 0.6818545163868905 0.1564472497745717 0.6994404476418865 0.15779981965734896 0.704236610711431
0 0.8963029756537422 0.05595523581135092 0.9080252479711453 0.055155875299760196 0.9107303877366997 0.04716227018385292 0.9093778178539225 0.02238209432454037 0.8985572587917042 0.01278976818545164 0.8944995491433724 0.01278976818545164 0.8913435527502254 0.019184652278177457 0.8913435527502254 0.05355715427657874 0.8963029756537422 0.05595523581135092
0 0.8286744815148782 0.06314948041566747 0.8385933273219116 0.06554756195043965 0.8422001803426511 0.06474820143884892 0.8449053201082056 0.060751398880895285 0.8431018935978359 0.045563549160671464 0.8381424706943192 0.03517186250999201 0.8300270513976555 0.03517186250999201 0.8277727682596934 0.045563549160671464 0.827321911632101 0.05595523581135092 0.8286744815148782 0.06314948041566747
0 0.827321911632101 0.5435651478816946 0.8331830477908025 0.5443645083932854 0.8358881875563571 0.5387689848121503 0.8372407574391344 0.5011990407673861 0.833633904418395 0.48920863309352525 0.8264201983769162 0.4876099120703437 0.825067628494139 0.49000799360511593 0.8264201983769162 0.5411670663469225 0.827321911632101 0.5435651478816946
0 0.48782687105500455 0.7474020783373301 0.5090171325518486 0.748201438848921 0.5126239855725879 0.7450039968025579 0.5126239855725879 0.7202238209432456 0.5094679891794409 0.7162270183852918 0.49098286744815145 0.7146282973621104 0.48737601442741213 0.7194244604316546 0.48647430117222723 0.7258193445243806 0.4860234445446348 0.7418065547561951 0.48782687105500455 0.7474020783373301
0 0.8742110009017132 0.6298960831334932 0.8832281334535618 0.6354916067146283 0.8904418394950405 0.6330935251798562 0.8895401262398558 0.6195043964828137 0.8836789900811541 0.6107114308553158 0.8733092876465285 0.6107114308553158 0.8724075743913436 0.6139088729016786 0.8724075743913436 0.6258992805755397 0.8742110009017132 0.6298960831334932
0 0.4147880973850316 0.9112709832134293 0.418394950405771 0.9016786570743406 0.418394950405771 0.8896882494004797 0.41568981064021643 0.885691446842526 0.4075743913435528 0.8824940047961631 0.40577096483318303 0.8864908073541167 0.40486925157799825 0.8960831334932055 0.40486925157799825 0.9112709832134293 0.4147880973850316 0.9112709832134293
0 0.8322813345356176 0.17426059152677859 0.8453561767357981 0.17426059152677859 0.8444544634806133 0.14708233413269386 0.8327321911632102 0.14548361310951238 0.8300270513976555 0.14788169464428458 0.830477908025248 0.16866506794564348 0.8322813345356176 0.17426059152677859
0 0.3624887285843102 0.7194244604316546 0.36384129846708746 0.7266187050359713 0.37150586113615874 0.7314148681055157 0.38458070333633904 0.7314148681055157 0.3863841298467087 0.7210231814548362 0.3863841298467087 0.7074340527577938 0.3836789900811542 0.6962430055955237 0.3814247069431921 0.6922462030375699 0.3764652840396754 0.6906474820143885 0.3656447249774572 0.6922462030375699 0.3624887285843102 0.7034372501998403 0.3624887285843102 0.7194244604316546
0 0.18665464382326422 0.8345323741007195 0.19747520288548243 0.8361310951239008 0.19972948602344456 0.8337330135891287 0.20018034265103696 0.8161470823341327 0.1988277727682597 0.8129496402877698 0.18890892696122633 0.8089528377298163 0.1848512173128945 0.8161470823341327 0.18440036068530208 0.8289368505195844 0.18665464382326422 0.8345323741007195
0 0.4341749323715059 0.7410071942446044 0.4355275022542831 0.7426059152677859 0.4463480613165014 0.7434052757793765 0.45356176735798015 0.7410071942446044 0.45626690712353474 0.7434052757793765 0.4594229035166817 0.7402078337330137 0.46077547339945896 0.7234212629896084 0.45852119026149685 0.7122302158273383 0.4355275022542831 0.7058353317346123 0.4341749323715059 0.7138289368505196 0.4337240757439134 0.7346123101518786 0.4341749323715059 0.7410071942446044
0 0.5302073940486925 0.7434052757793765 0.5333633904418394 0.7402078337330137 0.5351668169522091 0.7202238209432456 0.5338142470694319 0.7170263788968825 0.521190261496844 0.7154276578737011 0.5189359783588818 0.718625099920064 0.5193868349864743 0.7426059152677859 0.5302073940486925 0.7434052757793765
0 0.8769161406672679 0.5939248601119105 0.8872858431018936 0.5971223021582733 0.8922452660054103 0.595523581135092 0.89404869251578 0.592326139088729 0.8944995491433724 0.5843325339728218 0.891794409377818 0.5771382893685052 0.8796212804328223 0.5755395683453238 0.8755635707844905 0.577937649880096 0.8751127141568981 0.5907274180655476 0.8769161406672679 0.5939248601119105
0 0.657799819657349 0.2685851318944844 0.6605049594229035 0.27258193445243806 0.6713255184851218 0.2685851318944844 0.672678088367899 0.26538768984812156 0.672678088367899 0.25099920063948844 0.6690712353471596 0.23421262989608316 0.6600541027953112 0.2294164668265388 0.6568981064021642 0.23101518784972022 0.6555455365193867 0.23501199040767387 0.6550946798917944 0.2501998401278977 0.657799819657349 0.2685851318944844
0 0.7948602344454464 0.5467625899280576 0.8038773669972948 0.5443645083932854 0.8047790802524797 0.5379696243005596 0.8020739404869252 0.5139888089528377 0.8002705139765555 0.5115907274180655 0.7930568079350766 0.5115907274180655 0.7912533814247069 0.5155875299760192 0.7921550946798918 0.5443645083932854 0.7948602344454464 0.5467625899280576
0 0.5527502254283138 0.7322142286171064 0.5707844905320109 0.7338129496402878 0.5748422001803427 0.7282174260591526 0.5743913435527502 0.7234212629896084 0.5689810640216412 0.7194244604316546 0.5568079350766456 0.7178257394084733 0.5495942290351669 0.7210231814548362 0.5491433724075744 0.7282174260591526 0.5527502254283138 0.7322142286171064
0 0.16907123534715962 0.897681854516387 0.17538322813345356 0.8968824940047961 0.17718665464382327 0.8848920863309353 0.17538322813345356 0.8689048760991207 0.16997294860234446 0.8617106314948043 0.16230838593327324 0.8609112709832134 0.15779981965734896 0.8649080735411672 0.1582506762849414 0.8936850519584333 0.16907123534715962 0.897681854516387
0 0.1650135256988278 0.6243005595523582 0.16771866546438233 0.6219024780175859 0.16816952209197475 0.6051159072741806 0.16591523895401264 0.6003197442046363 0.15374211000901714 0.5979216626698641 0.1492335437330929 0.6019184652278178 0.15058611361587015 0.6227018385291766 0.1650135256988278 0.6243005595523582
0 0.9571686203787195 0.5459632294164669 0.9702434625789 0.548361310951239 0.9733994589720468 0.542765787370104 0.9743011722272317 0.5211830535571543 0.9720468890892696 0.5147881694644285 0.9675383228133454 0.5115907274180655 0.9598737601442742 0.5115907274180655 0.957619477006312 0.5139888089528377 0.9562669071235348 0.5203836930455635 0.9558160504959423 0.5387689848121503 0.9571686203787195 0.5459632294164669
0 0.5707844905320109 0.8497202238209433 0.5883678990081154 0.8529176658673061 0.5919747520288549 0.8353317346123101 0.5915238954012624 0.8249400479616307 0.5888187556357078 0.8137490007993605 0.5802524797114518 0.809752198241407 0.5743913435527502 0.809752198241407 0.5716862037871957 0.8113509192645884 0.569882777276826 0.8161470823341327 0.5694319206492335 0.8385291766586731 0.5707844905320109 0.8497202238209433
0 0.6541929666366095 0.7314148681055157 0.6668169522091975 0.7346123101518786 0.6722272317403066 0.7330135891286971 0.672678088367899 0.7218225419664269 0.6699729486023445 0.7130295763389289 0.6623083859332732 0.7090327737809753 0.654643823264202 0.7090327737809753 0.6528403967538323 0.7122302158273383 0.65238954012624 0.7226219024780176 0.6541929666366095 0.7314148681055157
0 0.28268710550045084 0.9224620303756994 0.28990081154192965 0.9216626698641087 0.2971145175834085 0.9136690647482014 0.2984670874661858 0.9096722621902479 0.3011722272317403 0.8721023181454837 0.2971145175834085 0.8673061550759393 0.29080252479711455 0.8665067945643485 0.2822362488728584 0.8673061550759393 0.2799819657348963 0.8697042366107114 0.2795311091073039 0.9176658673061552 0.28268710550045084 0.9224620303756994
0 0.4648331830477908 0.8641087130295764 0.4679891794409378 0.8617106314948043 0.46934174932371503 0.8313349320543566 0.46844003606853024 0.8201438848920864 0.4666366095581605 0.815347721822542 0.46167718665464386 0.8121502797761792 0.45311091073038773 0.8121502797761792 0.4495040577096483 0.8169464428457234 0.4477006311992786 0.8289368505195844 0.4486023444544635 0.8633093525179857 0.4648331830477908 0.8641087130295764
0 0.9152389540126239 0.18705035971223025 0.9265103697024346 0.18545163868904876 0.9283137962128044 0.17825739408473223 0.9238052299368801 0.16626698641087131 0.9188458070333634 0.16227018385291767 0.9143372407574392 0.1630695443645084 0.9102795311091073 0.1750599520383693 0.9107303877366997 0.18465227817745802 0.9152389540126239 0.18705035971223025
0 0.9941388638412986 0.25259792166266987 0.9995491433724076 0.2517985611510791 0.9995491433724076 0.21902478017585933 0.9909828674481516 0.21902478017585933 0.9909828674481516 0.2470023980815348 0.9941388638412986 0.25259792166266987
0 0.8110910730387737 0.06155075939248601 0.8174030658250677 0.06474820143884892 0.8232642019837692 0.0639488409272582 0.825067628494139 0.06155075939248601 0.825067628494139 0.04796163069544365 0.8210099188458071 0.036770583533173466 0.8142470694319207 0.03437250199840128 0.8101893597835889 0.03996802557953637 0.8097385031559965 0.05675459632294165 0.8110910730387737 0.06155075939248601
0 0.23128944995491435 0.7202238209432456 0.25293056807935077 0.7194244604316546 0.25473399458972046 0.6994404476418865 0.2515779981965735 0.6882494004796164 0.23760144274120829 0.6858513189448442 0.2321911632100992 0.6858513189448442 0.23038773669972948 0.6882494004796164 0.22993688007213708 0.7170263788968825 0.23128944995491435 0.7202238209432456
0 0.3291253381424707 0.8497202238209433 0.3412984670874662 0.8489208633093526 0.3431018935978359 0.8425259792166268 0.3440036068530208 0.827338129496403 0.34265103697024346 0.8041566746602719 0.3336339044183949 0.7929656274980017 0.32777276825969337 0.7913669064748201 0.32506762849413884 0.7961630695443646 0.32416591523895405 0.8057553956834532 0.32326420198376915 0.8457234212629897 0.3291253381424707 0.8497202238209433
0 0.8769161406672679 0.2478017585931255 0.8769161406672679 0.23101518784972022 0.8751127141568981 0.21902478017585933 0.8660955816050496 0.21502797761790568 0.8624887285843102 0.21982414068745004 0.8620378719567178 0.2238209432454037 0.8620378719567178 0.2478017585931255 0.8769161406672679 0.2478017585931255
0 0.7596934174932372 0.504396482813749 0.7723174030658251 0.5027977617905676 0.7732191163210099 0.48201438848920863 0.7696122633002704 0.47242206235011996 0.7565374211000901 0.47322142286171065 0.7542831379621281 0.4756195043964829 0.7529305680793508 0.48121502797761795 0.7533814247069431 0.5019984012789769 0.7596934174932372 0.504396482813749
0 0.16050495942290352 0.8289368505195844 0.1672678088367899 0.8369304556354917 0.17673579801623085 0.8361310951239008 0.178990081154193 0.8313349320543566 0.17944093778178538 0.82414068745004 0.17944093778178538 0.7841726618705037 0.17538322813345356 0.7809752198241406 0.1636609558160505 0.7793764988009593 0.16140667267808836 0.78017585931255 0.15915238954012625 0.7865707434052758 0.15779981965734896 0.8137490007993605 0.16050495942290352 0.8289368505195844
0 0.8660955816050496 0.1838529176658673 0.8818755635707846 0.18545163868904876 0.8841298467087467 0.1838529176658673 0.8859332732191163 0.17585931254996007 0.8854824165915239 0.16866506794564348 0.8814247069431921 0.16466826538768983 0.8660955816050496 0.16227018385291767 0.8642921550946799 0.16706634692246206 0.8638412984670875 0.17825739408473223 0.8660955816050496 0.1838529176658673
0 0.5946798917944094 0.876898481215028 0.6064021641118125 0.8800959232613909 0.6100090171325518 0.8760991207034373 0.6095581605049595 0.859312549960032 0.6073038773669973 0.8513189448441247 0.6050495942290353 0.8489208633093526 0.5978358881875564 0.8497202238209433 0.5933273219116322 0.8649080735411672 0.5924256086564473 0.8729016786570745 0.5946798917944094 0.876898481215028
0 0.7899008115419297 0.2549960031974421 0.7962128043282236 0.2589928057553957 0.8025247971145176 0.2565947242206235 0.8038773669972948 0.25099920063948844 0.8038773669972948 0.24060751398880897 0.8025247971145176 0.23741007194244604 0.7975653742110009 0.23421262989608316 0.7889990982867447 0.2358113509192646 0.7885482416591524 0.25099920063948844 0.7899008115419297 0.2549960031974421
0 0.36880072137060416 0.6642685851318945 0.38097385031559966 0.6650679456434853 0.3868349864743012 0.6690647482014389 0.3904418394950406 0.6650679456434853 0.38863841298467083 0.6418864908073542 0.3868349864743012 0.6346922462030377 0.38097385031559966 0.6314948041566747 0.369702434625789 0.6330935251798562 0.3669972948602344 0.6402877697841727 0.366546438232642 0.657074340527578 0.36880072137060416 0.6642685851318945
0 0.8566275924256087 0.5491606714628298 0.8733092876465285 0.5507593924860112 0.8755635707844905 0.5475619504396483 0.876014427412083 0.5323741007194245 0.8742110009017132 0.525179856115108 0.8588818755635708 0.5227817745803358 0.8557258791704238 0.5267785771382895 0.8552750225428314 0.5467625899280576 0.8566275924256087 0.5491606714628298
0 0.6154192966636609 0.7498001598721024 0.636609558160505 0.7529976019184652 0.6429215509467989 0.7521982414068745 0.6451758340847611 0.748201438848921 0.6451758340847611 0.7346123101518786 0.6424706943192064 0.7306155075939249 0.6226330027051398 0.7258193445243806 0.6158701532912535 0.7258193445243806 0.6122633002705139 0.7290167865707434 0.6122633002705139 0.7458033573141487 0.6154192966636609 0.7498001598721024
0 0.611361587015329 0.9544364508393286 0.6194770063119928 0.9520383693045564 0.6217312894499549 0.9440447641886491 0.6217312894499549 0.9344524380495605 0.6172227231740307 0.9232613908872902 0.6095581605049595 0.9216626698641087 0.6077547339945897 0.9264588329336532 0.608205590622182 0.9512390087929657 0.611361587015329 0.9544364508393286
0 0.2551848512173129 0.8904876099120704 0.2587917042380523 0.885691446842526 0.2587917042380523 0.8705035971223022 0.2556357078449053 0.8665067945643485 0.2412082957619477 0.8649080735411672 0.23805229936880073 0.8697042366107114 0.23760144274120829 0.8896882494004797 0.2551848512173129 0.8904876099120704
0 0.47385031559963936 0.7426059152677859 0.4837691614066727 0.7402078337330137 0.48512173128945 0.7282174260591526 0.48467087466185754 0.7122302158273383 0.47610459873760147 0.7082334132693845 0.47069431920649235 0.709832134292566 0.47024346257889993 0.7378097521982414 0.47385031559963936 0.7426059152677859
0 0.4806131650135257 0.8665067945643485 0.48872858431018934 0.8617106314948043 0.48872858431018934 0.8353317346123101 0.48737601442741213 0.8289368505195844 0.481965734896303 0.8257394084732215 0.4720468890892696 0.8257394084732215 0.46844003606853024 0.8313349320543566 0.4688908926961226 0.8633093525179857 0.4806131650135257 0.8665067945643485
0 0.8471596032461677 0.3349320543565148 0.8525698827772769 0.3341326938449241 0.8548241659152389 0.3237410071942446 0.8521190261496844 0.3061550759392486 0.8498647430117223 0.30295763389288566 0.8417493237150586 0.30295763389288566 0.8399458972046889 0.3077537969624301 0.8408476104598738 0.32933653077537967 0.8471596032461677 0.3349320543565148
0 0.8097385031559965 0.14228617106314947 0.824165915238954 0.14308553157474022 0.827321911632101 0.1278976818545164 0.827321911632101 0.11191047162270185 0.8106402164111812 0.10231814548361312 0.8065825067628495 0.10791366906474821 0.8065825067628495 0.1398880895283773 0.8097385031559965 0.14228617106314947
0 0.9337240757439135 0.3756994404476419 0.9382326420198377 0.37170263788968827 0.939585211902615 0.36530775379696245 0.9391343552750226 0.3501199040767386 0.9341749323715058 0.3477218225419665 0.9174932371505862 0.34852118305355717 0.9179440937781785 0.3733013589128697 0.9337240757439135 0.3756994404476419
0 0.26690712353471596 0.7234212629896084 0.2862939585211903 0.7250199840127898 0.2912533814247069 0.7210231814548362 0.29260595130748424 0.7058353317346123 0.2917042380522994 0.6922462030375699 0.2655545536519387 0.689048760991207 0.26194770063119927 0.6930455635491607 0.26149684400360684 0.7074340527577938 0.26690712353471596 0.7234212629896084
0 0.9909828674481516 0.43884892086330934 0.9923354373309288 0.4212629896083134 0.9896302975653742 0.4084732214228617 0.9864743011722273 0.40527577937649883 0.9797114517583408 0.40447641886490815 0.9774571686203787 0.4060751398880896 0.9765554553651938 0.4100719424460432 0.9770063119927863 0.43884892086330934 0.9909828674481516 0.43884892086330934