0 0.8313796212804329 0.9640287769784173 0.8431018935978359 0.9608313349320544 0.8462578899909828 0.9560351718625101 0.8458070333633905 0.9464428457234213 0.8417493237150586 0.9336530775379696 0.8277727682596934 0.9448441247002399 0.8277727682596934 0.9568345323741008 0.8313796212804329 0.9640287769784173
0 0.9080252479711453 0.16386890487609912 0.9107303877366997 0.16786570743405277 0.9188458070333634 0.16786570743405277 0.9445446348061317 0.15827338129496404 0.9666366095581606 0.14468425259792167 0.9675383228133454 0.1398880895283773 0.9648331830477908 0.12949640287769784 0.960775473399459 0.1278976818545164 0.9102795311091073 0.15187849720223823 0.9075743913435527 0.1566746602717826 0.9080252479711453 0.16386890487609912
0 0.9729486023444545 0.34372501998401284 0.9770063119927863 0.34372501998401284 0.9963931469792606 0.33253397282174263 0.996844003606853 0.31974420463629094 0.9945897204688909 0.31414868105515587 0.9914337240757439 0.31254996003197444 0.9806131650135257 0.3149480415667466 0.9702434625789 0.3205435651478817 0.9675383228133454 0.328537170263789 0.9675383228133454 0.3397282174260592 0.9729486023444545 0.34372501998401284
0 0.9174932371505862 0.21342925659472425 0.9292155094679891 0.21582733812949642 0.9454463480613166 0.21023181454836132 0.9729486023444545 0.19584332533972823 0.9756537421100091 0.19264588329336532 0.9761045987376015 0.18784972022382096 0.9738503155996393 0.17426059152677859 0.9702434625789 0.17186250999200642 0.9183949504057709 0.19584332533972823 0.9152389540126239 0.19984012789768185 0.9152389540126239 0.20863309352517986 0.9174932371505862 0.21342925659472425
0 0.9666366095581606 0.2973621103117506 0.9697926059513075 0.2981614708233413 0.9855725879170424 0.2901678657074341 0.9905320108205591 0.2821742605915268 0.9900811541929667 0.2733812949640288 0.9873760144274121 0.26538768984812156 0.9666366095581606 0.27258193445243806 0.9621280432822362 0.27817745803357313 0.9630297565374212 0.29096722621902477 0.9666366095581606 0.2973621103117506
0 0.43507664562669074 0.30135891286970423 0.4337240757439134 0.3309352517985612 0.43507664562669074 0.33812949640287776 0.4382326420198377 0.3413269384492406 0.4828674481514878 0.3405275779376499 0.5522993688007214 0.3333333333333333 0.5775473399458972 0.3349320543565148 0.5811541929666366 0.3333333333333333 0.5825067628494138 0.32933653077537967 0.5811541929666366 0.2789768185451639 0.5775473399458972 0.2613908872901679 0.5360685302073941 0.26458832933653076 0.5293056807935077 0.2541966426858513 0.5193868349864743 0.2533972821742606 0.4368800721370604 0.25819344524380494 0.4328223624887286 0.26538768984812156 0.4323715058611362 0.27577937649880097 0.43507664562669074 0.30135891286970423
0 0.9702434625789 0.4404476418864908 0.9779080252479712 0.4420463629096723 0.9846708746618575 0.4396482813749001 0.9995491433724076 0.43165467625899284 0.9995491433724076 0.4092725819344525 0.9945897204688909 0.4092725819344525 0.9747520288548243 0.4180655475619504 0.9688908926961226 0.42286171063149486 0.9684400360685302 0.43085531574740216 0.9702434625789 0.4404476418864908
0 0.524346257889991 0.2334132693844924 0.5284039675383229 0.23820943245403678 0.5779981965734896 0.23421262989608316 0.5937781785392245 0.22541966426858515 0.630297565374211 0.22621902478017586 0.6343552750225429 0.22462030375699443 0.636609558160505 0.21902478017585933 0.6357078449053201 0.17665867306155078 0.6298467087466186 0.1654676258992806 0.6199278629395851 0.16466826538768983 0.5500450856627592 0.17426059152677859 0.5256988277727683 0.17346123101518784 0.5216411181244364 0.17825739408473223 0.5225428313796213 0.22062350119904078 0.524346257889991 0.2334132693844924
0 0.9715960324616773 0.38848920863309355 0.9837691614066727 0.38848920863309355 0.9995491433724076 0.38049560351718625 0.9995491433724076 0.3573141486810552 0.9697926059513075 0.36930455635491605 0.9693417493237151 0.3820943245403677 0.9715960324616773 0.38848920863309355
0 0.8286744815148782 0.8289368505195844 0.869702434625789 0.809752198241407 0.8715058611361587 0.8073541167066347 0.8715058611361587 0.8033573141486812 0.8701532912533815 0.7953637090327739 0.8660955816050496 0.7889688249400479 0.8237150586113616 0.8105515587529977 0.824165915238954 0.8249400479616307 0.8286744815148782 0.8289368505195844
0 0.9887285843101894 0.8792965627498002 0.993688007213706 0.8808952837729817 0.9995491433724076 0.8776978417266187 0.9995491433724076 0.8553157474020784 0.9905320108205591 0.8585131894484412 0.9869251577998197 0.8641087130295764 0.9864743011722273 0.8729016786570745 0.9887285843101894 0.8792965627498002
0 0.9598737601442742 0.24940047961630699 0.9765554553651938 0.24460431654676262 0.9842200180342651 0.23741007194244604 0.9819657348963029 0.22462030375699443 0.9774571686203787 0.21742605915267785 0.9598737601442742 0.22462030375699443 0.9558160504959423 0.22861710631494805 0.9562669071235348 0.24460431654676262 0.9598737601442742 0.24940047961630699
0 0.9995491433724076 0.9264588329336532 0.9995491433724076 0.9056754596322941 0.9932371505861136 0.9080735411670664 0.9932371505861136 0.9248601119104717 0.9995491433724076 0.9264588329336532
0 0.8160504959422903 0.7705835331734613 0.8183047790802525 0.78017585931255 0.8214607754733995 0.7841726618705037 0.8372407574391344 0.78017585931255 0.8557258791704238 0.7705835331734613 0.8593327321911632 0.765787370103917 0.863390441839495 0.7649880095923263 0.8647430117222724 0.7553956834532374 0.8629395852119026 0.7466027178257394 0.8593327321911632 0.7434052757793765 0.8178539224526601 0.762589928057554 0.8160504959422903 0.765787370103917 0.8160504959422903 0.7705835331734613
0 0.8309287646528404 0.8689048760991207 0.8322813345356176 0.8729016786570745 0.8354373309287646 0.8752997601918465 0.8525698827772769 0.8689048760991207 0.876014427412083 0.8561151079136692 0.8787195671776376 0.8521183053557154 0.8787195671776376 0.8473221422861711 0.8769161406672679 0.8385291766586731 0.872858431018936 0.8353317346123101 0.8318304779080252 0.8553157474020784 0.830477908025248 0.8577138289368506 0.8309287646528404 0.8689048760991207
0 0.9008115419296664 0.3317346123101519 0.9044183949504058 0.3333333333333333 0.9292155094679891 0.32454036770583533 0.9413886384129847 0.31734612310151883 0.9440937781785392 0.31414868105515587 0.9449954914337241 0.3069544364508393 0.939585211902615 0.2949640287769784 0.9350766456266908 0.2949640287769784 0.9044183949504058 0.30935251798561153 0.8994589720468892 0.31414868105515587 0.8994589720468892 0.328537170263789 0.9008115419296664 0.3317346123101519
0 0.8525698827772769 0.9992006394884093 0.8507664562669072 0.9872102318145485 0.8458070333633905 0.982414068745004 0.836789900811542 0.9832134292565947 0.833633904418395 0.9864108713029576 0.833633904418395 0.9992006394884093 0.8525698827772769 0.9992006394884093
0 0.8733092876465285 0.1398880895283773 0.8845807033363391 0.13828936850519585 0.9287646528403968 0.11910471622701839 0.9422903516681695 0.10951239008792966 0.9598737601442742 0.1015187849720224 0.9612263300270514 0.09912070343725021 0.9612263300270514 0.09192645883293366 0.958521190261497 0.08313349320543566 0.9531109107303878 0.0815347721822542 0.9242560865644726 0.09752198241406874 0.8755635707844905 0.11910471622701839 0.869702434625789 0.1278976818545164 0.869702434625789 0.1342925659472422 0.8733092876465285 0.1398880895283773
0 0.9080252479711453 0.3764988009592326 0.9183949504057709 0.37729816147082335 0.9472497745716862 0.36370903277378097 0.9513074842200181 0.3581135091926459 0.9517583408476105 0.3525179856115108 0.9495040577096483 0.3429256594724221 0.9422903516681695 0.3405275779376499 0.9120829576194771 0.354916067146283 0.9057709648331831 0.3629096722621903 0.9053201082055906 0.3677058353317346 0.9080252479711453 0.3764988009592326