0 0.22137060414788098 0.765787370103917 0.23715058611361586 0.765787370103917 0.2430117222723174 0.7585931254996003 0.24526600541027954 0.748201438848921 0.24481514878268712 0.7450039968025579 0.2412082957619477 0.7410071942446044 0.22993688007213708 0.7370103916866507 0.2096483318304779 0.7386091127098321 0.2096483318304779 0.7601918465227818 0.22137060414788098 0.765787370103917
0 0.5928764652840397 0.6586730615507593 0.60595130748422 0.6610711430855316 0.6140667267808837 0.657074340527578 0.6154192966636609 0.6442845723421263 0.6136158701532913 0.6290967226219025 0.5964833183047792 0.6243005595523582 0.5928764652840397 0.6250999200639489 0.59107303877367 0.6290967226219025 0.5906221821460775 0.6514788169464429 0.5928764652840397 0.6586730615507593
0 0.19792605951307485 0.41247002398081534 0.2091974752028855 0.4180655475619504 0.215058611361587 0.4172661870503597 0.22001803426510372 0.41167066346922465 0.2236248872858431 0.39728217426059154 0.22227231740306583 0.3924860111910472 0.21415689810640218 0.3844924060751399 0.2037871956717764 0.38049560351718625 0.1988277727682597 0.3828936850519585 0.19657348963029758 0.39408473221422863 0.19612263300270513 0.40527577937649883 0.19792605951307485 0.41247002398081534
0 0.1388638412984671 0.6794564348521184 0.15284039675383226 0.6818545163868905 0.16095581605049597 0.6866506794564349 0.17989179440937783 0.6866506794564349 0.18214607754733994 0.6834532374100719 0.18214607754733994 0.6674660271782575 0.178990081154193 0.6626698641087131 0.14743011722272317 0.6538768984812151 0.13796212804328223 0.6538768984812151 0.13570784490532012 0.657074340527578 0.13525698827772767 0.6738609112709832 0.1388638412984671 0.6794564348521184
0 0.6717763751127143 0.2070343725019984 0.6884580703336339 0.2126298960831335 0.69702434625789 0.20863309352517986 0.69702434625789 0.19104716227018384 0.6929666366095582 0.1830535571542766 0.6862037871956718 0.17825739408473223 0.6744815148782687 0.17905675459632295 0.6704238052299368 0.1830535571542766 0.6699729486023445 0.19984012789768185 0.6717763751127143 0.2070343725019984
0 0.8471596032461677 0.40447641886490815 0.8597835888187556 0.4060751398880896 0.866546438232642 0.4004796163069545 0.8660955816050496 0.39408473221422863 0.8584310189359784 0.37969624300559557 0.8480613165013525 0.37809752198241414 0.8449053201082056 0.3820943245403677 0.8449053201082056 0.3996802557953637 0.8471596032461677 0.40447641886490815
0 0.060414788097385035 0.2749800159872102 0.08926961226330027 0.2765787370103917 0.09197475202885483 0.2749800159872102 0.09603246167718665 0.26538768984812156 0.09603246167718665 0.2613908872901679 0.09332732191163211 0.2549960031974421 0.08746618575293057 0.25099920063948844 0.060414788097385035 0.2517985611510791 0.05680793507664563 0.2565947242206235 0.05680793507664563 0.2717825739408473 0.060414788097385035 0.2749800159872102
0 0.9220018034265104 0.18545163868904876 0.9431920649233544 0.1894484412470024 0.9490532010820559 0.1894484412470024 0.9508566275924257 0.18625099920063948 0.9513074842200181 0.17186250999200642 0.9486023444544635 0.16147082334132695 0.939585211902615 0.1574740207833733 0.9260595130748422 0.15587529976019188 0.9220018034265104 0.1566746602717826 0.9211000901713255 0.15907274180655476 0.9206492335437331 0.18225419664268586 0.9220018034265104 0.18545163868904876
0 0.7195671776375113 0.17905675459632295 0.7263300270513976 0.1830535571542766 0.7357980162308386 0.1830535571542766 0.7385031559963932 0.1806554756195044 0.7389540126239856 0.1510791366906475 0.7344454463480614 0.14308553157474022 0.7272317403065826 0.13908872901678657 0.7200180342651037 0.1398880895283773 0.715960324616772 0.15507593924860114 0.715960324616772 0.16866506794564348 0.7195671776375113 0.17905675459632295
0 0.799819657348963 0.5123900879296562 0.8196573489630298 0.5171862509992007 0.8282236248872858 0.5147881694644285 0.8295761947700632 0.4940047961630696 0.8282236248872858 0.4876099120703437 0.824165915238954 0.4836131095123901 0.8025247971145176 0.4804156674660272 0.7993688007213706 0.48201438848920863 0.7971145175834086 0.48920863309352525 0.796663660955816 0.49880095923261397 0.799819657348963 0.5123900879296562
0 0.9828674481514879 0.3749000799360512 0.9905320108205591 0.38529176658673064 0.9995491433724076 0.3844924060751399 0.9995491433724076 0.34372501998401284 0.9954914337240758 0.3405275779376499 0.9842200180342651 0.3405275779376499 0.9819657348963029 0.3477218225419665 0.9810640216411182 0.36370903277378097 0.9828674481514879 0.3749000799360512
0 0.5333633904418394 0.26458832933653076 0.5468890892696122 0.26538768984812156 0.5482416591523895 0.2613908872901679 0.548692515779982 0.24860111910471622 0.5468890892696122 0.2270183852917666 0.5428313796212805 0.2214228617106315 0.5365193868349865 0.21902478017585933 0.5256988277727683 0.21982414068745004 0.5238954012623985 0.2238209432454037 0.5238954012623985 0.25819344524380494 0.5333633904418394 0.26458832933653076
0 0.80297565374211 0.1894484412470024 0.8101893597835889 0.19424460431654678 0.8268710550045085 0.1950439648281375 0.8291253381424708 0.19264588329336532 0.8309287646528404 0.1574740207833733 0.8282236248872858 0.14788169464428458 0.8146979260595131 0.14468425259792167 0.806131650135257 0.14548361310951238 0.8034265103697025 0.1510791366906475 0.8020739404869252 0.1654676258992806 0.8016230838593328 0.18545163868904876 0.80297565374211 0.1894484412470024
0 0.9147880973850315 0.4636290967226219 0.9377817853922452 0.4684252597921663 0.9427412082957619 0.4676258992805756 0.9440937781785392 0.46442845723421267 0.9440937781785392 0.44924060751398887 0.9409377817853922 0.4420463629096723 0.9174932371505862 0.43804956035171866 0.9152389540126239 0.4396482813749001 0.9134355275022543 0.4452438049560352 0.9129846708746618 0.45643485211830537 0.9147880973850315 0.4636290967226219
0 0.35527502254283133 0.3908872901678657 0.36880072137060416 0.39488409272581937 0.37691614066726786 0.39408473221422863 0.3782687105500451 0.39168665067945646 0.3814247069431921 0.3661071143085532 0.3800721370604148 0.35891286970423664 0.37736699729486023 0.354916067146283 0.3701532912533814 0.35171862509992013 0.3557258791704238 0.35091926458832934 0.35121731289449953 0.3557154276578737 0.351668169522092 0.37729816147082335 0.35527502254283133 0.3908872901678657
0 0.24030658250676284 0.16386890487609912 0.24436429215509467 0.16946442845723422 0.25428313796212804 0.16786570743405277 0.25743913435527505 0.14708233413269386 0.2569882777276826 0.1366906474820144 0.2515779981965735 0.12549960031974422 0.24887285843101895 0.12390087929656275 0.2407574391343553 0.12470023980815349 0.23805229936880073 0.1310951239008793 0.23760144274120829 0.1510791366906475 0.24030658250676284 0.16386890487609912
0 0.07754733994589721 0.41486810551558756 0.08476104598737601 0.4108713029576339 0.08836789900811542 0.390087929656275 0.08836789900811542 0.3820943245403677 0.08656447249774572 0.3756994404476419 0.08160504959422904 0.37170263788968827 0.0739404869251578 0.37090327737809753 0.06988277727682597 0.3764988009592326 0.0703336339044184 0.4060751398880896 0.07754733994589721 0.41486810551558756
0 0.11406672678088368 0.5843325339728218 0.13570784490532012 0.5875299760191847 0.1424706943192065 0.5843325339728218 0.14292155094679893 0.5587529976019185 0.14201983769161408 0.548361310951239 0.14021641118124437 0.5443645083932854 0.11902614968440037 0.5419664268585133 0.11541929666366096 0.5451638689048761 0.11406672678088368 0.5539568345323741 0.1127141568981064 0.574740207833733 0.11406672678088368 0.5843325339728218
0 0.2339945897204689 0.04476418864908074 0.2515779981965735 0.04876099120703437 0.25924256086564473 0.04636290967226219 0.25924256086564473 0.02877697841726619 0.2551848512173129 0.019984012789768184 0.23083859332732193 0.014388489208633094 0.22768259693417492 0.02238209432454037 0.22768259693417492 0.036770583533173466 0.2339945897204689 0.04476418864908074
0 0.4170423805229937 0.4156674660271783 0.42831379621280435 0.4140687450039968 0.4310189359783589 0.3820943245403677 0.4292155094679892 0.37010391686650684 0.4224526600541028 0.3661071143085532 0.4075743913435528 0.3645083932853717 0.4044183949504058 0.37250199840127896 0.4035166816952209 0.3868904876099121 0.40396753832281335 0.41167066346922465 0.4170423805229937 0.4156674660271783
0 0.7376014427412083 0.49800159872102323 0.742560865644725 0.5019984012789769 0.7484220018034266 0.5019984012789769 0.7511271415689811 0.49720223820943243 0.7533814247069431 0.4796163069544365 0.7488728584310189 0.46442845723421267 0.7443642921550947 0.45803357314148685 0.7407574391343553 0.460431654676259 0.7339945897204688 0.486810551558753 0.7339945897204688 0.4924060751398881 0.7376014427412083 0.49800159872102323
0 0.5130748422001803 0.407673860911271 0.5153291253381425 0.41247002398081534 0.5302073940486925 0.41486810551558756 0.539224526600541 0.4132693844924061 0.5410279531109107 0.4108713029576339 0.5405770964833183 0.398880895283773 0.5338142470694319 0.38609112709832133 0.5162308385933273 0.3828936850519585 0.5139765554553652 0.3844924060751399 0.5126239855725879 0.3868904876099121 0.5130748422001803 0.407673860911271
0 0.863390441839495 0.6922462030375699 0.8669972948602345 0.695443645083933 0.8827772768259693 0.6994404476418865 0.8881875563570785 0.695443645083933 0.8895401262398558 0.6906474820143885 0.8895401262398558 0.6674660271782575 0.8872858431018936 0.6562749800159873 0.8773669972948602 0.6506794564348523 0.869702434625789 0.6498800959232613 0.8660955816050496 0.6522781774580336 0.8642921550946799 0.6618705035971224 0.8624887285843102 0.6770583533173462 0.863390441839495 0.6922462030375699
0 0.6438232642019839 0.4196642685851319 0.6596032461677187 0.42286171063149486 0.6731289449954915 0.42206235011990406 0.6762849413886385 0.4180655475619504 0.6753832281334536 0.40447641886490815 0.6681695220919748 0.39648281374900085 0.6469792605951307 0.39408473221422863 0.6429215509467989 0.4004796163069545 0.6420198376916141 0.4156674660271783 0.6438232642019839 0.4196642685851319
0 0.14201983769161408 0.08792965627498003 0.15509467989179443 0.0903277378097522 0.1618575293056808 0.08553157474020784 0.16230838593327324 0.07194244604316548 0.15734896302975654 0.05355715427657874 0.14517583408476106 0.05115907274180656 0.13841298467087468 0.05435651478816946 0.13841298467087468 0.07354116706634693 0.14201983769161408 0.08792965627498003
0 0.043733092876465283 0.6642685851318945 0.043733092876465283 0.6818545163868905 0.046889089269612265 0.6914468425259792 0.05725879170423805 0.6938449240607514 0.061316501352569885 0.6898481215027978 0.062218214607754736 0.6698641087130296 0.058611361587015326 0.6530775379696243 0.047790802524797116 0.6498800959232613 0.03877366997294861 0.6522781774580336 0.03877366997294861 0.657074340527578 0.043733092876465283 0.6642685851318945
0 0.35211902614968443 0.27577937649880097 0.3633904418394951 0.2765787370103917 0.3692515779981966 0.2797761790567546 0.37285843101893595 0.27577937649880097 0.37285843101893595 0.2478017585931255 0.3557258791704238 0.24620303756994405 0.351668169522092 0.24940047961630699 0.3503155996393147 0.2565947242206235 0.34986474301172227 0.266986410871303 0.35211902614968443 0.27577937649880097
0 0.27908025247971147 0.23661071143085532 0.30477908025247974 0.24060751398880897 0.31424706943192066 0.23261390887290168 0.31109107303877365 0.2126298960831335 0.30793507664562675 0.20783373301358915 0.2989179440937782 0.2070343725019984 0.29305680793507666 0.21183053557154277 0.28764652840396754 0.21183053557154277 0.28268710550045084 0.20783373301358915 0.27547339945897203 0.2070343725019984 0.27141568981064024 0.21582733812949642 0.27141568981064024 0.23101518784972022 0.27908025247971147 0.23661071143085532
0 0 0.17346123101518784 0.016230838593327322 0.1750599520383693 0.020288548241659154 0.16227018385291767 0.019386834986474304 0.1398880895283773 0.015329125338142471 0.13589128697042366 0.0040577096483318306 0.1342925659472422 0 0.1374900079936051 0 0.17346123101518784
0 0.8850315599639315 0.49960031974420466 0.8931469792605952 0.4948041566746603 0.8935978358881875 0.4788169464428457 0.890892696122633 0.47002398081534774 0.8841298467087467 0.4660271782573941 0.872858431018936 0.4660271782573941 0.872858431018936 0.49640287769784175 0.8850315599639315 0.49960031974420466
0 0.8566275924256087 0.15187849720223823 0.8651938683498648 0.15587529976019188 0.8755635707844905 0.15587529976019188 0.8782687105500451 0.1510791366906475 0.8787195671776376 0.1366906474820144 0.876014427412083 0.13189448441247004 0.8593327321911632 0.12949640287769784 0.8543733092876465 0.13269384492406078 0.8534715960324617 0.14708233413269386 0.8566275924256087 0.15187849720223823
0 0.5829576194770063 0.45003996802557955 0.5969341749323716 0.4524380495603517 0.6023444544634806 0.44924060751398887 0.6023444544634806 0.4404476418864908 0.5991884580703336 0.43085531574740216 0.594229035166817 0.4268585131894485 0.5811541929666366 0.43005595523581136 0.5807033363390443 0.442845723421263 0.5829576194770063 0.45003996802557955
0 0.7308385933273219 0.23421262989608316 0.7412082957619477 0.23820943245403678 0.7457168620378719 0.23101518784972022 0.7457168620378719 0.21902478017585933 0.742560865644725 0.21342925659472425 0.7335437330928765 0.21183053557154277 0.7317403065825068 0.2126298960831335 0.7294860234445446 0.21902478017585933 0.7290351668169522 0.2270183852917666 0.7308385933273219 0.23421262989608316
0 0.26420198376916143 0.44124700239808157 0.2813345356176736 0.442845723421263 0.28809738503155996 0.43884892086330934 0.2894499549143373 0.42366107114308554 0.2862939585211903 0.41167066346922465 0.2781785392245266 0.4084732214228617 0.27592425608656446 0.4012789768185452 0.27412082957619477 0.4004796163069545 0.2660054102795311 0.4004796163069545 0.26194770063119927 0.40527577937649883 0.2610459873760144 0.4100719424460432 0.25969341749323716 0.43165467625899284 0.26420198376916143 0.44124700239808157
0 0.5293056807935077 0.6650679456434853 0.5504959422903517 0.6682653876898482 0.5554553651938684 0.6642685851318945 0.5568079350766456 0.642685851318945 0.5541027953110911 0.6354916067146283 0.5324616771866546 0.6306954436450839 0.5293056807935077 0.6322941646682655 0.5284039675383229 0.636290967226219 0.5275022542831379 0.6602717825739409 0.5293056807935077 0.6650679456434853
0 0.3751127141568981 0.11191047162270185 0.3796212804328224 0.11510791366906475 0.3904418394950406 0.11270983213429257 0.39179440937781784 0.10871302957633892 0.3913435527502254 0.08633093525179857 0.3859332732191163 0.0815347721822542 0.37556357078449054 0.0815347721822542 0.3742110009017133 0.08393285371702638 0.3751127141568981 0.11191047162270185
0 0.4386834986474301 0.13189448441247004 0.44409377817853923 0.1342925659472422 0.4522091974752029 0.1342925659472422 0.4540126239855726 0.13189448441247004 0.4549143372407574 0.11830535571542766 0.45311091073038773 0.10631494804156676 0.4504057709648332 0.09912070343725021 0.445897204688909 0.09512390087929656 0.44229035166816955 0.0959232613908873 0.43733092876465285 0.10551558752997602 0.436429215509468 0.12310151878497202 0.4386834986474301 0.13189448441247004
0 0.2601442741208296 0.6035171862509993 0.28268710550045084 0.6075139888089529 0.2885482416591524 0.6059152677857713 0.2894499549143373 0.5891286970423661 0.2867448151487827 0.5819344524380495 0.2673579801623084 0.5771382893685052 0.26194770063119927 0.5771382893685052 0.2587917042380523 0.5803357314148682 0.2583408476104599 0.5995203836930456 0.2601442741208296 0.6035171862509993
0 0.5387736699729486 0.03916866506794565 0.5459873760144275 0.04396482813749002 0.5541027953110911 0.042366107114308556 0.5577096483318305 0.029576338928856916 0.5577096483318305 0.004796163069544364 0.5541027953110911 0 0.5378719567177638 0 0.5356176735798016 0.005595523581135092 0.5356176735798016 0.026378896882494004 0.5387736699729486 0.03916866506794565
0 0.8047790802524797 0.8457234212629897 0.8070333633904418 0.8489208633093526 0.8318304779080252 0.8561151079136692 0.8453561767357981 0.8553157474020784 0.8471596032461677 0.8521183053557154 0.8476104598737602 0.8313349320543566 0.8462578899909828 0.827338129496403 0.8354373309287646 0.818545163868905 0.8313796212804329 0.8105515587529977 0.8124436429215509 0.806554756195044 0.8065825067628495 0.806554756195044 0.8056807935076646 0.8089528377298163 0.8038773669972948 0.8393285371702638 0.8047790802524797 0.8457234212629897
0 0.5049594229035167 0.6650679456434853 0.5090171325518486 0.6578737010391686 0.5090171325518486 0.642685851318945 0.5049594229035167 0.6378896882494005 0.48737601442741213 0.636290967226219 0.4842200180342651 0.6410871302957634 0.4842200180342651 0.6618705035971224 0.5049594229035167 0.6650679456434853
0 0.4174932371505861 0.17346123101518784 0.4355275022542831 0.17825739408473223 0.43913435527502254 0.17186250999200642 0.4386834986474301 0.1542765787370104 0.4368800721370604 0.1486810551558753 0.433273219116321 0.14548361310951238 0.42651036970243467 0.14308553157474022 0.418394950405771 0.14388489208633096 0.4165915238954013 0.1486810551558753 0.41568981064021643 0.16147082334132695 0.415238954012624 0.17106314948041568 0.4174932371505861 0.17346123101518784
0 0.1127141568981064 0.3661071143085532 0.12578899909828675 0.3629096722621903 0.130297565374211 0.35651478816946447 0.13074842200180342 0.3309352517985612 0.11947700631199279 0.32693844924060755 0.11316501352569883 0.3309352517985612 0.11045987376014427 0.33573141486810554 0.11136158701532912 0.3629096722621903 0.1127141568981064 0.3661071143085532
0 0.2168620378719567 0.37809752198241414 0.23264201983769162 0.381294964028777 0.23850315599639313 0.3756994404476419 0.23985572587917042 0.3613109512390088 0.23760144274120829 0.34852118305355717 0.2344454463480613 0.3429256594724221 0.22768259693417492 0.3397282174260592 0.21866546438232642 0.3405275779376499 0.2168620378719567 0.34212629896083135 0.215058611361587 0.35171862509992013 0.21370604147880973 0.37010391686650684 0.2168620378719567 0.37809752198241414
0 0.8038773669972948 0.2829736211031175 0.8065825067628495 0.2981614708233413 0.8106402164111812 0.3053557154276579 0.8246167718665464 0.3069544364508393 0.8327321911632102 0.302158273381295 0.8340847610459874 0.2901678657074341 0.8313796212804329 0.2797761790567546 0.8178539224526601 0.2677857713828937 0.809287646528404 0.266986410871303 0.805229936880072 0.2701838529176659 0.8038773669972948 0.2741806554756195 0.8038773669972948 0.2829736211031175
0 0.7100991884580703 0.4140687450039968 0.7204688908926962 0.41247002398081534 0.7204688908926962 0.4004796163069545 0.7182146077547341 0.39408473221422863 0.706492335437331 0.3924860111910472 0.7042380522993689 0.39488409272581937 0.7051397655545536 0.4108713029576339 0.7100991884580703 0.4140687450039968
0 0.6744815148782687 0.07114308553157474 0.6848512173128946 0.07114308553157474 0.6920649233543733 0.0671462829736211 0.693868349864743 0.062350119904076746 0.6929666366095582 0.05275779376498801 0.6889089269612263 0.04476418864908074 0.6862037871956718 0.04316546762589928 0.674932371505861 0.04156674660271783 0.6722272317403066 0.05275779376498801 0.6717763751127143 0.06474820143884892 0.6744815148782687 0.07114308553157474
0 0.30703336339044185 0.6386890487609912 0.3146979260595131 0.6442845723421263 0.32551848512173126 0.6442845723421263 0.3268710550045086 0.6171063149480416 0.32506762849413884 0.595523581135092 0.3205590622182146 0.5875299760191847 0.3151487826871055 0.5835331734612311 0.30703336339044185 0.5835331734612311 0.3034265103697024 0.5939248601119105 0.3034265103697024 0.6330935251798562 0.30703336339044185 0.6386890487609912
0 0.12308385933273219 0.2733812949640288 0.13570784490532012 0.2733812949640288 0.1388638412984671 0.2765787370103917 0.13931469792605952 0.2821742605915268 0.14156898106402163 0.28617106314948043 0.15238954012623987 0.28617106314948043 0.15193868349864742 0.26298960831334933 0.14743011722272317 0.24220623501199043 0.14382326420198377 0.2334132693844924 0.13480613165013525 0.2302158273381295 0.12308385933273219 0.23101518784972022 0.12037871956717765 0.23421262989608316 0.11947700631199279 0.23900879296562752 0.11902614968440037 0.2557953637090328 0.12308385933273219 0.2733812949640288
0 0.017132551848512173 0.7274180655475619 0.027953110910730387 0.7258193445243806 0.029756537421100092 0.7210231814548362 0.031109107303877368 0.7002398081534772 0.029756537421100092 0.6834532374100719 0.02614968440036069 0.6794564348521184 0.015329125338142471 0.6762589928057555 0.012623985572587917 0.6818545163868905 0.011722272317403066 0.6906474820143885 0.011722272317403066 0.7234212629896084 0.017132551848512173 0.7274180655475619
0 0.8530207394048693 0.19984012789768185 0.8669972948602345 0.2014388489208633 0.8715058611361587 0.19904076738609114 0.869702434625789 0.17426059152677859 0.8561767357980163 0.17266187050359713 0.8521190261496844 0.1774580335731415 0.8516681695220919 0.18145483613109514 0.8512173128944995 0.19344524380495606 0.8530207394048693 0.19984012789768185
0 0.9391343552750226 0.8169464428457234 0.967087466185753 0.8193445243804957 0.9702434625789 0.8137490007993605 0.9702434625789 0.7825739408473221 0.9652840396753832 0.7689848121502798 0.9499549143372408 0.7665867306155076 0.9413886384129847 0.7681854516386891 0.9382326420198377 0.7777777777777778 0.936429215509468 0.7961630695443646 0.936429215509468 0.8113509192645884 0.9391343552750226 0.8169464428457234
0 0.6605049594229035 0.37969624300559557 0.6744815148782687 0.381294964028777 0.6785392245266005 0.3764988009592326 0.6785392245266005 0.3501199040767386 0.6771866546438233 0.34532374100719426 0.6605049594229035 0.3429256594724221 0.6582506762849414 0.3477218225419665 0.6582506762849414 0.37010391686650684 0.6605049594229035 0.37969624300559557
0 0.8101893597835889 0.328537170263789 0.8160504959422903 0.3309352517985612 0.827321911632101 0.328537170263789 0.8268710550045085 0.31015187849720227 0.8142470694319207 0.3069544364508393 0.8088367899008116 0.3085531574740208 0.8083859332732191 0.32214228617106316 0.8101893597835889 0.328537170263789
0 0.5644724977457168 0.4788169464428457 0.5820559062218215 0.4772182254196643 0.5816050495942291 0.47002398081534774 0.5761947700631199 0.46442845723421267 0.5644724977457168 0.46522781774580335 0.5608656447249775 0.47002398081534774 0.5613165013525699 0.4772182254196643 0.5644724977457168 0.4788169464428457
0 0.3633904418394951 0.05435651478816946 0.3660955816050496 0.05755395683453238 0.37240757439134353 0.05755395683453238 0.3751127141568981 0.05435651478816946 0.37601442741208296 0.04156674660271783 0.37285843101893595 0.03437250199840128 0.36384129846708746 0.02877697841726619 0.3602344454463481 0.029576338928856916 0.35843101893597834 0.032773780975219824 0.357980162308386 0.04316546762589928 0.3633904418394951 0.05435651478816946
0 0.7078449053201082 0.3181454836131095 0.7186654643823265 0.3205435651478817 0.7245266005410279 0.3181454836131095 0.7249774571686204 0.2997601918465228 0.7123534715960325 0.29416466826538773 0.7055906221821461 0.2973621103117506 0.7046889089269612 0.3077537969624301 0.7078449053201082 0.3181454836131095
0 0.7218214607754734 0.43804956035171866 0.7254283137962128 0.4356514788169465 0.7254283137962128 0.4244604316546763 0.7240757439134355 0.4212629896083134 0.7204688908926962 0.4188649080735412 0.7110009017132553 0.4212629896083134 0.7114517583408476 0.43645083932853723 0.7218214607754734 0.43804956035171866
0 0.7276825969341749 0.6650679456434853 0.7619477006311993 0.6706634692246204 0.7664562669071235 0.6706634692246204 0.7696122633002704 0.6658673061550759 0.7691614066726781 0.6514788169464429 0.7651036970243462 0.6466826538768985 0.7312894499549144 0.6370903277378098 0.7276825969341749 0.6402877697841727 0.7263300270513976 0.6458832933653078 0.7258791704238052 0.6586730615507593 0.7276825969341749 0.6650679456434853
0 0.19657348963029758 0.6826538768984812 0.1956717763751127 0.6874500399680257 0.19837691614066724 0.6914468425259792 0.19612263300270513 0.6938449240607514 0.19927862939585214 0.6922462030375699 0.2060414788097385 0.6962430055955237 0.2073940486925158 0.6930455635491607 0.2060414788097385 0.6866506794564349 0.20694319206492334 0.6834532374100719 0.22091974752028853 0.6858513189448442 0.22587917042380526 0.6818545163868905 0.22633002705139765 0.6738609112709832 0.22407574391343554 0.6682653876898482 0.2091974752028855 0.6538768984812151 0.19612263300270513 0.6530775379696243 0.1934174932371506 0.6650679456434853 0.1934174932371506 0.6778577138289369 0.19657348963029758 0.6826538768984812
0 0.5649233543733093 0.3605115907274181 0.5703336339044184 0.36370903277378097 0.5811541929666366 0.3645083932853717 0.5843101893597836 0.36211031175059955 0.5852119026149685 0.3341326938449241 0.5811541929666366 0.3253397282174261 0.5757439134355276 0.3229416466826539 0.5671776375112715 0.3237410071942446 0.5640216411181245 0.32773780975219824 0.5631199278629396 0.3349320543565148 0.5626690712353472 0.354916067146283 0.5649233543733093 0.3605115907274181
0 0.4174932371505861 0.2829736211031175 0.44003606853020744 0.2877697841726619 0.4449954914337241 0.2853717026378897 0.4463480613165014 0.26298960831334933 0.44454463480613166 0.2541966426858513 0.4192966636609558 0.24940047961630699 0.4143372407574391 0.24940047961630699 0.4129846708746619 0.25259792166266987 0.41343552750225426 0.2733812949640288 0.4174932371505861 0.2829736211031175
0 0.07754733994589721 0.09512390087929656 0.1036970243462579 0.10311750599520383 0.10955816050495942 0.1015187849720224 0.1109107303877367 0.07513988808952839 0.10775473399458972 0.05915267785771383 0.10234445446348062 0.05675459632294165 0.09107303877366997 0.05675459632294165 0.08431018935978359 0.06155075939248601 0.07799819657348962 0.062350119904076746 0.07439134355275022 0.06634692246203039 0.07439134355275022 0.08952837729816147 0.07754733994589721 0.09512390087929656
0 0.5572587917042381 0.42366107114308554 0.5761947700631199 0.425259792166267 0.5779981965734896 0.42206235011990406 0.5784490532010821 0.4060751398880896 0.5748422001803427 0.39648281374900085 0.560414788097385 0.3932853717026379 0.5572587917042381 0.39488409272581937 0.5559062218214608 0.3996802557953637 0.5559062218214608 0.4180655475619504 0.5572587917042381 0.42366107114308554
0 0.5712353471596032 0.14068745003996805 0.5788999098286746 0.14068745003996805 0.5861136158701533 0.14708233413269386 0.594229035166817 0.14948041566746603 0.5987376014427412 0.14708233413269386 0.6000901713255185 0.14388489208633096 0.5996393146979261 0.12869704236610713 0.5937781785392245 0.11750599520383694 0.5757439134355276 0.11750599520383694 0.5694319206492335 0.12629896083133493 0.5689810640216412 0.13589128697042366 0.5712353471596032 0.14068745003996805
0 0.7006311992786294 0.8577138289368506 0.703336339044184 0.8601119104716227 0.7105500450856627 0.8601119104716227 0.7177637511271415 0.8561151079136692 0.7177637511271415 0.8385291766586731 0.7164111812443643 0.8345323741007195 0.7019837691614067 0.8305355715427658 0.6992786293958522 0.8313349320543566 0.6979260595130748 0.8361310951239008 0.6974752028854824 0.8521183053557154 0.7006311992786294 0.8577138289368506
0 0.5671776375112715 0.20543565147881696 0.5739404869251578 0.20623501199040767 0.5883678990081154 0.20543565147881696 0.5906221821460775 0.20223820943245407 0.5924256086564473 0.1918465227817746 0.5906221821460775 0.17665867306155078 0.5883678990081154 0.17346123101518784 0.5829576194770063 0.17186250999200642 0.5671776375112715 0.17266187050359713 0.5644724977457168 0.18864908073541167 0.5644724977457168 0.20223820943245407 0.5671776375112715 0.20543565147881696
0 0.7376014427412083 0.32933653077537967 0.7412082957619477 0.33253397282174263 0.7461677186654645 0.33253397282174263 0.7511271415689811 0.32773780975219824 0.7515779981965736 0.31414868105515587 0.7488728584310189 0.3077537969624301 0.7376014427412083 0.30375699440447645 0.7348963029756538 0.3077537969624301 0.7344454463480614 0.3181454836131095 0.7376014427412083 0.32933653077537967
0 0.6375112714156899 0.7577937649880097 0.6573489630297565 0.7609912070343725 0.6618575293056808 0.7585931254996003 0.6627592425608656 0.7354116706634692 0.6614066726780884 0.7274180655475619 0.6568981064021642 0.7162270183852918 0.6406672678088369 0.7130295763389289 0.6361587015329125 0.7306155075939249 0.6357078449053201 0.7521982414068745 0.6375112714156899 0.7577937649880097
0 0.7137060414788097 0.10631494804156676 0.7249774571686204 0.10951239008792966 0.7366997294860235 0.10951239008792966 0.7385031559963932 0.10711430855315748 0.7407574391343553 0.08792965627498003 0.7371505861136158 0.08073541167066348 0.7267808836789902 0.07513988808952839 0.7164111812443643 0.07593924860111911 0.7132551848512173 0.08073541167066348 0.7123534715960325 0.09912070343725021 0.7137060414788097 0.10631494804156676
0 0.16456266907123535 0.7418065547561951 0.1744815148782687 0.7450039968025579 0.17944093778178538 0.7450039968025579 0.18214607754733994 0.7418065547561951 0.1825969341749324 0.7298161470823342 0.1812443642921551 0.7258193445243806 0.1744815148782687 0.7234212629896084 0.16230838593327324 0.7250199840127898 0.1618575293056808 0.7354116706634692 0.16456266907123535 0.7418065547561951
0 0.8467087466185753 0.44124700239808157 0.8615870153291254 0.442845723421263 0.8688007213706042 0.43804956035171866 0.8692515779981966 0.42845723421262993 0.8660955816050496 0.4188649080735412 0.8480613165013525 0.4156674660271783 0.8449053201082056 0.4196642685851319 0.8444544634806133 0.4356514788169465 0.8467087466185753 0.44124700239808157
0 0.7795311091073039 0.6626698641087131 0.7980162308385934 0.6634692246203038 0.8002705139765555 0.6610711430855316 0.8011722272317404 0.636290967226219 0.7993688007213706 0.6314948041566747 0.784941388638413 0.6266986410871304 0.7786293958521191 0.6266986410871304 0.7768259693417493 0.6298960831334932 0.7768259693417493 0.6538768984812151 0.7795311091073039 0.6626698641087131
0 0.22407574391343554 0.6035171862509993 0.23083859332732193 0.6139088729016786 0.24211000901713256 0.6163069544364509 0.2484220018034265 0.6203037569944045 0.2511271415689811 0.6187050359712231 0.2538322813345356 0.6123101518784972 0.25428313796212804 0.5971223021582733 0.25293056807935077 0.5939248601119105 0.23624887285843102 0.5907274180655476 0.22587917042380526 0.5835331734612311 0.2164111812443643 0.5851318944844125 0.2164111812443643 0.5987210231814549 0.22407574391343554 0.6035171862509993