0 0.8579801623083859 0.3581135091926459 0.860234445446348 0.37969624300559557 0.8624887285843102 0.38848920863309355 0.8642921550946799 0.3892885691446843 0.8904418394950405 0.3820943245403677 0.9075743913435527 0.3613109512390088 0.9120829576194771 0.3597122302158273 0.9174932371505862 0.35331734612310156 0.9233543733092877 0.3525179856115108 0.9323715058611362 0.3469224620303757 0.9341749323715058 0.33573141486810554 0.930117222723174 0.31414868105515587 0.9215509467989179 0.2965627498001599 0.9179440937781785 0.2949640287769784 0.8615870153291254 0.31734612310151883 0.8543733092876465 0.3237410071942446 0.8525698827772769 0.328537170263789 0.8521190261496844 0.33573141486810554 0.8579801623083859 0.3581135091926459
0 0.15238954012623987 0.30295763389288566 0.15734896302975654 0.31734612310151883 0.16095581605049597 0.3213429256594725 0.20559062218214608 0.33013589128697046 0.21325518485121733 0.33013589128697046 0.21866546438232642 0.3253397282174261 0.218214607754734 0.29896083133493206 0.21325518485121733 0.2869704236610712 0.18620378719567177 0.2829736211031175 0.18214607754733994 0.2797761790567546 0.17132551848512173 0.2797761790567546 0.15554553651938682 0.2733812949640288 0.15284039675383226 0.2765787370103917 0.151487826871055 0.2813749000799361 0.15238954012623987 0.30295763389288566
0 0.3205590622182146 0.35171862509992013 0.32461677186654647 0.36530775379696245 0.34580703336339047 0.36211031175059955 0.36158701532912535 0.35411670663469225 0.369702434625789 0.34532374100719426 0.3647430117222723 0.3045563549160672 0.35933273219116324 0.2949640287769784 0.3557258791704238 0.293365307753797 0.3489630297565374 0.29576338928856916 0.33859332732191166 0.2885691446842526 0.3318304779080253 0.2885691446842526 0.3183047790802525 0.29256594724220625 0.3137962128043282 0.2965627498001599 0.3137962128043282 0.3053557154276579 0.3205590622182146 0.35171862509992013
0 0.3340847610459874 0.4476418864908074 0.3417493237150586 0.49640287769784175 0.34580703336339047 0.49960031974420466 0.35843101893597834 0.49960031974420466 0.3692515779981966 0.4940047961630696 0.3742110009017133 0.4804156674660272 0.3742110009017133 0.4532374100719425 0.37376014427412085 0.4444444444444444 0.3669972948602344 0.4180655475619504 0.366546438232642 0.407673860911271 0.3647430117222723 0.4020783373301359 0.3624887285843102 0.39728217426059154 0.35933273219116324 0.39728217426059154 0.3313796212804328 0.407673860911271 0.3309287646528404 0.42046362909672264 0.3340847610459874 0.4476418864908074
0 0.903516681695221 0.5019984012789769 0.9066726780883679 0.5115907274180655 0.9120829576194771 0.5171862509992007 0.9138863841298467 0.521982414068745 0.9183949504057709 0.5555555555555556 0.9220018034265104 0.5579536370903277 0.9445446348061317 0.5467625899280576 0.9467989179440939 0.5403677058353318 0.9477006311992787 0.5291766586730615 0.9409377817853922 0.45643485211830537 0.9391343552750226 0.45003996802557955 0.9355275022542832 0.44364508393285373 0.9314697926059514 0.4420463629096723 0.8999098286744815 0.4540367705835332 0.8985572587917042 0.460431654676259 0.903516681695221 0.5019984012789769
0 0.3710550045085663 0.42046362909672264 0.3710550045085663 0.43005595523581136 0.37466185752930564 0.4452438049560352 0.37556357078449054 0.4676258992805756 0.37736699729486023 0.4772182254196643 0.38322813345356177 0.48441247002398086 0.3872858431018936 0.48441247002398086 0.40892696122633004 0.4740207833733014 0.4129846708746619 0.4636290967226219 0.4116321009918846 0.4420463629096723 0.4044183949504058 0.41247002398081534 0.40216411181244366 0.3836930455635492 0.3967538322813345 0.38049560351718625 0.369702434625789 0.39408473221422863 0.3678990081154193 0.39728217426059154 0.3710550045085663 0.42046362909672264
0 0.860234445446348 0.37969624300559557 0.8629395852119026 0.3892885691446843 0.8904418394950405 0.3828936850519585 0.903516681695221 0.3661071143085532 0.9152389540126239 0.3557154276578737 0.9138863841298467 0.3445243804956035 0.9080252479711453 0.32773780975219824 0.8868349864743011 0.3309352517985612 0.8575293056807936 0.3469224620303757 0.8570784490532011 0.35331734612310156 0.860234445446348 0.37969624300559557
0 0.02254283137962128 0.86810551558753 0.02569882777276826 0.8745003996802558 0.03922452660054102 0.8697042366107114 0.05365193868349865 0.8609112709832134 0.05004508566275924 0.8369304556354917 0.04192966636609558 0.8377298161470824 0.021190261496844002 0.8481215027977619 0.020288548241659154 0.853717026378897 0.02254283137962128 0.86810551558753
0 0.3169522091974752 0.2549960031974421 0.32416591523895405 0.28617106314948043 0.34445446348061315 0.2869704236610712 0.3602344454463481 0.28457234212629895 0.36113615870153287 0.2749800159872102 0.35617673579801623 0.23820943245403678 0.3525698827772768 0.22541966426858515 0.3480613165013526 0.21742605915267785 0.3417493237150586 0.21183053557154277 0.3322813345356177 0.21422861710631497 0.3291253381424707 0.22062350119904078 0.3155996393146979 0.23181454836131096 0.3146979260595131 0.23900879296562752 0.3169522091974752 0.2549960031974421
0 0.3674481514878269 0.31175059952038375 0.3710550045085663 0.34372501998401284 0.37376014427412085 0.3477218225419665 0.3859332732191163 0.34532374100719426 0.3890892696122633 0.33573141486810554 0.38863841298467083 0.3205435651478817 0.3814247069431921 0.2749800159872102 0.3805229936880072 0.26059152677857716 0.37691614066726786 0.24460431654676262 0.3701532912533814 0.24300559552358114 0.3629395852119026 0.2478017585931255 0.36113615870153287 0.2517985611510791 0.36203787195671777 0.28457234212629895 0.3674481514878269 0.31175059952038375
0 0.639765554553652 0.23741007194244604 0.6456266907123535 0.2613908872901679 0.6519386834986475 0.2973621103117506 0.6541929666366095 0.3229416466826539 0.6541929666366095 0.3469224620303757 0.657799819657349 0.3661071143085532 0.6609558160504959 0.3749000799360512 0.6650135256988278 0.3764988009592326 0.6731289449954915 0.3733013589128697 0.7028854824165914 0.3573141486810552 0.7042380522993689 0.354916067146283 0.7028854824165914 0.3365307753796963 0.6992786293958522 0.3213429256594725 0.693868349864743 0.31175059952038375 0.6902614968440036 0.30055955235811355 0.6862037871956718 0.25259792166266987 0.6785392245266005 0.2270183852917666 0.674932371505861 0.2038369304556355 0.6690712353471596 0.18225419664268586 0.6645626690712354 0.17985611510791366 0.6375112714156899 0.19664268585131894 0.636609558160505 0.20783373301358915 0.639765554553652 0.23741007194244604
0 0.3205590622182146 0.2901678657074341 0.3151487826871055 0.29176658673061556 0.3128944995491434 0.2965627498001599 0.3128944995491434 0.30135891286970423 0.3205590622182146 0.35171862509992013 0.32461677186654647 0.3661071143085532 0.34580703336339047 0.36211031175059955 0.37285843101893595 0.34852118305355717 0.3836789900811542 0.34612310151878495 0.38773669972948605 0.3413269384492406 0.38773669972948605 0.31574740207833735 0.3814247069431921 0.2821742605915268 0.3800721370604148 0.2613908872901679 0.3764652840396754 0.24380495603517185 0.3692515779981966 0.24300559552358114 0.35933273219116324 0.2501998401278977 0.35211902614968443 0.22541966426858515 0.34580703336339047 0.21582733812949642 0.3417493237150586 0.21342925659472425 0.3331830477908025 0.21662669864108713 0.3318304779080253 0.22062350119904078 0.31785392245266003 0.2294164668265388 0.3151487826871055 0.23421262989608316 0.3223624887285843 0.28457234212629895 0.3205590622182146 0.2901678657074341
0 0.02614968440036069 0.8904876099120704 0.04102795311091073 0.8872901678657075 0.04418394950405771 0.8840927258193446 0.04418394950405771 0.876898481215028 0.04192966636609558 0.8721023181454837 0.035617673579801626 0.8721023181454837 0.02569882777276826 0.876898481215028 0.024346257889990983 0.8840927258193446 0.02614968440036069 0.8904876099120704
0 0.7479711451758341 0.12150279776179057 0.7515779981965736 0.1342925659472422 0.7538322813345357 0.1366906474820144 0.7894499549143373 0.11990407673860913 0.8011722272317404 0.1111111111111111 0.8295761947700632 0.0959232613908873 0.8318304779080252 0.09272581934452438 0.8313796212804329 0.07993605115907274 0.8268710550045085 0.05435651478816946 0.8246167718665464 0.045563549160671464 0.8210099188458071 0.042366107114308556 0.7808836789900812 0.06954436450839328 0.7439134355275022 0.08553157474020784 0.7421100090171326 0.08872901678657075 0.7479711451758341 0.12150279776179057
0 0.3367899008115419 0.4660271782573941 0.3412984670874662 0.4932054356514788 0.34445446348061315 0.49800159872102323 0.3629395852119026 0.49800159872102323 0.3782687105500451 0.486810551558753 0.3836789900811542 0.486810551558753 0.40486925157799825 0.4772182254196643 0.41118124436429215 0.4708233413269384 0.4129846708746619 0.46442845723421267 0.4116321009918846 0.44124700239808157 0.4053201082055906 0.416466826538769 0.402614968440036 0.3868904876099121 0.4003606853020739 0.381294964028777 0.39404869251577995 0.381294964028777 0.369702434625789 0.3932853717026379 0.3467087466185753 0.4020783373301359 0.3345356176735798 0.4028776978417266 0.3313796212804328 0.4060751398880896 0.3309287646528404 0.4196642685851319 0.3367899008115419 0.4660271782573941
0 0.5198376916140668 0.17426059152677859 0.5252479711451759 0.19424460431654678 0.5284039675383229 0.2006394884092726 0.5414788097385032 0.19984012789768185 0.5712353471596032 0.18625099920063948 0.5897204688908927 0.1750599520383693 0.5901713255184852 0.16706634692246206 0.5779981965734896 0.09112709832134293 0.5725879170423805 0.06634692246203039 0.5671776375112715 0.05755395683453238 0.5459873760144275 0.0639488409272582 0.5396753832281335 0.06874500399680256 0.5329125338142471 0.06954436450839328 0.5293056807935077 0.07354116706634693 0.5144274120829576 0.07434052757793765 0.5076645626690712 0.07753796962430057 0.5067628494138864 0.08073541167066348 0.5067628494138864 0.09112709832134293 0.5198376916140668 0.17426059152677859
0 0.7317403065825068 0.2869704236610712 0.7371505861136158 0.3181454836131095 0.7403065825067628 0.328537170263789 0.7434625788999099 0.3317346123101519 0.7470694319206492 0.3317346123101519 0.7619477006311993 0.32454036770583533 0.7587917042380523 0.28936850519584334 0.7547339945897205 0.27737809752198245 0.7479711451758341 0.2741806554756195 0.7412082957619477 0.2621902478017586 0.7312894499549144 0.266986410871303 0.7303877366997296 0.2765787370103917 0.7317403065825068 0.2869704236610712
0 0.2569882777276826 0.2813749000799361 0.260595130748422 0.30055955235811355 0.26465284039675385 0.3341326938449241 0.26916140667267807 0.35331734612310156 0.2723174030658251 0.3597122302158273 0.28088367899008115 0.3557154276578737 0.2889990982867448 0.34852118305355717 0.3146979260595131 0.33892885691446845 0.3151487826871055 0.328537170263789 0.3034265103697024 0.26538768984812156 0.3007213706041479 0.2533972821742606 0.29260595130748424 0.23820943245403678 0.2862939585211903 0.23741007194244604 0.2822362488728584 0.23980815347721826 0.2651036970243463 0.25099920063948844 0.2538322813345356 0.2621902478017586 0.25293056807935077 0.2685851318944844 0.2569882777276826 0.2813749000799361