0 0.08431018935978359 0.9992006394884093 0.10324616771866547 0.9992006394884093 0.10279531109107304 0.9760191846522782 0.10144274120829576 0.9728217426059154 0.09603246167718665 0.9696243005595524 0.08746618575293057 0.9696243005595524 0.08295761947700632 0.973621103117506 0.08205590622182146 0.9808153477218226 0.08431018935978359 0.9992006394884093
0 0.8403967538322813 0.11750599520383694 0.8485121731289451 0.12230215827338131 0.8688007213706042 0.12230215827338131 0.8701532912533815 0.11910471622701839 0.8706041478809738 0.09272581934452438 0.872858431018936 0.07114308553157474 0.872858431018936 0.04316546762589928 0.8715058611361587 0.03836930455635491 0.8642921550946799 0.0319744204636291 0.8417493237150586 0.02877697841726619 0.8399458972046889 0.032773780975219824 0.8394950405770965 0.05275779376498801 0.8390441839495041 0.10311750599520383 0.8403967538322813 0.11750599520383694
0 0.14743011722272317 0.704236610711431 0.1672678088367899 0.7066346922462031 0.16907123534715962 0.7034372501998403 0.16862037871956717 0.6850519584332534 0.16591523895401264 0.6778577138289369 0.1618575293056808 0.6746602717825739 0.15374211000901714 0.6746602717825739 0.1492335437330929 0.6802557953637091 0.14382326420198377 0.6810551558752997 0.14156898106402163 0.6842525979216627 0.1424706943192065 0.697841726618705 0.14743011722272317 0.704236610711431
0 0.6853020739404869 0.09512390087929656 0.690712353471596 0.09992006394884093 0.7028854824165914 0.10231814548361312 0.7051397655545536 0.10071942446043165 0.7073940486925159 0.07753796962430057 0.7055906221821461 0.05675459632294165 0.7028854824165914 0.05355715427657874 0.6929666366095582 0.05275779376498801 0.6889089269612263 0.049560351718625106 0.6857529305680793 0.05275779376498801 0.6844003606853021 0.059952038369304565 0.6839495040577097 0.08952837729816147 0.6853020739404869 0.09512390087929656
0 0.8489630297565375 0.16466826538768983 0.8647430117222724 0.16626698641087131 0.8674481514878268 0.16227018385291767 0.8669972948602345 0.1574740207833733 0.8638412984670875 0.15347721822541965 0.8543733092876465 0.1510791366906475 0.8480613165013525 0.15267785771382894 0.8476104598737602 0.16147082334132695 0.8489630297565375 0.16466826538768983
0 0.5342651036970244 0.18465227817745802 0.548692515779982 0.19024780175859313 0.5590622182146078 0.1894484412470024 0.5608656447249775 0.18705035971223025 0.5595130748422003 0.1566746602717826 0.5522993688007214 0.15347721822541965 0.5342651036970244 0.15267785771382894 0.5320108205590622 0.15347721822541965 0.5293056807935077 0.15907274180655476 0.5293056807935077 0.17585931254996007 0.5342651036970244 0.18465227817745802
0 0.9251577998196574 0.08872901678657075 0.9287646528403968 0.09192645883293366 0.9449954914337241 0.09512390087929656 0.9531109107303878 0.09512390087929656 0.9549143372407575 0.09192645883293366 0.9562669071235348 0.0815347721822542 0.9562669071235348 0.05435651478816946 0.9526600541027953 0.04396482813749002 0.9427412082957619 0.03996802557953637 0.9278629395852119 0.03916866506794565 0.9215509467989179 0.04476418864908074 0.9197475202885483 0.05355715427657874 0.9197475202885483 0.06874500399680256 0.9251577998196574 0.08872901678657075
0 0.6803426510369702 0.07194244604316548 0.6834986474301172 0.06874500399680256 0.6839495040577097 0.05915267785771383 0.6816952209197475 0.05435651478816946 0.6735798016230838 0.05275779376498801 0.6704238052299368 0.055155875299760196 0.6708746618575293 0.07114308553157474 0.6803426510369702 0.07194244604316548
0 0.48016230838593327 0.4156674660271783 0.5067628494138864 0.4180655475619504 0.5103697024346258 0.4140687450039968 0.5112714156898106 0.40367705835331735 0.5081154192966637 0.3892885691446843 0.5049594229035167 0.38529176658673064 0.4981965734896303 0.3828936850519585 0.49413886384129846 0.36930455635491605 0.4806131650135257 0.3669064748201439 0.478809738503156 0.37170263788968827 0.4765554553651939 0.3908872901678657 0.4765554553651939 0.4084732214228617 0.48016230838593327 0.4156674660271783
0 0.19972948602344456 0.41486810551558756 0.20784490532010821 0.4140687450039968 0.21415689810640218 0.416466826538769 0.21731289449954916 0.4140687450039968 0.21776375112714155 0.407673860911271 0.2146077547339946 0.3996802557953637 0.20288548241659152 0.3980815347721823 0.19837691614066724 0.4004796163069545 0.19792605951307485 0.4084732214228617 0.19972948602344456 0.41486810551558756
0 0.8440036068530207 0.7002398081534772 0.8823264201983769 0.704236610711431 0.8845807033363391 0.6970423661071143 0.8836789900811541 0.6882494004796164 0.876014427412083 0.6850519584332534 0.8417493237150586 0.6802557953637091 0.8390441839495041 0.6858513189448442 0.8390441839495041 0.6970423661071143 0.8440036068530207 0.7002398081534772
0 0.5166816952209198 0.8553157474020784 0.5266005410279532 0.8545163868904877 0.5279531109107304 0.841726618705036 0.5252479711451759 0.8233413269384493 0.5189359783588818 0.8225419664268585 0.5166816952209198 0.8281374900079936 0.5157799819657348 0.8377298161470824 0.5153291253381425 0.8521183053557154 0.5166816952209198 0.8553157474020784
0 0.3367899008115419 0.5011990407673861 0.3507664562669071 0.504396482813749 0.35482416591523896 0.5011990407673861 0.3557258791704238 0.4876099120703437 0.3534715960324617 0.47801758593125504 0.33814247069431924 0.47641886490807356 0.33498647430117223 0.4788169464428457 0.3340847610459874 0.4908073541167067 0.3367899008115419 0.5011990407673861
0 0.01848512173128945 0.49960031974420466 0.034715960324616775 0.5019984012789769 0.03877366997294861 0.49880095923261397 0.03922452660054102 0.4748201438848921 0.03742110009017133 0.4684252597921663 0.02254283137962128 0.46442845723421267 0.018935978358881875 0.4660271782573941 0.0175834084761046 0.4708233413269384 0.017132551848512173 0.4908073541167067 0.01848512173128945 0.49960031974420466
0 0.1654643823264202 0.08473221422861711 0.18575293056807937 0.08713029576338929 0.18935978358881875 0.08553157474020784 0.19251577998196576 0.07513988808952839 0.19116321009918846 0.06554756195043965 0.18620378719567177 0.060751398880895285 0.1636609558160505 0.0583533173461231 0.15915238954012625 0.06155075939248601 0.15915238954012625 0.0783373301358913 0.1654643823264202 0.08473221422861711
0 0.3065825067628494 0.5227817745803358 0.31154192966636607 0.5211830535571543 0.3128944995491434 0.4924060751398881 0.3106402164111813 0.4756195043964829 0.30252479711451763 0.47002398081534774 0.28539224526600543 0.469224620303757 0.28268710550045084 0.4716227018385292 0.281785392245266 0.4772182254196643 0.281785392245266 0.5155875299760192 0.3065825067628494 0.5227817745803358
0 0.13570784490532012 0.5331734612310152 0.14517583408476106 0.5379696243005596 0.15915238954012625 0.5403677058353318 0.16230838593327324 0.5403677058353318 0.16591523895401264 0.5363709032773781 0.1672678088367899 0.5259792166266987 0.16681695220919746 0.5107913669064749 0.16456266907123535 0.4908073541167067 0.16230838593327324 0.4860111910471623 0.1460775473399459 0.4804156674660272 0.13976555455365194 0.48121502797761795 0.13570784490532012 0.486810551558753 0.13345356176735798 0.5035971223021583 0.13255184851217314 0.5275779376498801 0.13570784490532012 0.5331734612310152
0 0.8570784490532011 0.5579536370903277 0.8827772768259693 0.5651478816946442 0.8890892696122633 0.5651478816946442 0.8922452660054103 0.5611510791366906 0.8931469792605952 0.5395683453237411 0.8872858431018936 0.5283772981614708 0.8796212804328223 0.525179856115108 0.8656447249774571 0.5243804956035172 0.8557258791704238 0.5283772981614708 0.8539224526600542 0.5323741007194245 0.8543733092876465 0.5531574740207834 0.8570784490532011 0.5579536370903277
0 0 0.8169464428457234 0.015779981965734897 0.8209432454036771 0.025247971145175834 0.8209432454036771 0.027502254283137965 0.8177458033573143 0.028403967538322816 0.797761790567546 0.02569882777276826 0.7897681854516387 0.016681695220919748 0.7841726618705037 0.0031559963931469793 0.7825739408473221 0 0.7833733013589129 0 0.8169464428457234
0 0.2091974752028855 0.07753796962430057 0.2218214607754734 0.07913669064748202 0.22587917042380526 0.07513988808952839 0.22587917042380526 0.06554756195043965 0.22272317403065825 0.05275779376498801 0.21280432822362488 0.04876099120703437 0.20694319206492334 0.050359712230215826 0.20694319206492334 0.07114308553157474 0.2091974752028855 0.07753796962430057
0 0.06672678088367899 0.34852118305355717 0.07980162308385934 0.35171862509992013 0.08836789900811542 0.35171862509992013 0.09197475202885483 0.3493205435651479 0.09332732191163211 0.34372501998401284 0.09242560865644725 0.32773780975219824 0.08521190261496844 0.3181454836131095 0.08160504959422904 0.30935251798561153 0.07799819657348962 0.3061550759392486 0.06717763751127143 0.3053557154276579 0.06266907123534717 0.31015187849720227 0.06266907123534717 0.3397282174260592 0.06672678088367899 0.34852118305355717
0 0.957619477006312 0.574740207833733 0.9621280432822362 0.5811350919264588 0.9774571686203787 0.5803357314148682 0.9801623083859333 0.577937649880096 0.9815148782687105 0.5739408473221423 0.9828674481514879 0.5507593924860112 0.9824165915238955 0.5179856115107914 0.9801623083859333 0.5011990407673861 0.9747520288548243 0.4924060751398881 0.963931469792606 0.48920863309352525 0.9598737601442742 0.4948041566746603 0.958521190261497 0.5115907274180655 0.9567177637511272 0.5603517186250999 0.957619477006312 0.574740207833733
0 0.2249774571686204 0.7314148681055157 0.2339945897204689 0.7418065547561951 0.24616771866546439 0.7418065547561951 0.2551848512173129 0.7386091127098321 0.25653742110009015 0.7354116706634692 0.2578899909828674 0.7122302158273383 0.2569882777276826 0.7050359712230216 0.2538322813345356 0.6994404476418865 0.2168620378719567 0.6946442845723421 0.2146077547339946 0.701039168665068 0.2146077547339946 0.7282174260591526 0.2249774571686204 0.7314148681055157
0 0.445897204688909 0.5419664268585133 0.4495040577096483 0.5555555555555556 0.4630297565374211 0.5555555555555556 0.4657348963029757 0.5515587529976019 0.4670874661857529 0.542765787370104 0.4661857529305681 0.5315747402078338 0.4472497745716862 0.5267785771382895 0.445897204688909 0.5291766586730615 0.445897204688909 0.5419664268585133
0 0.47024346257889993 0.9056754596322941 0.4842200180342651 0.9080735411670664 0.4990982867448151 0.9072741806554757 0.503155996393147 0.9048760991207034 0.5049594229035167 0.8968824940047961 0.5040577096483319 0.876898481215028 0.5 0.8705035971223022 0.4661857529305681 0.8697042366107114 0.4621280432822363 0.8800959232613909 0.4625788999098287 0.897681854516387 0.47024346257889993 0.9056754596322941
0 0.04057709648331831 0.82414068745004 0.04643823264201984 0.8281374900079936 0.05770964833183048 0.8289368505195844 0.06357078449053201 0.8265387689848122 0.06672678088367899 0.8217426059152678 0.06807935076645627 0.815347721822542 0.06853020739404869 0.7897681854516387 0.06537421100090171 0.7833733013589129 0.04283137962128043 0.7777777777777778 0.03967538322813345 0.78017585931255 0.03832281334535618 0.7857713828936851 0.03877366997294861 0.8201438848920864 0.04057709648331831 0.82414068745004
0 0.30928764652840396 0.18705035971223025 0.3133453561767358 0.18545163868904876 0.3146979260595131 0.17266187050359713 0.3137962128043282 0.14388489208633096 0.3106402164111813 0.14148681055155876 0.30387736699729484 0.14148681055155876 0.30252479711451763 0.14388489208633096 0.3011722272317403 0.15827338129496404 0.30162308385933273 0.18225419664268586 0.30928764652840396 0.18705035971223025
0 0.1708746618575293 0.7154276578737011 0.19792605951307485 0.7170263788968825 0.20108205590622183 0.7138289368505196 0.20333633904418397 0.7026378896882494 0.20333633904418397 0.6866506794564349 0.20288548241659152 0.6802557953637091 0.19972948602344456 0.6714628297362111 0.1740306582506763 0.6674660271782575 0.1708746618575293 0.6690647482014389 0.16952209197475201 0.6738609112709832 0.16907123534715962 0.7114308553157473 0.1708746618575293 0.7154276578737011
0 0.45311091073038773 0.18545163868904876 0.4743011722272317 0.18705035971223025 0.47565374211000905 0.1838529176658673 0.4765554553651939 0.1750599520383693 0.47249774571686204 0.16786570743405277 0.45761947700631195 0.16386890487609912 0.4517583408476105 0.16626698641087131 0.45130748422001804 0.17825739408473223 0.45311091073038773 0.18545163868904876
0 0.1650135256988278 0.1334932054356515 0.1744815148782687 0.1334932054356515 0.17673579801623085 0.12150279776179057 0.17673579801623085 0.10871302957633892 0.17493237150586113 0.09912070343725021 0.1708746618575293 0.09432454036770584 0.16411181244364292 0.09432454036770584 0.1618575293056808 0.09752198241406874 0.16140667267808836 0.12869704236610713 0.1650135256988278 0.1334932054356515
0 0.8376916140667268 0.14548361310951238 0.8773669972948602 0.1510791366906475 0.8814247069431921 0.1486810551558753 0.8827772768259693 0.14308553157474022 0.8796212804328223 0.13189448441247004 0.8710550045085662 0.12869704236610713 0.8453561767357981 0.1278976818545164 0.8340847610459874 0.1310951239008793 0.833633904418395 0.14228617106314947 0.8376916140667268 0.14548361310951238
0 0.44274120829576197 0.10071942446043165 0.45852119026149685 0.10711430855315748 0.46844003606853024 0.10711430855315748 0.47249774571686204 0.10311750599520383 0.47385031559963936 0.09512390087929656 0.47249774571686204 0.08872901678657075 0.46528403967538323 0.08393285371702638 0.45311091073038773 0.07034372501998402 0.4454463480613165 0.06954436450839328 0.4431920649233544 0.07354116706634693 0.44183949504057707 0.08313349320543566 0.44274120829576197 0.10071942446043165
0 0.14697926059513075 0.38049560351718625 0.1478809738503156 0.390087929656275 0.1510369702434626 0.39568345323741005 0.16816952209197475 0.39728217426059154 0.17177637511271418 0.38529176658673064 0.17177637511271418 0.34612310151878495 0.16862037871956717 0.3429256594724221 0.16140667267808836 0.3413269384492406 0.151487826871055 0.3429256594724221 0.14878268710550044 0.34612310151878495 0.1492335437330929 0.36930455635491605 0.14697926059513075 0.38049560351718625
0 0.32777276825969337 0.1838529176658673 0.3408476104598738 0.18625099920063948 0.3480613165013526 0.18625099920063948 0.3503155996393147 0.1838529176658673 0.3530207394048692 0.15987210231814547 0.34580703336339047 0.1366906474820144 0.3295761947700631 0.13589128697042366 0.32777276825969337 0.13908872901678657 0.3268710550045086 0.1486810551558753 0.32642019837691616 0.17825739408473223 0.32777276825969337 0.1838529176658673
0 0.5532010820559062 0.1047162270183853 0.5631199278629396 0.1047162270183853 0.5649233543733093 0.10231814548361312 0.566726780883679 0.07114308553157474 0.560414788097385 0.05435651478816946 0.5545536519386834 0.05915267785771383 0.542380522993688 0.0583533173461231 0.5387736699729486 0.062350119904076746 0.5396753832281335 0.1015187849720224 0.5532010820559062 0.1047162270183853
0 0.19792605951307485 0.3876898481215028 0.21731289449954916 0.38848920863309355 0.22001803426510372 0.3836930455635492 0.21866546438232642 0.3741007194244605 0.21325518485121733 0.37010391686650684 0.20018034265103696 0.37010391686650684 0.1952209197475203 0.3756994404476419 0.19477006311992787 0.3836930455635492 0.19792605951307485 0.3876898481215028
0 0.6086564472497746 0.5027977617905676 0.6109107303877367 0.5051958433253397 0.6226330027051398 0.49800159872102323 0.633453561767358 0.4852118305355716 0.6316501352569882 0.47002398081534774 0.627141568981064 0.4556354916067146 0.623985572587917 0.4540367705835332 0.6127141568981065 0.4612310151878497 0.6086564472497746 0.4716227018385292 0.6036970243462578 0.4788169464428457 0.6041478809738504 0.486810551558753 0.6086564472497746 0.5027977617905676
0 0.36384129846708746 0.09832134292565947 0.3692515779981966 0.0959232613908873 0.3719567177637511 0.07354116706634693 0.3669972948602344 0.05195843325339729 0.35933273219116324 0.05115907274180656 0.3557258791704238 0.0639488409272582 0.3557258791704238 0.08872901678657075 0.36384129846708746 0.09832134292565947
0 0.04283137962128043 0.030375699440447643 0.05500450856627593 0.03357314148681055 0.06086564472497746 0.029576338928856916 0.06176735798016231 0.02158273381294964 0.06086564472497746 0.003996802557953637 0.059513074842200184 0 0.04102795311091073 0 0.03967538322813345 0.003996802557953637 0.03922452660054102 0.017585931254996006 0.04283137962128043 0.030375699440447643
0 0.9274120829576196 0.9992006394884093 0.9278629395852119 0.9904076738609113 0.9238052299368801 0.982414068745004 0.9071235347159603 0.9792166266986412 0.903516681695221 0.9840127897681855 0.9017132551848512 0.9992006394884093 0.9274120829576196 0.9992006394884093
0 0.5441839495040577 0.4292565947242206 0.5464382326420198 0.43325339728217427 0.5577096483318305 0.43325339728217427 0.5622182146077548 0.42206235011990406 0.563570784490532 0.4084732214228617 0.5626690712353472 0.390087929656275 0.5617673579801623 0.3868904876099121 0.5536519386834987 0.3820943245403677 0.5477908025247972 0.3828936850519585 0.5446348061316502 0.3868904876099121 0.5432822362488728 0.39728217426059154 0.5441839495040577 0.4292565947242206
0 0.5743913435527502 0.23101518784972022 0.6127141568981065 0.23421262989608316 0.6136158701532913 0.20863309352517986 0.611361587015329 0.18784972022382096 0.609107303877367 0.18225419664268586 0.5955816050495942 0.18145483613109514 0.5888187556357078 0.18705035971223025 0.5743913435527502 0.18625099920063948 0.5734896302975654 0.18864908073541167 0.5721370604147881 0.21742605915267785 0.5743913435527502 0.23101518784972022
0 0.5229936880072137 0.5467625899280576 0.5541027953110911 0.5515587529976019 0.5559062218214608 0.5451638689048761 0.5563570784490532 0.5363709032773781 0.5545536519386834 0.5315747402078338 0.5518485121731289 0.5299760191846523 0.5238954012623985 0.5259792166266987 0.5189359783588818 0.5283772981614708 0.5180342651036971 0.5315747402078338 0.5184851217312895 0.542765787370104 0.5229936880072137 0.5467625899280576
0 0.47249774571686204 0.5603517186250999 0.47971145175834085 0.5643485211830536 0.4945897204688909 0.5675459632294165 0.49864743011722273 0.5635491606714629 0.5 0.542765787370104 0.4977457168620379 0.5379696243005596 0.49098286744815145 0.533972821742606 0.4792605951307485 0.5323741007194245 0.47249774571686204 0.5347721822541966 0.47024346257889993 0.5403677058353318 0.4697926059513075 0.5499600319744204 0.47249774571686204 0.5603517186250999
0 0.9711451758340848 0.26618705035971224 0.9842200180342651 0.27098321342925663 0.9950405770964834 0.26938449240607515 0.9954914337240758 0.24380495603517185 0.9941388638412986 0.24060751398880897 0.9887285843101894 0.23741007194244604 0.9702434625789 0.23661071143085532 0.9693417493237151 0.25739408473221426 0.9711451758340848 0.26618705035971224
0 0.560414788097385 0.765787370103917 0.5640216411181245 0.7665867306155076 0.5694319206492335 0.7601918465227818 0.5919747520288549 0.7609912070343725 0.5937781785392245 0.756994404476419 0.5951307484220018 0.7410071942446044 0.5883678990081154 0.7234212629896084 0.5748422001803427 0.7202238209432456 0.5626690712353472 0.7234212629896084 0.5590622182146078 0.7298161470823342 0.5586113615870153 0.7585931254996003 0.560414788097385 0.765787370103917
0 0.5180342651036971 0.7745803357314149 0.5320108205590622 0.7833733013589129 0.5432822362488728 0.7825739408473221 0.5509467989179441 0.7777777777777778 0.5550045085662759 0.753796962430056 0.5532010820559062 0.7338129496402878 0.5500450856627592 0.7314148681055157 0.5428313796212805 0.7322142286171064 0.5297565374211001 0.7290167865707434 0.5247971145175834 0.7306155075939249 0.5193868349864743 0.7266187050359713 0.5148782687105501 0.7266187050359713 0.5112714156898106 0.7378097521982414 0.5108205590622182 0.7649880095923263 0.5180342651036971 0.7745803357314149
0 0.5288548241659152 0.894484412470024 0.5414788097385032 0.8960831334932055 0.5446348061316502 0.894484412470024 0.5464382326420198 0.8896882494004797 0.545536519386835 0.8745003996802558 0.5401262398557259 0.8657074340527579 0.5324616771866546 0.8657074340527579 0.5266005410279532 0.8729016786570745 0.5252479711451759 0.8776978417266187 0.5252479711451759 0.8896882494004797 0.5288548241659152 0.894484412470024
0 0.39404869251577995 0.42206235011990406 0.42200180342651034 0.425259792166267 0.4238052299368801 0.4196642685851319 0.4247069431920649 0.4004796163069545 0.42200180342651034 0.3924860111910472 0.3994589720468891 0.38848920863309355 0.3967538322813345 0.390087929656275 0.39089269612263305 0.4020783373301359 0.3904418394950406 0.4180655475619504 0.39404869251577995 0.42206235011990406
0 0.2867448151487827 0.03996802557953637 0.3034265103697024 0.042366107114308556 0.31018935978358886 0.042366107114308556 0.3119927862939585 0.03996802557953637 0.3119927862939585 0.023980815347721826 0.30928764652840396 0.019984012789768184 0.2894499549143373 0.017585931254996006 0.2867448151487827 0.020783373301358914 0.28584310189359785 0.026378896882494004 0.28539224526600543 0.03597122302158274 0.2867448151487827 0.03996802557953637
0 0.4287646528403968 0.91207034372502 0.44048692515779986 0.915267785771383 0.4463480613165014 0.9136690647482014 0.4481514878268711 0.9104716227018386 0.4486023444544635 0.8936850519584333 0.44454463480613166 0.8792965627498002 0.43913435527502254 0.8752997601918465 0.4296663660955816 0.8752997601918465 0.42651036970243467 0.8792965627498002 0.4260595130748422 0.8984812150279777 0.4287646528403968 0.91207034372502
0 0.06402164111812444 0.04396482813749002 0.06988277727682597 0.04716227018385292 0.08160504959422904 0.04796163069544365 0.08521190261496844 0.04636290967226219 0.0915238954012624 0.03836930455635491 0.09197475202885483 0.02557953637090328 0.08656447249774572 0.010391686650679457 0.06492335437330929 0.004796163069544364 0.06086564472497746 0.007194244604316547 0.061316501352569885 0.031175059952038373 0.06402164111812444 0.04396482813749002
0 0.5045085662759243 0.09912070343725021 0.5189359783588818 0.10551558752997602 0.5261496844003607 0.10231814548361312 0.5270513976555455 0.09512390087929656 0.5247971145175834 0.08473221422861711 0.5094679891794409 0.06634692246203039 0.5045085662759243 0.062350119904076746 0.49729486023444547 0.060751398880895285 0.49233543733092877 0.060751398880895285 0.4905320108205591 0.06314948041566747 0.49098286744815145 0.08792965627498003 0.5045085662759243 0.09912070343725021
0 0.13660955816050496 0.8265387689848122 0.14697926059513075 0.8297362110311751 0.15284039675383226 0.8297362110311751 0.15554553651938682 0.827338129496403 0.15599639314697925 0.8049560351718625 0.15193868349864742 0.7945643485211831 0.14517583408476106 0.7897681854516387 0.13796212804328223 0.7897681854516387 0.13525698827772767 0.7937649880095924 0.13480613165013525 0.8209432454036771 0.13660955816050496 0.8265387689848122
0 0.6708746618575293 0.2302158273381295 0.6866546438232641 0.23980815347721826 0.6916140667267809 0.23741007194244604 0.6916140667267809 0.2302158273381295 0.6889089269612263 0.22621902478017586 0.6708746618575293 0.21502797761790568 0.6681695220919748 0.21422861710631497 0.6668169522091975 0.21662669864108713 0.6672678088367898 0.22541966426858515 0.6708746618575293 0.2302158273381295
0 0.6875563570784491 0.4612310151878497 0.6997294860234445 0.46522781774580335 0.7069431920649234 0.46522781774580335 0.7100991884580703 0.46203037569944044 0.7114517583408476 0.4324540367705836 0.7069431920649234 0.4212629896083134 0.6889089269612263 0.4180655475619504 0.6857529305680793 0.4292565947242206 0.6848512173128946 0.4532374100719425 0.6875563570784491 0.4612310151878497