0 0.1411181244364292 0.8960831334932055 0.1496844003606853 0.9000799360511591 0.1587015329125338 0.897681854516387 0.16050495942290352 0.8920863309352519 0.16140667267808836 0.8800959232613909 0.16095581605049597 0.8705035971223022 0.1587015329125338 0.8617106314948043 0.15374211000901714 0.8553157474020784 0.14743011722272317 0.8529176658673061 0.14337240757439135 0.8553157474020784 0.1406672678088368 0.8848920863309353 0.1411181244364292 0.8960831334932055
0 0.9183949504057709 0.1310951239008793 0.9292155094679891 0.13269384492406078 0.9314697926059514 0.12949640287769784 0.9319206492335438 0.10791366906474821 0.9305680793507665 0.1015187849720224 0.9215509467989179 0.10071942446043165 0.9183949504057709 0.10631494804156676 0.9170423805229937 0.1135091926458833 0.9165915238954013 0.12470023980815349 0.9183949504057709 0.1310951239008793
0 0.21055004508566277 0.8193445243804957 0.2344454463480613 0.8217426059152678 0.2357980162308386 0.818545163868905 0.2344454463480613 0.8081534772182254 0.22993688007213708 0.8025579536370904 0.20784490532010821 0.8033573141486812 0.2073940486925158 0.8137490007993605 0.21055004508566277 0.8193445243804957
0 0.7642019837691614 0.07434052757793765 0.7786293958521191 0.07513988808952839 0.7817853922452661 0.07274180655475619 0.7835888187556357 0.060751398880895285 0.7835888187556357 0.045563549160671464 0.7817853922452661 0.03996802557953637 0.7709648331830479 0.036770583533173466 0.7651036970243462 0.03836930455635491 0.7628494138863842 0.042366107114308556 0.7619477006311993 0.06155075939248601 0.7642019837691614 0.07434052757793765
0 0.7448151487826871 0.30375699440447645 0.7556357078449053 0.3053557154276579 0.7592425608656448 0.30375699440447645 0.760595130748422 0.30055955235811355 0.7596934174932372 0.293365307753797 0.7565374211000901 0.29096722621902477 0.7443642921550947 0.29096722621902477 0.7421100090171326 0.293365307753797 0.74165915238954 0.29896083133493206 0.7448151487826871 0.30375699440447645
0 0.9138863841298467 0.3908872901678657 0.9215509467989179 0.3908872901678657 0.9229035166816953 0.38529176658673064 0.9220018034265104 0.3661071143085532 0.9161406672678089 0.3613109512390088 0.9071235347159603 0.3629096722621903 0.9075743913435527 0.38609112709832133 0.9138863841298467 0.3908872901678657
0 0.657799819657349 0.2006394884092726 0.6641118124436429 0.2038369304556355 0.6681695220919748 0.20223820943245407 0.6690712353471596 0.18705035971223025 0.6677186654643824 0.17825739408473223 0.6591523895401262 0.17665867306155078 0.6541929666366095 0.1806554756195044 0.6541929666366095 0.1918465227817746 0.657799819657349 0.2006394884092726
0 0.008566275924256087 0.6059152677857713 0.014878268710550046 0.6099120703437251 0.03967538322813345 0.6155075939248602 0.047790802524797116 0.6123101518784972 0.04824165915238954 0.5899280575539568 0.044634806131650134 0.5763389288569145 0.02614968440036069 0.5667466027178258 0.008566275924256087 0.5675459632294165 0.006762849413886384 0.5707434052757794 0.006762849413886384 0.5963229416466826 0.008566275924256087 0.6059152677857713
0 0.5617673579801623 0.18705035971223025 0.5761947700631199 0.19344524380495606 0.5788999098286746 0.1918465227817746 0.5798016230838593 0.17106314948041568 0.5779981965734896 0.16786570743405277 0.5676284941388638 0.1654676258992806 0.5599639314697926 0.16786570743405277 0.5599639314697926 0.1830535571542766 0.5617673579801623 0.18705035971223025
0 0.6537421100090172 0.11270983213429257 0.6699729486023445 0.11270983213429257 0.6699729486023445 0.10631494804156676 0.6677186654643824 0.1015187849720224 0.6532912533814247 0.09832134292565947 0.6492335437330929 0.10231814548361312 0.6492335437330929 0.10791366906474821 0.6537421100090172 0.11270983213429257
0 0.930117222723174 0.06954436450839328 0.9454463480613166 0.06954436450839328 0.9458972046889089 0.05675459632294165 0.9440937781785392 0.049560351718625106 0.9386834986474301 0.04636290967226219 0.9278629395852119 0.04796163069544365 0.9278629395852119 0.06155075939248601 0.930117222723174 0.06954436450839328
0 0.5500450856627592 0.36211031175059955 0.5649233543733093 0.3629096722621903 0.5671776375112715 0.35651478816946447 0.566726780883679 0.3317346123101519 0.5599639314697926 0.3229416466826539 0.5536519386834987 0.3213429256594725 0.5500450856627592 0.3261390887290168 0.548692515779982 0.33253397282174263 0.5482416591523895 0.35171862509992013 0.5500450856627592 0.36211031175059955
0 0.9247069431920649 0.9944044764188649 0.9260595130748422 0.9960031974420465 0.9328223624887286 0.9968025579536371 0.9346257889990982 0.9992006394884093 0.963931469792606 0.9992006394884093 0.967087466185753 0.9928057553956835 0.9675383228133454 0.9728217426059154 0.9598737601442742 0.9656274980015987 0.9341749323715058 0.9600319744204637 0.9278629395852119 0.9600319744204637 0.9247069431920649 0.9640287769784173 0.9238052299368801 0.982414068745004 0.9247069431920649 0.9944044764188649
0 0.8624887285843102 0.24220623501199043 0.869702434625789 0.2478017585931255 0.872858431018936 0.2302158273381295 0.8715058611361587 0.2238209432454037 0.866546438232642 0.22062350119904078 0.8584310189359784 0.2214228617106315 0.8579801623083859 0.2278177458033573 0.8624887285843102 0.24220623501199043
0 0.9314697926059514 0.302158273381295 0.9391343552750226 0.3077537969624301 0.9495040577096483 0.3069544364508393 0.9522091974752029 0.29896083133493206 0.9522091974752029 0.28457234212629895 0.9481514878268711 0.26938449240607515 0.9418394950405771 0.26538768984812156 0.9337240757439135 0.26538768984812156 0.9305680793507665 0.2677857713828937 0.930117222723174 0.2973621103117506 0.9314697926059514 0.302158273381295
0 0.08476104598737601 0.8089528377298163 0.09963931469792607 0.8081534772182254 0.1018935978358882 0.8033573141486812 0.10099188458070334 0.7929656274980017 0.09873760144274121 0.7889688249400479 0.08431018935978359 0.7873701039168666 0.08070333633904418 0.7929656274980017 0.08070333633904418 0.8033573141486812 0.08476104598737601 0.8089528377298163
0 0.1248872858431019 0.8089528377298163 0.12714156898106402 0.8113509192645884 0.13525698827772767 0.809752198241407 0.1411181244364292 0.7993605115907274 0.1424706943192065 0.7897681854516387 0.14201983769161408 0.7705835331734613 0.13931469792605952 0.7681854516386891 0.1284941388638413 0.7673860911270984 0.12398557258791705 0.7689848121502798 0.12263300270513977 0.7721822541966427 0.12263300270513977 0.7913669064748201 0.1248872858431019 0.8089528377298163
0 0.4481514878268711 0.10231814548361312 0.4508566275924256 0.10551558752997602 0.45671776375112716 0.10551558752997602 0.46167718665464386 0.10231814548361312 0.4621280432822363 0.08713029576338929 0.45987376014427417 0.07114308553157474 0.4571686203787196 0.0671462829736211 0.4522091974752029 0.0671462829736211 0.4463480613165014 0.07434052757793765 0.445897204688909 0.08313349320543566 0.4481514878268711 0.10231814548361312
0 0.8340847610459874 0.9392486011191048 0.8376916140667268 0.9424460431654678 0.8467087466185753 0.9440447641886491 0.8521190261496844 0.9440447641886491 0.8552750225428314 0.9408473221422862 0.8575293056807936 0.9344524380495605 0.8579801623083859 0.9272581934452439 0.8575293056807936 0.8920863309352519 0.8471596032461677 0.8864908073541167 0.8349864743011722 0.885691446842526 0.8318304779080252 0.8928856914468426 0.8309287646528404 0.9216626698641087 0.8340847610459874 0.9392486011191048
0 0.74165915238954 0.2901678657074341 0.7565374211000901 0.28936850519584334 0.75834084761046 0.28617106314948043 0.7578899909828674 0.2789768185451639 0.7551848512173129 0.27577937649880097 0.739404869251578 0.27577937649880097 0.7385031559963932 0.28377298161470826 0.74165915238954 0.2901678657074341
0 0.5964833183047792 0.11270983213429257 0.609107303877367 0.10391686650679458 0.6073038773669973 0.09192645883293366 0.6023444544634806 0.08952837729816147 0.5915238954012624 0.09432454036770584 0.5888187556357078 0.09992006394884093 0.5915238954012624 0.11270983213429257 0.5964833183047792 0.11270983213429257
0 0.5874661857529305 0.354916067146283 0.5960324616771866 0.35651478816946447 0.6005410279531108 0.3525179856115108 0.6005410279531108 0.34532374100719426 0.5951307484220018 0.3397282174260592 0.5883678990081154 0.33892885691446845 0.5856627592425608 0.34372501998401284 0.5852119026149685 0.3525179856115108 0.5874661857529305 0.354916067146283
0 0.4224526600541028 0.6011191047162271 0.42831379621280435 0.60431654676259 0.4504057709648332 0.6075139888089529 0.45311091073038773 0.6075139888089529 0.4540126239855726 0.6051159072741806 0.45356176735798015 0.595523581135092 0.4499549143372408 0.5931254996003198 0.42155094679891797 0.5939248601119105 0.42110009017132555 0.5987210231814549 0.4224526600541028 0.6011191047162271
0 0.2867448151487827 0.6754596322941646 0.2971145175834085 0.6778577138289369 0.3043282236248873 0.6778577138289369 0.30613165013525695 0.6754596322941646 0.30477908025247974 0.6586730615507593 0.3002705139765554 0.6522781774580336 0.2921550946798918 0.6474820143884892 0.2862939585211903 0.64828137490008 0.28313796212804326 0.6522781774580336 0.28313796212804326 0.6642685851318945 0.2867448151487827 0.6754596322941646
0 0.5293056807935077 0.3573141486810552 0.5414788097385032 0.3581135091926459 0.5432822362488728 0.3493205435651479 0.5414788097385032 0.33253397282174263 0.5383228133453561 0.32933653077537967 0.5315599639314699 0.32933653077537967 0.5284039675383229 0.33253397282174263 0.5279531109107304 0.34612310151878495 0.5293056807935077 0.3573141486810552
0 0.9598737601442742 0.3828936850519585 0.9824165915238955 0.3828936850519585 0.9824165915238955 0.36530775379696245 0.978809738503156 0.3557154276578737 0.9616771866546439 0.35331734612310156 0.9589720468890893 0.3573141486810552 0.9580703336339044 0.3733013589128697 0.9598737601442742 0.3828936850519585
0 0.9211000901713255 0.5019984012789769 0.936429215509468 0.4948041566746603 0.939585211902615 0.49000799360511593 0.9391343552750226 0.48121502797761795 0.9359783588818756 0.47801758593125504 0.9247069431920649 0.4772182254196643 0.9215509467989179 0.47801758593125504 0.9201983769161407 0.48121502797761795 0.9188458070333634 0.495603517186251 0.9211000901713255 0.5019984012789769
0 0.7096483318304779 0.7745803357314149 0.7249774571686204 0.7761790567545964 0.7276825969341749 0.771382893685052 0.7272317403065826 0.7593924860111911 0.7245266005410279 0.7553956834532374 0.7091974752028855 0.7529976019184652 0.7069431920649234 0.7561950439648283 0.706492335437331 0.7681854516386891 0.7096483318304779 0.7745803357314149
0 0.5153291253381425 0.1830535571542766 0.5189359783588818 0.1774580335731415 0.5189359783588818 0.16866506794564348 0.5157799819657348 0.16386890487609912 0.5067628494138864 0.15987210231814547 0.49729486023444547 0.15987210231814547 0.4945897204688909 0.16227018385291767 0.4945897204688909 0.17985611510791366 0.5153291253381425 0.1830535571542766
0 0.418394950405771 0.7138289368505196 0.4314697926059513 0.7178257394084733 0.43733092876465285 0.7162270183852918 0.43913435527502254 0.7090327737809753 0.43913435527502254 0.7002398081534772 0.4359783588818755 0.6874500399680257 0.42155094679891797 0.6842525979216627 0.4161406672678088 0.6898481215027978 0.4161406672678088 0.7058353317346123 0.418394950405771 0.7138289368505196
0 0.4359783588818755 0.23181454836131096 0.4431920649233544 0.23421262989608316 0.4517583408476105 0.23421262989608316 0.45311091073038773 0.23181454836131096 0.45356176735798015 0.22541966426858515 0.4517583408476105 0.21982414068745004 0.436429215509468 0.21822541966426862 0.4341749323715059 0.2214228617106315 0.4337240757439134 0.2270183852917666 0.4359783588818755 0.23181454836131096
0 0.2218214607754734 0.8649080735411672 0.23354373309287646 0.8673061550759393 0.24211000901713256 0.8673061550759393 0.24526600541027954 0.8649080735411672 0.24526600541027954 0.8553157474020784 0.242560865644725 0.850519584332534 0.2290351668169522 0.8473221422861711 0.21956717763751127 0.8481215027977619 0.21956717763751127 0.8609112709832134 0.2218214607754734 0.8649080735411672
0 0.824165915238954 0.9992006394884093 0.8417493237150586 0.9992006394884093 0.8440036068530207 0.9944044764188649 0.8417493237150586 0.9720223820943246 0.8381424706943192 0.9640287769784173 0.8255184851217313 0.9640287769784173 0.8223624887285843 0.9672262190247802 0.8214607754733995 0.9720223820943246 0.8210099188458071 0.9928057553956835 0.824165915238954 0.9992006394884093
0 0.8178539224526601 0.9464428457234213 0.8268710550045085 0.9496402877697842 0.8327321911632102 0.9456434852118306 0.8318304779080252 0.9304556354916067 0.8295761947700632 0.9248601119104717 0.8165013525698828 0.9256594724220625 0.8160504959422903 0.9336530775379696 0.8178539224526601 0.9464428457234213
0 0.7141568981064021 0.06634692246203039 0.7209197475202885 0.06874500399680256 0.7321911632100992 0.06634692246203039 0.7335437330928765 0.059952038369304565 0.733092876465284 0.04396482813749002 0.7308385933273219 0.03437250199840128 0.7164111812443643 0.031175059952038373 0.7123534715960325 0.03916866506794565 0.7123534715960325 0.05915267785771383 0.7141568981064021 0.06634692246203039
0 0.6433724075743913 0.11910471622701839 0.6465284039675383 0.12310151878497202 0.6528403967538323 0.12549960031974422 0.6591523895401262 0.12310151878497202 0.6591523895401262 0.11750599520383694 0.6564472497745717 0.11430855315747403 0.6496844003606853 0.1111111111111111 0.6447249774571686 0.11270983213429257 0.6429215509467989 0.11590727418065548 0.6433724075743913 0.11910471622701839
0 0.8155996393146979 0.23741007194244604 0.8246167718665464 0.23980815347721826 0.830477908025248 0.23980815347721826 0.8322813345356176 0.23741007194244604 0.8313796212804329 0.21982414068745004 0.8300270513976555 0.21662669864108713 0.8192064923354373 0.21422861710631497 0.8142470694319207 0.21822541966426862 0.8137962128043282 0.22861710631494805 0.8155996393146979 0.23741007194244604
0 0.8440036068530207 0.34212629896083135 0.863390441839495 0.34372501998401284 0.8651938683498648 0.3413269384492406 0.8647430117222724 0.32454036770583533 0.8624887285843102 0.3165467625899281 0.8543733092876465 0.31175059952038375 0.8444544634806133 0.31175059952038375 0.8412984670874663 0.31414868105515587 0.8408476104598738 0.3309352517985612 0.8440036068530207 0.34212629896083135
0 0.890892696122633 0.9400479616306955 0.9039675383228134 0.9448441247002399 0.9111812443642923 0.9448441247002399 0.9152389540126239 0.9408473221422862 0.9156898106402165 0.9288569144684253 0.9147880973850315 0.9248601119104717 0.9116321009918846 0.9216626698641087 0.900360685302074 0.9216626698641087 0.8958521190261496 0.9176658673061552 0.8922452660054103 0.9176658673061552 0.8904418394950405 0.920863309352518 0.8895401262398558 0.9376498800959233 0.890892696122633 0.9400479616306955
0 0.059513074842200184 0.959232613908873 0.06988277727682597 0.9616306954436452 0.07529305680793508 0.9584332533972821 0.07664562669071236 0.9488409272581935 0.07303877366997295 0.9248601119104717 0.06762849413886383 0.9216626698641087 0.060414788097385035 0.9216626698641087 0.05680793507664563 0.9304556354916067 0.05680793507664563 0.9496402877697842 0.059513074842200184 0.959232613908873
0 0.8412984670874663 0.11191047162270185 0.8449053201082056 0.1135091926458833 0.8570784490532011 0.1135091926458833 0.8593327321911632 0.0959232613908873 0.8584310189359784 0.08313349320543566 0.8467087466185753 0.07673860911270983 0.8390441839495041 0.07753796962430057 0.8390441839495041 0.10791366906474821 0.8412984670874663 0.11191047162270185
0 0.9828674481514879 0.9840127897681855 0.9905320108205591 0.9872102318145485 0.9995491433724076 0.9840127897681855 0.9995491433724076 0.9512390087929657 0.9905320108205591 0.9512390087929657 0.9846708746618575 0.9568345323741008 0.9824165915238955 0.9632294164668266 0.9801623083859333 0.9768185451638689 0.9828674481514879 0.9840127897681855
0 0.6352569882777277 0.47242206235011996 0.6474301172227231 0.47322142286171065 0.6492335437330929 0.47002398081534774 0.6501352569882777 0.4588329336530776 0.6501352569882777 0.44924060751398887 0.6478809738503156 0.44124700239808157 0.6438232642019839 0.43085531574740216 0.636609558160505 0.43085531574740216 0.6352569882777277 0.4348521183053557 0.6339044183949504 0.4444444444444444 0.6352569882777277 0.47242206235011996
0 0.872858431018936 0.34532374100719426 0.890892696122633 0.3477218225419665 0.89404869251578 0.3445243804956035 0.8944995491433724 0.328537170263789 0.891794409377818 0.3229416466826539 0.8800721370604149 0.31894484412470026 0.869702434625789 0.31974420463629094 0.8692515779981966 0.32693844924060755 0.872858431018936 0.34532374100719426
0 0 0.8433253397282174 0.004508566275924256 0.8481215027977619 0.008566275924256087 0.8489208633093526 0.015779981965734897 0.844924060751399 0.015779981965734897 0.8377298161470824 0.013976555455365193 0.8313349320543566 0.004508566275924256 0.8289368505195844 0 0.8313349320543566 0 0.8433253397282174
0 0.5617673579801623 0.10231814548361312 0.5757439134355276 0.10311750599520383 0.5793507664562669 0.10231814548361312 0.5811541929666366 0.09832134292565947 0.5802524797114518 0.09112709832134293 0.573038773669973 0.08553157474020784 0.5608656447249775 0.08473221422861711 0.560414788097385 0.09832134292565947 0.5617673579801623 0.10231814548361312
0 0.9747520288548243 0.2701838529176659 0.9810640216411182 0.2749800159872102 0.9864743011722273 0.2741806554756195 0.9882777276825969 0.2557953637090328 0.9864743011722273 0.24300559552358114 0.9810640216411182 0.23900879296562752 0.9770063119927863 0.23900879296562752 0.9733994589720468 0.24220623501199043 0.9729486023444545 0.2613908872901679 0.9747520288548243 0.2701838529176659
0 0.8809738503155997 0.533972821742606 0.8836789900811541 0.521982414068745 0.8836789900811541 0.5083932853717026 0.8805229936880072 0.49800159872102323 0.8769161406672679 0.4932054356514788 0.869702434625789 0.4932054356514788 0.8678990081154194 0.49880095923261397 0.8683498647430118 0.5323741007194245 0.8809738503155997 0.533972821742606
0 0.5117222723174031 0.09832134292565947 0.5234445446348062 0.09912070343725021 0.5261496844003607 0.09432454036770584 0.5261496844003607 0.08473221422861711 0.5234445446348062 0.08073541167066348 0.5148782687105501 0.07993605115907274 0.5117222723174031 0.0815347721822542 0.5103697024346258 0.08553157474020784 0.5099188458070334 0.09192645883293366 0.5117222723174031 0.09832134292565947
0 0.7917042380522994 0.08313349320543566 0.8079350766456267 0.08633093525179857 0.8137962128043282 0.08633093525179857 0.8155996393146979 0.08313349320543566 0.8165013525698828 0.06314948041566747 0.8142470694319207 0.05275779376498801 0.8106402164111812 0.04716227018385292 0.7975653742110009 0.04716227018385292 0.7921550946798918 0.05275779376498801 0.7889990982867447 0.062350119904076746 0.7885482416591524 0.07434052757793765 0.7917042380522994 0.08313349320543566
0 0.46032461677186653 0.8737010391686652 0.5081154192966637 0.8792965627498002 0.5112714156898106 0.8689048760991207 0.5090171325518486 0.8521183053557154 0.5027051397655545 0.844924060751399 0.4621280432822363 0.8401278976818546 0.45987376014427417 0.841726618705036 0.45897204688908927 0.850519584332534 0.45852119026149685 0.8689048760991207 0.46032461677186653 0.8737010391686652
0 0.5793507664562669 0.4572342126298961 0.5861136158701533 0.4612310151878497 0.5928764652840397 0.4596322941646683 0.5933273219116322 0.44684252597921664 0.59107303877367 0.43005595523581136 0.5883678990081154 0.4276578737010392 0.5807033363390443 0.4276578737010392 0.5779981965734896 0.43005595523581136 0.5775473399458972 0.44924060751398887 0.5793507664562669 0.4572342126298961
0 0.7087466185752931 0.8001598721023181 0.7137060414788097 0.7985611510791367 0.7146077547339945 0.7873701039168666 0.7132551848512173 0.7817745803357314 0.7019837691614067 0.78017585931255 0.700180342651037 0.7825739408473221 0.700180342651037 0.797761790567546 0.7087466185752931 0.8001598721023181
0 0.12218214607754734 0.8737010391686652 0.1375112714156898 0.8760991207034373 0.14021641118124437 0.8800959232613909 0.14021641118124437 0.8936850519584333 0.14156898106402163 0.8968824940047961 0.15509467989179443 0.8992805755395684 0.15915238954012625 0.8960831334932055 0.16095581605049597 0.8864908073541167 0.16095581605049597 0.8729016786570745 0.1582506762849414 0.8609112709832134 0.15464382326420198 0.8553157474020784 0.1339044183949504 0.8513189448441247 0.12308385933273219 0.8529176658673061 0.11947700631199279 0.8561151079136692 0.11902614968440037 0.8665067945643485 0.12218214607754734 0.8737010391686652
0 0.7853922452660055 0.3149480415667466 0.8020739404869252 0.3181454836131095 0.806131650135257 0.3149480415667466 0.8079350766456267 0.302158273381295 0.8079350766456267 0.29256594724220625 0.8065825067628495 0.28936850519584334 0.8007213706041478 0.2853717026378897 0.7862939585211903 0.2829736211031175 0.7813345356176735 0.2853717026378897 0.7795311091073039 0.28936850519584334 0.7799819657348963 0.31175059952038375 0.7853922452660055 0.3149480415667466
0 0.6032461677186655 0.8792965627498002 0.6208295761947701 0.8840927258193446 0.627141568981064 0.8840927258193446 0.6307484220018034 0.8800959232613909 0.6321009918845808 0.8633093525179857 0.6307484220018034 0.8553157474020784 0.6244364292155096 0.8513189448441247 0.609107303877367 0.850519584332534 0.6064021641118125 0.8481215027977619 0.6023444544634806 0.8521183053557154 0.6014427412082958 0.8760991207034373 0.6032461677186655 0.8792965627498002
0 0.4630297565374211 0.3397282174260592 0.4783588818755636 0.3405275779376499 0.4806131650135257 0.33892885691446845 0.4815148782687106 0.3349320543565148 0.4815148782687106 0.3317346123101519 0.4783588818755636 0.32773780975219824 0.4634806131650135 0.3261390887290168 0.46167718665464386 0.328537170263789 0.4612263300270514 0.33812949640287776 0.4630297565374211 0.3397282174260592
0 0.4030658250676285 0.9680255795363709 0.4247069431920649 0.973621103117506 0.4323715058611362 0.9704236610711432 0.43507664562669074 0.9496402877697842 0.436429215509468 0.9232613908872902 0.4314697926059513 0.9104716227018386 0.42560865644724977 0.9056754596322941 0.40937781785392247 0.906474820143885 0.4030658250676285 0.9128697042366107 0.4012623985572588 0.9216626698641087 0.4003606853020739 0.9584332533972821 0.4030658250676285 0.9680255795363709
0 0.9842200180342651 0.35171862509992013 0.9855725879170424 0.3581135091926459 0.9882777276825969 0.3613109512390088 0.9995491433724076 0.3605115907274181 0.9995491433724076 0.3365307753796963 0.9887285843101894 0.3341326938449241 0.9855725879170424 0.33573141486810554 0.9842200180342651 0.33812949640287776 0.9842200180342651 0.35171862509992013