0 0.9413886384129847 0.23501199040767387 0.9467989179440939 0.23820943245403678 0.9531109107303878 0.2358113509192646 0.9531109107303878 0.21422861710631497 0.9463480613165013 0.21183053557154277 0.9382326420198377 0.21422861710631497 0.9377817853922452 0.2270183852917666 0.9413886384129847 0.23501199040767387
0 0.8611361587015329 0.042366107114308556 0.8701532912533815 0.04396482813749002 0.8733092876465285 0.03996802557953637 0.872858431018936 0.023181454836131096 0.869702434625789 0.011990407673860913 0.8624887285843102 0.011191047162270184 0.8597835888187556 0.024780175859312553 0.8593327321911632 0.036770583533173466 0.8611361587015329 0.042366107114308556
0 0.8083859332732191 0.5379696243005596 0.8142470694319207 0.5419664268585133 0.8246167718665464 0.5395683453237411 0.8255184851217313 0.5283772981614708 0.8246167718665464 0.5171862509992007 0.8223624887285843 0.5115907274180655 0.8101893597835889 0.5091926458832934 0.8070333633904418 0.5147881694644285 0.8065825067628495 0.5291766586730615 0.8083859332732191 0.5379696243005596
0 0.9458972046889089 0.05435651478816946 0.9526600541027953 0.055155875299760196 0.9625788999098286 0.05355715427657874 0.9643823264201984 0.023980815347721826 0.9612263300270514 0.011191047162270184 0.9558160504959423 0.007993605115907274 0.9472497745716862 0.007993605115907274 0.9431920649233544 0.011990407673860913 0.9445446348061317 0.05195843325339729 0.9458972046889089 0.05435651478816946
0 0.8773669972948602 0.8105515587529977 0.8809738503155997 0.7985611510791367 0.8800721370604149 0.7761790567545964 0.8773669972948602 0.7681854516386891 0.8733092876465285 0.7649880095923263 0.8615870153291254 0.7641886490807354 0.8588818755635708 0.7649880095923263 0.8575293056807936 0.771382893685052 0.8575293056807936 0.8073541167066347 0.8773669972948602 0.8105515587529977
0 0.8110910730387737 0.6027178257394085 0.8174030658250677 0.5947242206235012 0.8178539224526601 0.5699440447641887 0.8124436429215509 0.5667466027178258 0.8088367899008116 0.5675459632294165 0.805229936880072 0.5723421262989609 0.8034265103697025 0.5787370103916867 0.8038773669972948 0.6003197442046363 0.8110910730387737 0.6027178257394085
0 0.9373309287646528 0.8345323741007195 0.9409377817853922 0.8377298161470824 0.9490532010820559 0.8369304556354917 0.9513074842200181 0.8193445243804957 0.9504057709648331 0.8089528377298163 0.9436429215509469 0.7961630695443646 0.9391343552750226 0.7953637090327739 0.9377817853922452 0.7993605115907274 0.936429215509468 0.8177458033573143 0.9373309287646528 0.8345323741007195
0 0.9526600541027953 0.4716227018385292 0.9598737601442742 0.47002398081534774 0.9621280432822362 0.46203037569944044 0.9612263300270514 0.44364508393285373 0.9526600541027953 0.43884892086330934 0.9486023444544635 0.44124700239808157 0.9486023444544635 0.469224620303757 0.9526600541027953 0.4716227018385292
0 0.8539224526600542 0.15987210231814547 0.8561767357980163 0.1574740207833733 0.8561767357980163 0.1398880895283773 0.8521190261496844 0.12869704236610713 0.8485121731289451 0.12549960031974422 0.8417493237150586 0.12549960031974422 0.8381424706943192 0.13029576338928858 0.8385933273219116 0.15827338129496404 0.8539224526600542 0.15987210231814547
0 0.8453561767357981 0.5915267785771383 0.8660955816050496 0.5931254996003198 0.8674481514878268 0.5843325339728218 0.8669972948602345 0.5707434052757794 0.8611361587015329 0.5667466027178258 0.8507664562669072 0.5667466027178258 0.8467087466185753 0.5683453237410072 0.8444544634806133 0.5723421262989609 0.8440036068530207 0.5859312549960032 0.8453561767357981 0.5915267785771383
0 0.39404869251577995 0.4276578737010392 0.4409377817853923 0.43085531574740216 0.44679891794409377 0.4292565947242206 0.4495040577096483 0.425259792166267 0.43958521190261496 0.4172661870503597 0.4337240757439134 0.4156674660271783 0.4044183949504058 0.4140687450039968 0.3976555455365194 0.4108713029576339 0.39404869251577995 0.41167066346922465 0.39269612263300274 0.41486810551558756 0.39224526600541026 0.42206235011990406 0.39404869251577995 0.4276578737010392
0 0.9873760144274121 0.5315747402078338 0.9909828674481516 0.5331734612310152 0.9995491433724076 0.5299760191846523 0.9995491433724076 0.5051958433253397 0.9878268710550046 0.5035971223021583 0.9837691614066727 0.5091926458832934 0.9837691614066727 0.5211830535571543 0.9873760144274121 0.5315747402078338
0 0.9391343552750226 0.7897681854516387 0.9427412082957619 0.7921662669864108 0.9499549143372408 0.7897681854516387 0.9513074842200181 0.7729816147082335 0.9495040577096483 0.7673860911270984 0.9463480613165013 0.7649880095923263 0.9391343552750226 0.7649880095923263 0.9368800721370605 0.7745803357314149 0.936429215509468 0.7825739408473221 0.9391343552750226 0.7897681854516387
0 0.8079350766456267 0.7122302158273383 0.8133453561767359 0.7106314948041567 0.8160504959422903 0.6938449240607514 0.8146979260595131 0.6810551558752997 0.8106402164111812 0.6746602717825739 0.8074842200180342 0.6730615507593926 0.8034265103697025 0.6738609112709832 0.8016230838593328 0.6778577138289369 0.8020739404869252 0.7074340527577938 0.8079350766456267 0.7122302158273383
0 0.9535617673579802 0.5283772981614708 0.957619477006312 0.5331734612310152 0.9666366095581606 0.5323741007194245 0.967087466185753 0.5099920063948842 0.9630297565374212 0.5027977617905676 0.9594229035166817 0.5003996802557954 0.9540126239855725 0.5003996802557954 0.9517583408476105 0.504396482813749 0.9513074842200181 0.5163868904876099 0.9535617673579802 0.5283772981614708
0 0.3137962128043282 0.44684252597921664 0.3827772768259694 0.4556354916067146 0.3868349864743012 0.4556354916067146 0.38999098286744815 0.44924060751398887 0.38863841298467083 0.4404476418864908 0.3841298467087466 0.43645083932853723 0.35437330928764654 0.4348521183053557 0.31785392245266003 0.43005595523581136 0.31424706943192066 0.4276578737010392 0.31018935978358886 0.43085531574740216 0.31018935978358886 0.442845723421263 0.3137962128043282 0.44684252597921664
0 0.8124436429215509 0.8872901678657075 0.8124436429215509 0.9280575539568345 0.8137962128043282 0.9320543565147882 0.8201082055906221 0.9336530775379696 0.8223624887285843 0.9320543565147882 0.825067628494139 0.9240607513988809 0.825067628494139 0.9144684252597922 0.8219116321009919 0.9048760991207034 0.8223624887285843 0.8864908073541167 0.8178539224526601 0.8792965627498002 0.8124436429215509 0.8816946442845724 0.8110910730387737 0.8832933653077538 0.8124436429215509 0.8872901678657075
0 0.2497745716862038 0.44604316546762596 0.2587917042380523 0.4508393285371703 0.29621280432822367 0.4572342126298961 0.3034265103697024 0.45643485211830537 0.30477908025247974 0.45163868904876103 0.3034265103697024 0.4420463629096723 0.3002705139765554 0.43884892086330934 0.2479711451758341 0.43325339728217427 0.24752028854824168 0.4396482813749001 0.2497745716862038 0.44604316546762596
0 0.3128944995491434 0.42366107114308554 0.3859332732191163 0.43165467625899284 0.38999098286744815 0.4292565947242206 0.3913435527502254 0.4244604316546763 0.3904418394950406 0.4180655475619504 0.38863841298467083 0.4156674660271783 0.3805229936880072 0.41247002398081534 0.3201082055906222 0.40367705835331735 0.3146979260595131 0.40367705835331735 0.31018935978358886 0.407673860911271 0.31018935978358886 0.4188649080735412 0.3128944995491434 0.42366107114308554
0 0.2479711451758341 0.4004796163069545 0.2993688007213706 0.407673860911271 0.30162308385933273 0.4060751398880896 0.30297565374211 0.4004796163069545 0.30162308385933273 0.390087929656275 0.2944093778178539 0.3868904876099121 0.25743913435527505 0.381294964028777 0.2484220018034265 0.381294964028777 0.24616771866546439 0.3836930455635492 0.24571686203787196 0.3932853717026379 0.2479711451758341 0.4004796163069545
0 0.8309287646528404 0.02158273381294964 0.8385933273219116 0.02158273381294964 0.8403967538322813 0.019184652278177457 0.8417493237150586 0 0.8210099188458071 0 0.8210099188458071 0.018385291766586733 0.8309287646528404 0.02158273381294964
0 0.8990081154192966 0.9992006394884093 0.9071235347159603 0.9992006394884093 0.9107303877366997 0.9960031974420465 0.9120829576194771 0.9920063948840928 0.9111812443642923 0.9648281374900081 0.9071235347159603 0.9600319744204637 0.8976555455365194 0.9568345323741008 0.8931469792605952 0.9616306954436452 0.8931469792605952 0.9928057553956835 0.8990081154192966 0.9992006394884093
0 0.39720468890892696 0.44924060751398887 0.4346257889990983 0.4532374100719425 0.4472497745716862 0.4532374100719425 0.45311091073038773 0.44924060751398887 0.4526600541027953 0.4420463629096723 0.4481514878268711 0.4356514788169465 0.39404869251577995 0.43005595523581136 0.3913435527502254 0.434052757793765 0.39179440937781784 0.44604316546762596 0.39720468890892696 0.44924060751398887
0 0.7813345356176735 0.24300559552358114 0.7862939585211903 0.2470023980815348 0.793507664562669 0.24540367705835334 0.7953110910730388 0.23741007194244604 0.7953110910730388 0.2222222222222222 0.7939585211902616 0.21662669864108713 0.7826871055004508 0.21502797761790568 0.7795311091073039 0.21902478017585933 0.7790802524797115 0.2302158273381295 0.7813345356176735 0.24300559552358114
0 0.8440036068530207 0.9992006394884093 0.8426510369702435 0.9864108713029576 0.8385933273219116 0.9768185451638689 0.8313796212804329 0.9760191846522782 0.8295761947700632 0.9808153477218226 0.8286744815148782 0.9992006394884093 0.8440036068530207 0.9992006394884093
0 0.8476104598737602 0.6282973621103117 0.8620378719567178 0.6298960831334932 0.866546438232642 0.6258992805755397 0.8674481514878268 0.6179056754596324 0.8660955816050496 0.5963229416466826 0.8534715960324617 0.5939248601119105 0.8458070333633905 0.5979216626698641 0.8453561767357981 0.6163069544364509 0.8476104598737602 0.6282973621103117
0 0.9594229035166817 0.8233413269384493 0.9688908926961226 0.827338129496403 0.9774571686203787 0.8249400479616307 0.9806131650135257 0.7865707434052758 0.9797114517583408 0.7769784172661871 0.9774571686203787 0.7721822541966427 0.9697926059513075 0.771382893685052 0.9666366095581606 0.7793764988009593 0.9598737601442742 0.78017585931255 0.9571686203787195 0.7929656274980017 0.9567177637511272 0.8073541167066347 0.9594229035166817 0.8233413269384493
0 0.2484220018034265 0.4260591526778577 0.3002705139765554 0.43085531574740216 0.3020739404869252 0.425259792166267 0.30162308385933273 0.4172661870503597 0.2989179440937782 0.4132693844924061 0.2556357078449053 0.4060751398880896 0.24752028854824168 0.40687450039968026 0.24481514878268712 0.4108713029576339 0.24436429215509467 0.4180655475619504 0.2484220018034265 0.4260591526778577
0 0.9842200180342651 0.23820943245403678 0.9900811541929667 0.2414068745003997 0.9950405770964834 0.23980815347721826 0.9963931469792606 0.22541966426858515 0.9945897204688909 0.21902478017585933 0.9842200180342651 0.21822541966426862 0.9815148782687105 0.22062350119904078 0.9815148782687105 0.23181454836131096 0.9842200180342651 0.23820943245403678
0 0.9819657348963029 0.9424460431654678 0.9860234445446348 0.9448441247002399 0.9963931469792606 0.9440447641886491 0.9972948602344455 0.9328537170263789 0.9959422903516681 0.9168665067945644 0.9923354373309288 0.9136690647482014 0.9810640216411182 0.9144684252597922 0.9806131650135257 0.9320543565147882 0.9819657348963029 0.9424460431654678
0 0.9319206492335438 0.3733013589128697 0.9400360685302074 0.3749000799360512 0.9431920649233544 0.37250199840127896 0.9440937781785392 0.3581135091926459 0.9422903516681695 0.3501199040767386 0.939585211902615 0.3477218225419665 0.9337240757439135 0.3477218225419665 0.930117222723174 0.35171862509992013 0.9296663660955816 0.3669064748201439 0.9319206492335438 0.3733013589128697
0 0.872858431018936 0.43325339728217427 0.8796212804328223 0.4324540367705836 0.8872858431018936 0.4212629896083134 0.888638412984671 0.407673860911271 0.8877366997294861 0.39728217426059154 0.8787195671776376 0.39408473221422863 0.8724075743913436 0.39488409272581937 0.8701532912533815 0.398880895283773 0.869702434625789 0.42286171063149486 0.872858431018936 0.43325339728217427
0 0.8277727682596934 0.6171063149480416 0.8349864743011722 0.6139088729016786 0.8376916140667268 0.6059152677857713 0.8354373309287646 0.5875299760191847 0.8313796212804329 0.5819344524380495 0.8277727682596934 0.5819344524380495 0.8237150586113616 0.5891286970423661 0.8237150586113616 0.6139088729016786 0.8277727682596934 0.6171063149480416
0 0.9905320108205591 0.434052757793765 0.9995491433724076 0.4348521183053557 0.9995491433724076 0.40527577937649883 0.9932371505861136 0.40367705835331735 0.9905320108205591 0.40447641886490815 0.9896302975653742 0.407673860911271 0.9891794409377818 0.43165467625899284 0.9905320108205591 0.434052757793765
0 0.876014427412083 0.9112709832134293 0.8836789900811541 0.9128697042366107 0.8877366997294861 0.9080735411670664 0.8881875563570785 0.8872901678657075 0.8863841298467088 0.8832933653077538 0.8782687105500451 0.8824940047961631 0.8742110009017132 0.8880895283772982 0.8733092876465285 0.9016786570743406 0.876014427412083 0.9112709832134293
0 0.9842200180342651 0.04156674660271783 0.9869251577998197 0.04636290967226219 0.9945897204688909 0.04796163069544365 0.9977457168620378 0.03996802557953637 0.996844003606853 0.024780175859312553 0.9927862939585211 0.015187849720223821 0.9860234445446348 0.014388489208633094 0.9837691614066727 0.018385291766586733 0.9842200180342651 0.04156674660271783
0 0.9220018034265104 0.032773780975219824 0.9247069431920649 0.02877697841726619 0.9256086564472498 0.011191047162270184 0.9238052299368801 0.00319744204636291 0.9071235347159603 0.002398081534772182 0.9044183949504058 0.007194244604316547 0.9044183949504058 0.029576338928856916 0.9220018034265104 0.032773780975219824
0 0.7980162308385934 0.7969624300559552 0.799819657348963 0.8001598721023181 0.8124436429215509 0.8017585931254997 0.8174030658250677 0.7993605115907274 0.8178539224526601 0.7753796962430056 0.8137962128043282 0.7673860911270984 0.8043282236248873 0.762589928057554 0.7962128043282236 0.7641886490807354 0.7962128043282236 0.7857713828936851 0.7980162308385934 0.7969624300559552
0 0.8223624887285843 0.0639488409272582 0.8322813345356176 0.06474820143884892 0.8358881875563571 0.059952038369304565 0.8313796212804329 0.04156674660271783 0.8286744815148782 0.036770583533173466 0.824165915238954 0.03437250199840128 0.8201082055906221 0.03996802557953637 0.8196573489630298 0.05435651478816946 0.8223624887285843 0.0639488409272582
0 0.8859332732191163 0.6370903277378098 0.8890892696122633 0.6402877697841727 0.897204688908927 0.6378896882494005 0.8990081154192966 0.6235011990407675 0.8981064021641119 0.6059152677857713 0.8963029756537422 0.6035171862509993 0.8899909828674482 0.60431654676259 0.8877366997294861 0.6059152677857713 0.8854824165915239 0.6123101518784972 0.8845807033363391 0.6219024780175859 0.8859332732191163 0.6370903277378098
0 0.8877366997294861 0.44924060751398887 0.890892696122633 0.4612310151878497 0.9089269612263301 0.460431654676259 0.9089269612263301 0.4452438049560352 0.9071235347159603 0.4348521183053557 0.9008115419296664 0.4348521183053557 0.897204688908927 0.43884892086330934 0.8895401262398558 0.4396482813749001 0.8877366997294861 0.442845723421263 0.8877366997294861 0.44924060751398887
0 0.8259693417493238 0.9992006394884093 0.8255184851217313 0.9904076738609113 0.8205590622182147 0.9800159872102319 0.8124436429215509 0.9816147082334133 0.8101893597835889 0.9904076738609113 0.8097385031559965 0.9992006394884093 0.8259693417493238 0.9992006394884093
0 0.9860234445446348 0.6402877697841727 0.9909828674481516 0.6434852118305356 0.9995491433724076 0.6418864908073542 0.9995491433724076 0.6011191047162271 0.9941388638412986 0.5987210231814549 0.9873760144274121 0.6003197442046363 0.9864743011722273 0.6027178257394085 0.9851217312894499 0.6099120703437251 0.9860234445446348 0.6402877697841727
0 0.9111812443642923 0.6402877697841727 0.9170423805229937 0.6442845723421263 0.9247069431920649 0.6442845723421263 0.9260595130748422 0.6402877697841727 0.9260595130748422 0.6107114308553158 0.9233543733092877 0.5963229416466826 0.9192966636609557 0.5915267785771383 0.9147880973850315 0.5915267785771383 0.9111812443642923 0.5883293365307755 0.9089269612263301 0.5979216626698641 0.9098286744815148 0.6370903277378098 0.9111812443642923 0.6402877697841727
0 0.8859332732191163 0.7282174260591526 0.890892696122633 0.7266187050359713 0.890892696122633 0.7050359712230216 0.8850315599639315 0.701039168665068 0.8791704238052299 0.7034372501998403 0.8796212804328223 0.7250199840127898 0.8859332732191163 0.7282174260591526