0 0.7443642921550947 0.9232613908872902 0.7714156898106402 0.9304556354916067 0.7880973850315599 0.9376498800959233 0.8007213706041478 0.9376498800959233 0.8192064923354373 0.9456434852118306 0.8611361587015329 0.9552358113509193 0.8651938683498648 0.9536370903277379 0.8669972948602345 0.9480415667466028 0.8683498647430118 0.9136690647482014 0.8642921550946799 0.9056754596322941 0.8277727682596934 0.8952837729816148 0.8183047790802525 0.8952837729816148 0.7944093778178539 0.885691446842526 0.7547339945897205 0.8760991207034373 0.7448151487826871 0.876898481215028 0.7421100090171326 0.8968824940047961 0.74165915238954 0.9192645883293366 0.7443642921550947 0.9232613908872902
0 0.4594229035166817 0.9728217426059154 0.45761947700631195 0.9992006394884093 0.5094679891794409 0.9992006394884093 0.5135256988277728 0.9904076738609113 0.5148782687105501 0.9792166266986412 0.5135256988277728 0.9496402877697842 0.5076645626690712 0.938449240607514 0.49639314697926057 0.9344524380495605 0.47745716862037874 0.9328537170263789 0.4666366095581605 0.9280575539568345 0.45897204688908927 0.9280575539568345 0.4526600541027953 0.9304556354916067 0.44905320108205593 0.9352517985611511 0.4481514878268711 0.9408473221422862 0.44905320108205593 0.9608313349320544 0.4594229035166817 0.9728217426059154
0 0.2772768259693417 0.11590727418065548 0.27908025247971147 0.12070343725019984 0.30162308385933273 0.12150279776179057 0.30748422001803427 0.11590727418065548 0.30748422001803427 0.08233413269384492 0.3007213706041479 0.06874500399680256 0.28313796212804326 0.0671462829736211 0.27908025247971147 0.07354116706634693 0.2772768259693417 0.10871302957633892 0.2772768259693417 0.11590727418065548
0 0.9283137962128044 0.800959232613909 0.9513074842200181 0.809752198241407 0.9616771866546439 0.8105515587529977 0.9643823264201984 0.8073541167066347 0.9661857529305681 0.7929656274980017 0.9661857529305681 0.7721822541966427 0.9648331830477908 0.7697841726618705 0.9296663660955816 0.7585931254996003 0.9251577998196574 0.7593924860111911 0.9242560865644726 0.765787370103917 0.9233543733092877 0.7921662669864108 0.9283137962128044 0.800959232613909
0 0.3800721370604148 0.5883293365307755 0.4125338142470695 0.5939248601119105 0.4346257889990983 0.6051159072741806 0.4621280432822363 0.6083133493205436 0.4711451758340848 0.6139088729016786 0.49098286744815145 0.6203037569944045 0.4945897204688909 0.6163069544364509 0.49729486023444547 0.6019184652278178 0.4945897204688909 0.595523581135092 0.4657348963029757 0.5899280575539568 0.4436429215509468 0.5803357314148682 0.42155094679891797 0.5755395683453238 0.40802524797114514 0.5699440447641887 0.3823264201983769 0.5699440447641887 0.37781785392245265 0.574740207833733 0.37736699729486023 0.5811350919264588 0.3800721370604148 0.5883293365307755
0 0.3800721370604148 0.6195043964828137 0.3836789900811542 0.6163069544364509 0.4030658250676285 0.6250999200639489 0.415238954012624 0.6266986410871304 0.418394950405771 0.6298960831334932 0.44138863841298465 0.6354916067146283 0.46167718665464386 0.6346922462030377 0.4792605951307485 0.6410871302957634 0.49098286744815145 0.6410871302957634 0.49323715058611367 0.6370903277378098 0.49323715058611367 0.6306954436450839 0.49098286744815145 0.6227018385291766 0.47024346257889993 0.6155075939248602 0.4197475202885482 0.6035171862509993 0.4003606853020739 0.5947242206235012 0.3859332732191163 0.592326139088729 0.3800721370604148 0.5883293365307755 0.37691614066726786 0.5979216626698641 0.37691614066726786 0.6107114308553158 0.3800721370604148 0.6195043964828137
0 0.3800721370604148 0.6490807354116707 0.3872858431018936 0.6466826538768985 0.4238052299368801 0.6562749800159873 0.43056807935076646 0.6610711430855316 0.4526600541027953 0.6650679456434853 0.4571686203787196 0.6626698641087131 0.45671776375112716 0.6506794564348523 0.4526600541027953 0.6394884092725819 0.4495040577096483 0.6418864908073542 0.40937781785392247 0.6314948041566747 0.3872858431018936 0.6219024780175859 0.3800721370604148 0.6219024780175859 0.3782687105500451 0.6282973621103117 0.37781785392245265 0.6410871302957634 0.3800721370604148 0.6490807354116707
0 0.503155996393147 0.6123101518784972 0.503155996393147 0.6386890487609912 0.5058611361587015 0.6442845723421263 0.5153291253381425 0.6490807354116707 0.6009918845807034 0.6738609112709832 0.6095581605049595 0.6738609112709832 0.6127141568981065 0.6666666666666666 0.6163210099188459 0.6147082334132695 0.6131650135256989 0.5987210231814549 0.6086564472497746 0.5915267785771383 0.5220919747520288 0.5651478816946442 0.5121731289449956 0.5675459632294165 0.5094679891794409 0.5739408473221423 0.5054102795311091 0.574740207833733 0.5027051397655545 0.5827338129496403 0.5009017132551848 0.6019184652278178 0.503155996393147 0.6123101518784972
0 0.3981064021641118 0.5683453237410072 0.44138863841298465 0.5787370103916867 0.4558160504959423 0.5859312549960032 0.4824165915238954 0.5931254996003198 0.4945897204688909 0.595523581135092 0.4981965734896303 0.5907274180655476 0.4981965734896303 0.5651478816946442 0.49368800721370604 0.5595523581135092 0.48016230838593327 0.5547561950439649 0.4035166816952209 0.5315747402078338 0.4008115419296664 0.5323741007194245 0.39720468890892696 0.5579536370903277 0.3967538322813345 0.565947242206235 0.3981064021641118 0.5683453237410072
0 0.3507664562669071 0.5387689848121503 0.35933273219116324 0.5603517186250999 0.37060414788097384 0.5683453237410072 0.3764652840396754 0.5683453237410072 0.38097385031559966 0.5651478816946442 0.38548241659152394 0.5355715427657874 0.38458070333633904 0.5235811350919265 0.3539224526600541 0.5139888089528377 0.35211902614968443 0.5139888089528377 0.34986474301172227 0.5203836930455635 0.3494138863841299 0.5299760191846523 0.3507664562669071 0.5387689848121503
0 0.5590622182146078 0.8832933653077538 0.6118124436429215 0.9008792965627499 0.6235347159603246 0.9016786570743406 0.627141568981064 0.8984812150279777 0.630297565374211 0.8848920863309353 0.6307484220018034 0.8617106314948043 0.633453561767358 0.8377298161470824 0.630297565374211 0.8265387689848122 0.6262398557258791 0.8201438848920864 0.6158701532912535 0.8201438848920864 0.5987376014427412 0.8129496402877698 0.5852119026149685 0.8129496402877698 0.5748422001803427 0.8073541167066347 0.5640216411181245 0.8049560351718625 0.5595130748422003 0.8249400479616307 0.5563570784490532 0.8585131894484412 0.5559062218214608 0.8760991207034373 0.5590622182146078 0.8832933653077538
0 0.4981965734896303 0.5147881694644285 0.503155996393147 0.5171862509992007 0.5144274120829576 0.5171862509992007 0.5193868349864743 0.5155875299760192 0.5220919747520288 0.5107913669064749 0.524346257889991 0.4948041566746603 0.5225428313796213 0.4804156674660272 0.5198376916140668 0.47801758593125504 0.5 0.4756195043964829 0.4981965734896303 0.47641886490807356 0.49639314697926057 0.48201438848920863 0.4954914337240758 0.5075939248601119 0.4981965734896303 0.5147881694644285
0 0.6194770063119928 0.6626698641087131 0.6253381424706943 0.6650679456434853 0.6321009918845808 0.6634692246203038 0.6325518485121732 0.6474820143884892 0.6343552750225429 0.645083932853717 0.6550946798917944 0.6498800959232613 0.6596032461677187 0.6474820143884892 0.6614066726780884 0.6434852118305356 0.6596032461677187 0.6163069544364509 0.6582506762849414 0.6107114308553158 0.6559963931469793 0.6083133493205436 0.6217312894499549 0.6003197442046363 0.6194770063119928 0.6027178257394085 0.6176735798016231 0.6179056754596324 0.6163210099188459 0.6578737010391686 0.6194770063119928 0.6626698641087131
0 0.7443642921550947 0.8752997601918465 0.7664562669071235 0.8776978417266187 0.8322813345356176 0.8984812150279777 0.8588818755635708 0.9040767386091128 0.8660955816050496 0.9024780175859313 0.8642921550946799 0.8832933653077538 0.8611361587015329 0.8776978417266187 0.8570784490532011 0.8752997601918465 0.7479711451758341 0.8465227817745804 0.7412082957619477 0.850519584332534 0.7389540126239856 0.8585131894484412 0.7385031559963932 0.8689048760991207 0.7443642921550947 0.8752997601918465