0 0.08476104598737601 0.9952038369304558 0.09558160504959423 0.9968025579536371 0.11677186654643823 0.9856115107913669 0.11992786293958521 0.982414068745004 0.1212804328223625 0.9776179056754596 0.11722272317403065 0.9648281374900081 0.11181244364292155 0.9624300559552359 0.08701532912533815 0.9760191846522782 0.08340847610459873 0.9808153477218226 0.0825067628494139 0.9848121502797762 0.08476104598737601 0.9952038369304558
0 0.14382326420198377 0.8001598721023181 0.14743011722272317 0.8057553956834532 0.16095581605049597 0.8001598721023181 0.16816952209197475 0.7897681854516387 0.18214607754733994 0.7897681854516387 0.18935978358881875 0.7865707434052758 0.19161406672678089 0.78017585931255 0.18890892696122633 0.7545963229416467 0.18620378719567177 0.7458033573141487 0.1834986474301172 0.7434052757793765 0.18034265103697025 0.7442046362909672 0.17763751127141567 0.7505995203836932 0.1744815148782687 0.7505995203836932 0.16997294860234446 0.7458033573141487 0.1650135256988278 0.7458033573141487 0.16095581605049597 0.748201438848921 0.15464382326420198 0.7601918465227818 0.14652840396753833 0.762589928057554 0.14382326420198377 0.7585931254996003 0.14021641118124437 0.7641886490807354 0.14021641118124437 0.7833733013589129 0.14382326420198377 0.8001598721023181
0 0.16456266907123535 0.9344524380495605 0.16456266907123535 0.9424460431654678 0.16816952209197475 0.9584332533972821 0.172678088367899 0.9656274980015987 0.178990081154193 0.9664268585131894 0.1848512173128945 0.9600319744204637 0.2073940486925158 0.9568345323741008 0.21415689810640218 0.947242206235012 0.22633002705139765 0.9416466826538769 0.22993688007213708 0.9376498800959233 0.24165915238954014 0.9328537170263789 0.2515779981965735 0.9328537170263789 0.25473399458972046 0.9272581934452439 0.2583408476104599 0.9272581934452439 0.2660054102795311 0.920863309352518 0.2745716862037872 0.920863309352518 0.281785392245266 0.91207034372502 0.2862939585211903 0.91207034372502 0.2889990982867448 0.9080735411670664 0.2889990982867448 0.9048760991207034 0.28358881875563574 0.8824940047961631 0.27908025247971147 0.8784972022382095 0.2673579801623084 0.8832933653077538 0.2569882777276826 0.8912869704236611 0.2407574391343553 0.8968824940047961 0.2290351668169522 0.9048760991207034 0.17989179440937783 0.9272581934452439 0.1650135256988278 0.9280575539568345 0.16591523895401264 0.9320543565147882 0.16456266907123535 0.9344524380495605
0 0.5374211000901714 0.4244604316546763 0.5500450856627592 0.434052757793765 0.5536519386834987 0.434052757793765 0.5568079350766456 0.4292565947242206 0.5541027953110911 0.4212629896083134 0.5464382326420198 0.4140687450039968 0.5405770964833183 0.4108713029576339 0.5383228133453561 0.4140687450039968 0.5369702434625789 0.4180655475619504 0.5374211000901714 0.4244604316546763
0 0.0951307484220018 0.4748201438848921 0.09918845807033362 0.4796163069544365 0.14382326420198377 0.45483613109512394 0.15058611361587015 0.45483613109512394 0.15284039675383226 0.4420463629096723 0.151487826871055 0.43804956035171866 0.1460775473399459 0.43804956035171866 0.1266907123534716 0.4452438049560352 0.0951307484220018 0.4636290967226219 0.09377817853922453 0.4660271782573941 0.0951307484220018 0.4748201438848921
0 0.17538322813345356 0.9992006394884093 0.1898106402164112 0.9992006394884093 0.19161406672678089 0.9968025579536371 0.2037871956717764 0.9952038369304558 0.21550946798917944 0.9856115107913669 0.22272317403065825 0.9872102318145485 0.22723174030658252 0.9848121502797762 0.23760144274120829 0.9744204636290967 0.24165915238954014 0.9744204636290967 0.24481514878268712 0.9776179056754596 0.25969341749323716 0.9648281374900081 0.27592425608656446 0.9616306954436452 0.2813345356176736 0.9544364508393286 0.2917042380522994 0.9488409272581935 0.2935076645626691 0.9424460431654678 0.29305680793507666 0.9320543565147882 0.29080252479711455 0.920863309352518 0.2862939585211903 0.9176658673061552 0.27682596934174936 0.9256594724220625 0.26465284039675385 0.9272581934452439 0.2520288548241659 0.9368505195843326 0.23805229936880073 0.9408473221422862 0.22948602344454463 0.9480415667466028 0.2168620378719567 0.9512390087929657 0.20694319206492334 0.9600319744204637 0.19386834986474302 0.9624300559552359 0.1830477908025248 0.9688249400479617 0.17222723174030657 0.9704236610711432 0.1708746618575293 0.9728217426059154 0.1708746618575293 0.9904076738609113 0.17538322813345356 0.9992006394884093
0 0.6361587015329125 0.4748201438848921 0.6411181244364292 0.4748201438848921 0.6492335437330929 0.47002398081534774 0.6532912533814247 0.46442845723421267 0.6510369702434625 0.44604316546762596 0.6483318304779081 0.44124700239808157 0.6402164111812444 0.4420463629096723 0.6330027051397656 0.44844124700239807 0.6330027051397656 0.46442845723421267 0.6361587015329125 0.4748201438848921
0 0.05725879170423805 0.8297362110311751 0.06988277727682597 0.8249400479616307 0.08566275924256087 0.8145483613109513 0.09062218214607755 0.8105515587529977 0.0915238954012624 0.806554756195044 0.08701532912533815 0.7905675459632294 0.08070333633904418 0.7897681854516387 0.058160504959422904 0.8025579536370904 0.05229936880072138 0.8081534772182254 0.05320108205590622 0.82414068745004 0.05725879170423805 0.8297362110311751
0 0.15779981965734896 0.8808952837729817 0.16050495942290352 0.8848920863309353 0.16681695220919746 0.8848920863309353 0.17222723174030657 0.8832933653077538 0.18169522091974755 0.8745003996802558 0.19612263300270513 0.8737010391686652 0.20333633904418397 0.8649080735411672 0.2168620378719567 0.8609112709832134 0.23038773669972948 0.850519584332534 0.24165915238954014 0.8521183053557154 0.2515779981965735 0.8393285371702638 0.26284941388638416 0.8385291766586731 0.2687105500450857 0.8337330135891287 0.2723174030658251 0.8345323741007195 0.27682596934174936 0.8257394084732215 0.27682596934174936 0.8209432454036771 0.2723174030658251 0.8025579536370904 0.26916140667267807 0.7969624300559552 0.24932371505861137 0.8001598721023181 0.23760144274120829 0.8105515587529977 0.22046889089269614 0.8161470823341327 0.21415689810640218 0.8217426059152678 0.2060414788097385 0.8201438848920864 0.20423805229936878 0.8249400479616307 0.19251577998196576 0.832933653077538 0.1600541027953111 0.8465227817745804 0.15374211000901714 0.8513189448441247 0.15374211000901714 0.8657074340527579 0.15779981965734896 0.8808952837729817
0 0.4292155094679892 0.6962430055955237 0.4314697926059513 0.6994404476418865 0.43913435527502254 0.6970423661071143 0.44003606853020744 0.6914468425259792 0.4386834986474301 0.6810551558752997 0.4346257889990983 0.6642685851318945 0.4323715058611362 0.6610711430855316 0.42515779981965734 0.6618705035971224 0.4238052299368801 0.6674660271782575 0.4292155094679892 0.6962430055955237
0 0.6284941388638413 0.5971223021582733 0.6316501352569882 0.6171063149480416 0.6370604147880974 0.6330935251798562 0.6433724075743913 0.6338928856914469 0.6605049594229035 0.6266986410871304 0.6627592425608656 0.6235011990407675 0.6632100991884582 0.6171063149480416 0.6596032461677187 0.5883293365307755 0.6573489630297565 0.5803357314148682 0.6541929666366095 0.577937649880096 0.6505861136158702 0.5787370103916867 0.6298467087466186 0.5891286970423661 0.6284941388638413 0.5915267785771383 0.6284941388638413 0.5971223021582733
0 0.06672678088367899 0.8936850519584333 0.07123534715960325 0.8968824940047961 0.09828674481514879 0.8832933653077538 0.1036970243462579 0.876898481215028 0.1036970243462579 0.8697042366107114 0.10054102795311091 0.859312549960032 0.09287646528403969 0.8585131894484412 0.0793507664562669 0.8673061550759393 0.06988277727682597 0.8705035971223022 0.06537421100090171 0.8760991207034373 0.06492335437330929 0.8832933653077538 0.06672678088367899 0.8936850519584333
0 0.1650135256988278 0.9224620303756994 0.17944093778178538 0.9224620303756994 0.18575293056807937 0.9160671462829737 0.20198376916140667 0.915267785771383 0.2096483318304779 0.9056754596322941 0.2236248872858431 0.9016786570743406 0.2357980162308386 0.8936850519584333 0.24481514878268712 0.8928856914468426 0.25473399458972046 0.885691446842526 0.2723174030658251 0.8776978417266187 0.27908025247971147 0.8705035971223022 0.28088367899008115 0.8657074340527579 0.2795311091073039 0.8465227817745804 0.2777276825969342 0.8377298161470824 0.27186654643823266 0.8369304556354917 0.2430117222723174 0.8545163868904877 0.2073940486925158 0.8689048760991207 0.1934174932371506 0.8784972022382095 0.1618575293056808 0.8896882494004797 0.15960324616771868 0.8936850519584333 0.16050495942290352 0.9096722621902479 0.1650135256988278 0.9224620303756994
0 0.6677186654643824 0.4100719424460432 0.6816952209197475 0.40367705835331735 0.6866546438232641 0.39728217426059154 0.6853020739404869 0.37969624300559557 0.6825969341749324 0.3749000799360512 0.6668169522091975 0.3820943245403677 0.6632100991884582 0.3868904876099121 0.6650135256988278 0.40687450039968026 0.6677186654643824 0.4100719424460432
0 0.07078449053201082 0.9248601119104717 0.07754733994589721 0.9312549960031975 0.08476104598737601 0.929656274980016 0.10865644724977458 0.9144684252597922 0.10775473399458972 0.9008792965627499 0.10324616771866547 0.8936850519584333 0.087917042380523 0.9000799360511591 0.07168620378719567 0.9104716227018386 0.06988277727682597 0.9136690647482014 0.07078449053201082 0.9248601119104717
0 0.04643823264201984 0.7857713828936851 0.05049594229035167 0.7913669064748201 0.05365193868349865 0.7913669064748201 0.08205590622182146 0.7745803357314149 0.08521190261496844 0.771382893685052 0.08611361587015329 0.7649880095923263 0.08160504959422904 0.7545963229416467 0.07619477006311993 0.7521982414068745 0.05770964833183048 0.7617905675459633 0.045536519386834985 0.7721822541966427 0.04508566275924256 0.78017585931255 0.04643823264201984 0.7857713828936851
0 0.5428313796212805 0.4420463629096723 0.5468890892696122 0.4452438049560352 0.5522993688007214 0.442845723421263 0.5522993688007214 0.4348521183053557 0.542380522993688 0.425259792166267 0.5396753832281335 0.4196642685851319 0.5365193868349865 0.4212629896083134 0.5351668169522091 0.4260591526778577 0.5351668169522091 0.43325339728217427 0.5428313796212805 0.4420463629096723
0 0.6762849413886385 0.4668265387689848 0.6821460775473399 0.4676258992805756 0.6898106402164111 0.46442845723421267 0.6961226330027052 0.460431654676259 0.6983769161406672 0.45643485211830537 0.6983769161406672 0.4476418864908074 0.693868349864743 0.4244604316546763 0.6893597835888188 0.41167066346922465 0.669522091974752 0.4212629896083134 0.6686203787195673 0.42845723421262993 0.6762849413886385 0.4668265387689848
0 0.15058611361587015 0.8393285371702638 0.15419296663660956 0.8433253397282174 0.16411181244364292 0.8409272581934453 0.17132551848512173 0.8345323741007195 0.18890892696122633 0.8313349320543566 0.1956717763751127 0.8233413269384493 0.19972948602344456 0.8137490007993605 0.19612263300270513 0.7985611510791367 0.18935978358881875 0.7913669064748201 0.1672678088367899 0.7993605115907274 0.15509467989179443 0.8081534772182254 0.14743011722272317 0.8081534772182254 0.14743011722272317 0.8249400479616307 0.15058611361587015 0.8393285371702638
0 0.059513074842200184 0.8577138289368506 0.06492335437330929 0.8633093525179857 0.09603246167718665 0.844924060751399 0.09738503155996393 0.841726618705036 0.09738503155996393 0.832933653077538 0.09467989179440937 0.8249400479616307 0.0915238954012624 0.8233413269384493 0.07484220018034266 0.8313349320543566 0.058160504959422904 0.8433253397282174 0.05770964833183048 0.850519584332534 0.059513074842200184 0.8577138289368506
0 0.09963931469792607 0.9544364508393286 0.10955816050495942 0.9528377298161471 0.11541929666366096 0.9440447641886491 0.11496844003606854 0.9352517985611511 0.109107303877367 0.9272581934452439 0.09873760144274121 0.9312549960031975 0.09422903516681697 0.9400479616306955 0.09287646528403969 0.9496402877697842 0.09963931469792607 0.9544364508393286
0 0.5707844905320109 0.4172661870503597 0.5761947700631199 0.4140687450039968 0.5784490532010821 0.390087929656275 0.5748422001803427 0.381294964028777 0.5640216411181245 0.3749000799360512 0.5599639314697926 0.3749000799360512 0.5572587917042381 0.37969624300559557 0.5568079350766456 0.3868904876099121 0.5572587917042381 0.4092725819344525 0.5707844905320109 0.4172661870503597
0 0.628043282236249 0.5363709032773781 0.6325518485121732 0.5515587529976019 0.6406672678088369 0.5515587529976019 0.6514878268710551 0.5451638689048761 0.6510369702434625 0.5307753796962431 0.6474301172227231 0.5123900879296562 0.6438232642019839 0.5035971223021583 0.633453561767358 0.5019984012789769 0.6208295761947701 0.5083932853717026 0.6217312894499549 0.5227817745803358 0.628043282236249 0.5363709032773781
0 0.09107303877366997 0.6834532374100719 0.09287646528403969 0.6866506794564349 0.09693417493237151 0.6874500399680257 0.17853922452660054 0.6474820143884892 0.18214607754733994 0.6434852118305356 0.18214607754733994 0.6338928856914469 0.17853922452660054 0.6195043964828137 0.172678088367899 0.6179056754596324 0.10640216411181244 0.6506794564348523 0.08836789900811542 0.6562749800159873 0.087917042380523 0.6618705035971224 0.09107303877366997 0.6834532374100719