0 0.8926961226330028 0.3069544364508393 0.8935978358881875 0.3205435651478817 0.903516681695221 0.3317346123101519 0.9120829576194771 0.33013589128697046 0.9183949504057709 0.31574740207833735 0.9197475202885483 0.30375699440447645 0.9053201082055906 0.2885691446842526 0.897204688908927 0.28617106314948043 0.8954012623985572 0.30055955235811355 0.8926961226330028 0.3069544364508393
0 0.21235347159603246 0.3629096722621903 0.22001803426510372 0.36850519584332536 0.23309287646528404 0.3661071143085532 0.2321911632100992 0.3557154276578737 0.2249774571686204 0.34372501998401284 0.2164111812443643 0.33892885691446845 0.21325518485121733 0.3405275779376499 0.21100090171325517 0.34532374100719426 0.2096483318304779 0.354916067146283 0.21235347159603246 0.3629096722621903
0 0.80297565374211 0.23820943245403678 0.8210099188458071 0.2517985611510791 0.8286744815148782 0.2517985611510791 0.8313796212804329 0.24940047961630699 0.8349864743011722 0.2414068745003997 0.836789900811542 0.23101518784972022 0.8322813345356176 0.22302158273381298 0.8110910730387737 0.2070343725019984 0.8056807935076646 0.21103117505995203 0.8011722272317404 0.2278177458033573 0.8007213706041478 0.23181454836131096 0.80297565374211 0.23820943245403678
0 0.15779981965734896 0.37090327737809753 0.16321009918845808 0.37969624300559557 0.18079350766456267 0.3932853717026379 0.18530207394048692 0.39168665067945646 0.18935978358881875 0.3836930455635492 0.19071235347159604 0.3764988009592326 0.1848512173128945 0.3597122302158273 0.18169522091974755 0.354916067146283 0.16816952209197475 0.3445243804956035 0.16456266907123535 0.34532374100719426 0.16050495942290352 0.354916067146283 0.15779981965734896 0.36530775379696245 0.15779981965734896 0.37090327737809753
0 0.5955816050495942 0.3677058353317346 0.6023444544634806 0.37010391686650684 0.60595130748422 0.36370903277378097 0.6064021641118125 0.35171862509992013 0.5991884580703336 0.34212629896083135 0.5888187556357078 0.3349320543565148 0.5856627592425608 0.34212629896083135 0.584761045987376 0.35411670663469225 0.5955816050495942 0.3677058353317346
0 0.5874661857529305 0.24460431654676262 0.594229035166817 0.24540367705835334 0.5982867448151488 0.23421262989608316 0.5982867448151488 0.2302158273381295 0.5924256086564473 0.2222222222222222 0.5883678990081154 0.2214228617106315 0.5865644724977458 0.22621902478017586 0.5852119026149685 0.24060751398880897 0.5874661857529305 0.24460431654676262
0 0.6807935076645627 0.6698641087130296 0.7060414788097384 0.689048760991207 0.7096483318304779 0.6898481215027978 0.7132551848512173 0.6842525979216627 0.7146077547339945 0.6714628297362111 0.7051397655545536 0.6610711430855316 0.7010820559062219 0.645083932853717 0.6934174932371506 0.6330935251798562 0.6857529305680793 0.6306954436450839 0.6816952209197475 0.6354916067146283 0.6780883678990081 0.6466826538768985 0.6771866546438233 0.6626698641087131 0.6807935076645627 0.6698641087130296
0 0.9801623083859333 0.17026378896882494 0.9905320108205591 0.1838529176658673 0.9995491433724076 0.18864908073541167 0.9995491433724076 0.16067146282973624 0.996844003606853 0.15827338129496404 0.9959422903516681 0.14948041566746603 0.9909828674481516 0.13908872901678657 0.9882777276825969 0.1366906474820144 0.9842200180342651 0.13828936850519585 0.9770063119927863 0.1566746602717826 0.9770063119927863 0.16466826538768983 0.9801623083859333 0.17026378896882494
0 0.8340847610459874 0.1654676258992806 0.8385933273219116 0.17186250999200642 0.8485121731289451 0.17985611510791366 0.8530207394048693 0.17985611510791366 0.8584310189359784 0.1654676258992806 0.8579801623083859 0.15987210231814547 0.8548241659152389 0.15347721822541965 0.8403967538322813 0.1366906474820144 0.8381424706943192 0.1366906474820144 0.8340847610459874 0.15187849720223823 0.8327321911632102 0.15907274180655476 0.8340847610459874 0.1654676258992806
0 0.7745716862037872 0.7673860911270984 0.7799819657348963 0.7753796962430056 0.7894499549143373 0.7833733013589129 0.7930568079350766 0.7833733013589129 0.7989179440937783 0.7753796962430056 0.8047790802524797 0.7474020783373301 0.80297565374211 0.7370103916866507 0.7917042380522994 0.7322142286171064 0.7790802524797115 0.7218225419664269 0.7754733994589721 0.7250199840127898 0.770063119927863 0.7426059152677859 0.770063119927863 0.7545963229416467 0.7745716862037872 0.7673860911270984
0 0.6568981064021642 0.8361310951239008 0.6605049594229035 0.8361310951239008 0.6690712353471596 0.8265387689848122 0.6713255184851218 0.8129496402877698 0.666366095581605 0.8017585931254997 0.657799819657349 0.7961630695443646 0.6532912533814247 0.8041566746602719 0.6505861136158702 0.8161470823341327 0.6505861136158702 0.8281374900079936 0.6568981064021642 0.8361310951239008
0 0.8579801623083859 0.6994404476418865 0.869702434625789 0.7162270183852918 0.8733092876465285 0.7178257394084733 0.8764652840396754 0.7146282973621104 0.8814247069431921 0.6994404476418865 0.8814247069431921 0.689048760991207 0.8796212804328223 0.6810551558752997 0.8724075743913436 0.6714628297362111 0.866546438232642 0.6698641087130296 0.8597835888187556 0.6850519584332534 0.8575293056807936 0.6930455635491607 0.8579801623083859 0.6994404476418865
0 0.35617673579801623 0.5883293365307755 0.3656447249774572 0.5995203836930456 0.3701532912533814 0.6003197442046363 0.37736699729486023 0.5811350919264588 0.3814247069431921 0.5635491606714629 0.38097385031559966 0.5563549160671463 0.37376014427412085 0.548361310951239 0.3647430117222723 0.5459632294164669 0.35843101893597834 0.5603517186250999 0.3557258791704238 0.5739408473221423 0.35617673579801623 0.5883293365307755
0 0.3764652840396754 0.9944044764188649 0.3764652840396754 0.9992006394884093 0.40667267808836793 0.9992006394884093 0.40712353471596036 0.9944044764188649 0.40577096483318303 0.9904076738609113 0.3981064021641118 0.982414068745004 0.38322813345356177 0.9800159872102319 0.3800721370604148 0.9840127897681855 0.3796212804328224 0.9888089528377298 0.3764652840396754 0.9944044764188649
0 0.02614968440036069 0.8521183053557154 0.03967538322813345 0.8633093525179857 0.04508566275924256 0.8617106314948043 0.04733994589720469 0.8441247002398081 0.043733092876465283 0.8361310951239008 0.03381424706943192 0.827338129496403 0.029305680793507663 0.8297362110311751 0.02660054102795311 0.8353317346123101 0.025247971145175834 0.844924060751399 0.02614968440036069 0.8521183053557154
0 0.900360685302074 0.8721023181454837 0.9021641118124436 0.8824940047961631 0.9044183949504058 0.8872901678657075 0.9143372407574392 0.8960831334932055 0.9179440937781785 0.8984812150279777 0.9220018034265104 0.897681854516387 0.9256086564472498 0.8928856914468426 0.9310189359783588 0.8752997601918465 0.9319206492335438 0.8689048760991207 0.9305680793507665 0.8585131894484412 0.9292155094679891 0.8553157474020784 0.9183949504057709 0.8473221422861711 0.9111812443642923 0.8465227817745804 0.9080252479711453 0.8513189448441247 0.9066726780883679 0.8585131894484412 0.900360685302074 0.8721023181454837
0 0.39404869251577995 0.44684252597921664 0.40847610459873757 0.45803357314148685 0.41343552750225426 0.4588329336530776 0.418394950405771 0.4524380495603517 0.4170423805229937 0.44684252597921664 0.40396753832281335 0.434052757793765 0.3990081154192967 0.43085531574740216 0.3958521190261497 0.43085531574740216 0.39314697926059516 0.434052757793765 0.39269612263300274 0.442845723421263 0.39404869251577995 0.44684252597921664
0 0.38954012623985573 0.46282973621103124 0.40622182146077546 0.4748201438848921 0.4116321009918846 0.4716227018385292 0.41343552750225426 0.4668265387689848 0.41073038773669973 0.4612310151878497 0.3954012623985573 0.4476418864908074 0.39404869251577995 0.4420463629096723 0.39404869251577995 0.4452438049560352 0.3904418394950406 0.4452438049560352 0.38773669972948605 0.4524380495603517 0.3872858431018936 0.45643485211830537 0.38954012623985573 0.46282973621103124
0 0.0369702434625789 0.9224620303756994 0.04283137962128043 0.9272581934452439 0.046889089269612265 0.9280575539568345 0.04959422903516681 0.9256594724220625 0.05365193868349865 0.9128697042366107 0.05410279531109107 0.9048760991207034 0.05229936880072138 0.9008792965627499 0.04418394950405771 0.8952837729816148 0.03742110009017133 0.885691446842526 0.03201082055906222 0.8880895283772982 0.02885482416591524 0.9016786570743406 0.02885482416591524 0.9112709832134293 0.0369702434625789 0.9224620303756994
0 0.2479711451758341 0.4556354916067146 0.2687105500450857 0.4748201438848921 0.2723174030658251 0.4748201438848921 0.27547339945897203 0.4668265387689848 0.27547339945897203 0.4596322941646683 0.2723174030658251 0.45003996802557955 0.2569882777276826 0.4356514788169465 0.2497745716862038 0.43645083932853723 0.24661857529305684 0.44364508393285373 0.24616771866546439 0.4524380495603517 0.2479711451758341 0.4556354916067146
0 0.8485121731289451 0.9840127897681855 0.8638412984670875 0.9992006394884093 0.871956717763751 0.9992006394884093 0.8773669972948602 0.9840127897681855 0.8773669972948602 0.9776179056754596 0.8746618575293057 0.9704236610711432 0.8597835888187556 0.9552358113509193 0.8548241659152389 0.9544364508393286 0.8534715960324617 0.9568345323741008 0.8480613165013525 0.9768185451638689 0.8485121731289451 0.9840127897681855
0 0 0.24940047961630699 0.007664562669071236 0.24860111910471622 0.010820559062218215 0.24460431654676262 0.015329125338142471 0.21662669864108713 0.012623985572587917 0.2094324540367706 0.0031559963931469793 0.2070343725019984 0 0.20863309352517986 0 0.24940047961630699
0 0.9431920649233544 0.91207034372502 0.9594229035166817 0.9280575539568345 0.9634806131650135 0.9256594724220625 0.9693417493237151 0.9040767386091128 0.9598737601442742 0.8832933653077538 0.9558160504959423 0.8800959232613909 0.9504057709648331 0.8808952837729817 0.9449954914337241 0.885691446842526 0.9404869251577999 0.8968824940047961 0.9400360685302074 0.9040767386091128 0.9431920649233544 0.91207034372502
0 0.28584310189359785 0.8705035971223022 0.2993688007213706 0.8840927258193446 0.3043282236248873 0.885691446842526 0.30703336339044185 0.8832933653077538 0.30613165013525695 0.8752997601918465 0.29981965734896304 0.8665067945643485 0.29260595130748424 0.8609112709832134 0.28584310189359785 0.859312549960032 0.28403967538322816 0.8657074340527579 0.28584310189359785 0.8705035971223022
0 0.4810640216411181 0.704236610711431 0.5036068530207394 0.7210231814548362 0.5058611361587015 0.7194244604316546 0.5121731289449956 0.7026378896882494 0.5126239855725879 0.6914468425259792 0.5108205590622182 0.6874500399680257 0.49098286744815145 0.6674660271782575 0.4860234445446348 0.6674660271782575 0.48016230838593327 0.6850519584332534 0.4792605951307485 0.6994404476418865 0.4810640216411181 0.704236610711431
0 0.27547339945897203 0.5139888089528377 0.2795311091073039 0.5203836930455635 0.28809738503155996 0.5267785771382895 0.2993688007213706 0.5395683453237411 0.30387736699729484 0.5363709032773781 0.30793507664562675 0.5227817745803358 0.30793507664562675 0.5083932853717026 0.2862939585211903 0.486810551558753 0.2822362488728584 0.486810551558753 0.27862939585211904 0.4908073541167067 0.2750225428313796 0.5035971223021583 0.27547339945897203 0.5139888089528377
0 0.6807935076645627 0.7418065547561951 0.6952209197475203 0.7577937649880097 0.6997294860234445 0.7577937649880097 0.7069431920649234 0.7474020783373301 0.7100991884580703 0.7378097521982414 0.7128043282236249 0.7194244604316546 0.7114517583408476 0.7146282973621104 0.69702434625789 0.6994404476418865 0.6862037871956718 0.6938449240607514 0.6816952209197475 0.701039168665068 0.6740306582506763 0.7242206235011991 0.6744815148782687 0.7330135891286971 0.6807935076645627 0.7418065547561951
0 0.260595130748422 0.381294964028777 0.2781785392245266 0.398880895283773 0.28268710550045084 0.3980815347721823 0.2894499549143373 0.37969624300559557 0.2862939585211903 0.3661071143085532 0.28268710550045084 0.3597122302158273 0.2763751127141569 0.354916067146283 0.2660054102795311 0.3525179856115108 0.25969341749323716 0.36530775379696245 0.2587917042380523 0.3749000799360512 0.260595130748422 0.381294964028777
0 0.3701532912533814 0.4636290967226219 0.37376014427412085 0.46442845723421267 0.3805229936880072 0.4532374100719425 0.3859332732191163 0.43165467625899284 0.3859332732191163 0.4244604316546763 0.37736699729486023 0.4140687450039968 0.3710550045085663 0.41247002398081534 0.36113615870153287 0.4420463629096723 0.3606853020739405 0.4524380495603517 0.3701532912533814 0.4636290967226219
0 0.24752028854824168 0.8936850519584333 0.2569882777276826 0.9024780175859313 0.26284941388638416 0.897681854516387 0.26645626690712354 0.8816946442845724 0.26645626690712354 0.876898481215028 0.26375112714156895 0.8721023181454837 0.2515779981965735 0.862509992006395 0.24706943192064923 0.8641087130295764 0.24346257889990983 0.8721023181454837 0.2412082957619477 0.8800959232613909 0.24752028854824168 0.8936850519584333
0 0.40396753832281335 0.6354916067146283 0.4125338142470695 0.6442845723421263 0.41794409377817854 0.645083932853717 0.42200180342651034 0.6330935251798562 0.4247069431920649 0.6147082334132695 0.42200180342651034 0.6107114308553158 0.412082957619477 0.60431654676259 0.40622182146077546 0.60431654676259 0.4030658250676285 0.6091127098321344 0.4003606853020739 0.6211031175059952 0.4003606853020739 0.6298960831334932 0.40396753832281335 0.6354916067146283
0 0.5919747520288549 0.1950439648281375 0.5951307484220018 0.1950439648281375 0.5996393146979261 0.18625099920063948 0.5987376014427412 0.1750599520383693 0.5874661857529305 0.16386890487609912 0.5816050495942291 0.16386890487609912 0.5793507664562669 0.17186250999200642 0.5788999098286746 0.1830535571542766 0.5919747520288549 0.1950439648281375
0 0.8155996393146979 0.5635491606714629 0.8313796212804329 0.5787370103916867 0.8417493237150586 0.5851318944844125 0.8494138863841298 0.5803357314148682 0.8570784490532011 0.5539568345323741 0.8566275924256087 0.5475619504396483 0.8525698827772769 0.5363709032773781 0.8358881875563571 0.5227817745803358 0.8300270513976555 0.5243804956035172 0.8255184851217313 0.5331734612310152 0.8201082055906221 0.5387689848121503 0.8174030658250677 0.5459632294164669 0.8146979260595131 0.5579536370903277 0.8155996393146979 0.5635491606714629
0 0.11406672678088368 0.3764988009592326 0.12037871956717765 0.3836930455635492 0.1280432822362489 0.3844924060751399 0.13255184851217314 0.3741007194244605 0.13119927862939584 0.36850519584332536 0.12308385933273219 0.3613109512390088 0.11857529305680793 0.3597122302158273 0.1145175834084761 0.3645083932853717 0.11316501352569883 0.36930455635491605 0.11406672678088368 0.3764988009592326
0 0.6041478809738504 0.2949640287769784 0.6095581605049595 0.29896083133493206 0.6136158701532913 0.2973621103117506 0.6158701532912535 0.29256594724220625 0.6163210099188459 0.28936850519584334 0.6109107303877367 0.2821742605915268 0.60595130748422 0.27817745803357313 0.6018935978358882 0.2797761790567546 0.6014427412082958 0.2877697841726619 0.6041478809738504 0.2949640287769784
0 0.30297565374211 0.8673061550759393 0.30748422001803427 0.8689048760991207 0.31109107303877365 0.8665067945643485 0.31109107303877365 0.862509992006395 0.30883678990081154 0.8585131894484412 0.2975653742110009 0.844924060751399 0.28990081154192965 0.8409272581934453 0.28764652840396754 0.8433253397282174 0.28809738503155996 0.8553157474020784 0.30297565374211 0.8673061550759393
0 0.3169522091974752 0.9432454036770584 0.33498647430117223 0.959232613908873 0.3412984670874662 0.9456434852118306 0.32461677186654647 0.9280575539568345 0.3165013525698828 0.9264588329336532 0.3151487826871055 0.9288569144684253 0.3146979260595131 0.938449240607514 0.3169522091974752 0.9432454036770584
0 0.19612263300270513 0.47322142286171065 0.19927862939585214 0.4740207833733014 0.20243462578899912 0.47002398081534774 0.20784490532010821 0.4556354916067146 0.20784490532010821 0.44844124700239807 0.20649233543733095 0.4452438049560352 0.1988277727682597 0.4372501998401279 0.1934174932371506 0.4348521183053557 0.18890892696122633 0.4356514788169465 0.18440036068530208 0.44924060751398887 0.1848512173128945 0.46203037569944044 0.19612263300270513 0.47322142286171065
0 0.9111812443642923 0.21982414068745004 0.9188458070333634 0.22621902478017586 0.9233543733092877 0.2270183852917666 0.9283137962128044 0.21582733812949642 0.9323715058611362 0.19744204636290968 0.9278629395852119 0.18465227817745802 0.9201983769161407 0.17665867306155078 0.9147880973850315 0.17426059152677859 0.9125338142470695 0.1774580335731415 0.9066726780883679 0.19904076738609114 0.9066726780883679 0.21103117505995203 0.9111812443642923 0.21982414068745004
0 0.9454463480613166 0.9816147082334133 0.9558160504959423 0.9888089528377298 0.9603246167718665 0.9896083133493206 0.9630297565374212 0.9872102318145485 0.963931469792606 0.9712230215827339 0.967087466185753 0.959232613908873 0.9666366095581606 0.9560351718625101 0.9612263300270514 0.9496402877697842 0.9589720468890893 0.9400479616306955 0.9562669071235348 0.9376498800959233 0.9531109107303878 0.9392486011191048 0.9449954914337241 0.9632294164668266 0.9422903516681695 0.9744204636290967 0.9454463480613166 0.9816147082334133
0 0.6163210099188459 0.7050359712230216 0.6226330027051398 0.7074340527577938 0.6424706943192064 0.7242206235011991 0.6474301172227231 0.7210231814548362 0.6510369702434625 0.7074340527577938 0.6505861136158702 0.6970423661071143 0.6478809738503156 0.6914468425259792 0.6330027051397656 0.6778577138289369 0.6253381424706943 0.6738609112709832 0.6230838593327321 0.6730615507593926 0.6194770063119928 0.6770583533173462 0.6154192966636609 0.6946442845723421 0.6149684400360685 0.7026378896882494 0.6163210099188459 0.7050359712230216
0 0.8746618575293057 0.5395683453237411 0.8877366997294861 0.5531574740207834 0.89404869251578 0.5523581135091926 0.8994589720468892 0.5331734612310152 0.8949504057709649 0.5139888089528377 0.8845807033363391 0.5051958433253397 0.8800721370604149 0.5115907274180655 0.8755635707844905 0.5259792166266987 0.8742110009017132 0.5315747402078338 0.8746618575293057 0.5395683453237411
0 0.6992786293958522 0.36850519584332536 0.7263300270513976 0.39488409272581937 0.7308385933273219 0.39648281374900085 0.7389540126239856 0.3764988009592326 0.739404869251578 0.37250199840127896 0.7380522993688007 0.37010391686650684 0.7100991884580703 0.34532374100719426 0.7028854824165914 0.3405275779376499 0.6983769161406672 0.3405275779376499 0.6965734896302976 0.3445243804956035 0.6961226330027052 0.3597122302158273 0.6992786293958522 0.36850519584332536
0 0.7799819657348963 0.9920063948840928 0.7889990982867447 0.9992006394884093 0.7975653742110009 0.9992006394884093 0.7989179440937783 0.9960031974420465 0.7989179440937783 0.9840127897681855 0.7899008115419297 0.973621103117506 0.7862939585211903 0.9656274980015987 0.7822362488728585 0.9624300559552359 0.7754733994589721 0.9696243005595524 0.7745716862037872 0.9816147082334133 0.7799819657348963 0.9920063948840928
0 0.23760144274120829 0.8824940047961631 0.2412082957619477 0.8808952837729817 0.24616771866546439 0.8609112709832134 0.23850315599639313 0.8441247002398081 0.23354373309287646 0.8409272581934453 0.22723174030658252 0.8481215027977619 0.22227231740306583 0.8657074340527579 0.2231740306582507 0.8752997601918465 0.23760144274120829 0.8824940047961631
0 0.5256988277727683 0.9992006394884093 0.5653742110009017 0.9992006394884093 0.5662759242560865 0.9944044764188649 0.5450856627592425 0.9800159872102319 0.5329125338142471 0.9680255795363709 0.5293056807935077 0.9672262190247802 0.5256988277727683 0.9704236610711432 0.5234445446348062 0.9776179056754596 0.5225428313796213 0.9904076738609113 0.5256988277727683 0.9992006394884093
0 0.2339945897204689 0.354916067146283 0.24526600541027954 0.35891286970423664 0.25067628494138866 0.34612310151878495 0.25022542831379624 0.34212629896083135 0.24165915238954014 0.32933653077537967 0.23264201983769162 0.32773780975219824 0.2285843101893598 0.33253397282174263 0.22678088367899008 0.3445243804956035 0.2339945897204689 0.354916067146283
0 0.6154192966636609 0.9008792965627499 0.6321009918845808 0.9184652278177459 0.6406672678088369 0.9216626698641087 0.6438232642019839 0.9176658673061552 0.6442741208295762 0.9112709832134293 0.6420198376916141 0.906474820143885 0.6235347159603246 0.8864908073541167 0.6190261496844004 0.8840927258193446 0.6154192966636609 0.8896882494004797 0.6140667267808837 0.8936850519584333 0.6154192966636609 0.9008792965627499
0 0.5703336339044184 0.8281374900079936 0.5793507664562669 0.8361310951239008 0.584761045987376 0.8441247002398081 0.5991884580703336 0.8553157474020784 0.6055004508566276 0.8553157474020784 0.6100090171325518 0.8441247002398081 0.6104598737601443 0.8377298161470824 0.609107303877367 0.832933653077538 0.5991884580703336 0.82414068745004 0.5892696122633003 0.8105515587529977 0.5779981965734896 0.8025579536370904 0.5743913435527502 0.8025579536370904 0.5685302073940487 0.8161470823341327 0.5685302073940487 0.82414068745004 0.5703336339044184 0.8281374900079936
0 0.11496844003606854 0.007993605115907274 0.11947700631199279 0.015187849720223821 0.12984670874661858 0.024780175859312553 0.1339044183949504 0.02557953637090328 0.1406672678088368 0.007194244604316547 0.14156898106402163 0 0.11361587015329126 0.001598721023181455 0.11496844003606854 0.007993605115907274
0 0.7069431920649234 0.3181454836131095 0.7443642921550947 0.35091926458832934 0.7479711451758341 0.35091926458832934 0.7520288548241659 0.3445243804956035 0.7529305680793508 0.3341326938449241 0.7515779981965736 0.32933653077537967 0.7317403065825068 0.31254996003197444 0.7209197475202885 0.2981614708233413 0.7100991884580703 0.293365307753797 0.7055906221821461 0.302158273381295 0.7046889089269612 0.3133493205435652 0.7069431920649234 0.3181454836131095
0 0.6149684400360685 0.9560351718625101 0.6185752930568079 0.9624300559552359 0.6298467087466186 0.9720223820943246 0.633453561767358 0.9672262190247802 0.6357078449053201 0.9568345323741008 0.6339044183949504 0.9456434852118306 0.6235347159603246 0.9416466826538769 0.6185752930568079 0.9448441247002399 0.6172227231740307 0.9536370903277379 0.6149684400360685 0.9560351718625101
0 0.10054102795311091 0.9992006394884093 0.1266907123534716 0.9992006394884093 0.12984670874661858 0.9744204636290967 0.11992786293958521 0.9560351718625101 0.10234445446348062 0.9408473221422862 0.10009017132551848 0.9456434852118306 0.09783588818755636 0.9640287769784173 0.09693417493237151 0.9864108713029576 0.10054102795311091 0.9992006394884093
0 0.7335437330928765 0.5491606714628298 0.7484220018034266 0.5635491606714629 0.7533814247069431 0.565947242206235 0.7556357078449053 0.565947242206235 0.75834084761046 0.5619504396482814 0.7651036970243462 0.542765787370104 0.7651036970243462 0.5363709032773781 0.7448151487826871 0.5195843325339728 0.7380522993688007 0.5235811350919265 0.7339945897204688 0.533972821742606 0.7321911632100992 0.542765787370104 0.7335437330928765 0.5491606714628298
0 0.8047790802524797 0.595523581135092 0.8160504959422903 0.6083133493205436 0.8313796212804329 0.6211031175059952 0.8381424706943192 0.6139088729016786 0.8431018935978359 0.5963229416466826 0.8422001803426511 0.5859312549960032 0.8318304779080252 0.5795363709032775 0.8178539224526601 0.565947242206235 0.8137962128043282 0.5643485211830536 0.8101893597835889 0.5691446842525979 0.8034265103697025 0.5875299760191847 0.8047790802524797 0.595523581135092
0 0.9702434625789 0.6610711430855316 0.9774571686203787 0.6690647482014389 0.9806131650135257 0.6698641087130296 0.9846708746618575 0.6666666666666666 0.9878268710550046 0.657074340527578 0.9891794409377818 0.6474820143884892 0.9882777276825969 0.6442845723421263 0.9797114517583408 0.6354916067146283 0.9738503155996393 0.6354916067146283 0.9711451758340848 0.6410871302957634 0.9693417493237151 0.6538768984812151 0.9702434625789 0.6610711430855316
0 0.7899008115419297 0.8824940047961631 0.7993688007213706 0.8896882494004797 0.8038773669972948 0.8872901678657075 0.8101893597835889 0.8665067945643485 0.809287646528404 0.862509992006395 0.8038773669972948 0.8553157474020784 0.7939585211902616 0.8473221422861711 0.7889990982867447 0.8473221422861711 0.7831379621280433 0.859312549960032 0.7831379621280433 0.8729016786570745 0.7899008115419297 0.8824940047961631