0 0.5541027953110911 0.18864908073541167 0.5653742110009017 0.17985611510791366 0.5982867448151488 0.16147082334132695 0.6036970243462578 0.15587529976019188 0.6045987376014428 0.14548361310951238 0.6023444544634806 0.13509192645883294 0.5982867448151488 0.12709832134292565 0.5951307484220018 0.12470023980815349 0.5883678990081154 0.1334932054356515 0.5748422001803427 0.13908872901678657 0.5680793507664563 0.14628297362110312 0.5527502254283138 0.1566746602717826 0.5482416591523895 0.1630695443645084 0.5500450856627592 0.1838529176658673 0.5541027953110911 0.18864908073541167
0 0.9355275022542832 0.2014388489208633 0.9413886384129847 0.22541966426858515 0.9454463480613166 0.2501998401278977 0.95536519386835 0.2829736211031175 0.960775473399459 0.2829736211031175 0.9738503155996393 0.27577937649880097 0.9878268710550046 0.26618705035971224 0.9959422903516681 0.25739408473221426 0.9963931469792606 0.24860111910471622 0.9918845807033364 0.2126298960831335 0.9851217312894499 0.1894484412470024 0.9806131650135257 0.15987210231814547 0.9706943192064924 0.12390087929656275 0.9702434625789 0.11750599520383694 0.9643823264201984 0.12709832134292565 0.960775473399459 0.1278976818545164 0.9562669071235348 0.1334932054356515 0.9296663660955816 0.14228617106314947 0.9274120829576196 0.14548361310951238 0.926961226330027 0.1542765787370104 0.9355275022542832 0.2014388489208633
0 0.5293056807935077 0.06314948041566747 0.5468890892696122 0.055155875299760196 0.5491433724075744 0.05595523581135092 0.5500450856627592 0.060751398880895285 0.5532010820559062 0.059952038369304565 0.560414788097385 0.045563549160671464 0.5784490532010821 0.03756994404476419 0.5807033363390443 0.032773780975219824 0.5807033363390443 0.02877697841726619 0.5779981965734896 0.01278976818545164 0.5743913435527502 0.007194244604316547 0.5703336339044184 0.007194244604316547 0.5572587917042381 0.01278976818545164 0.5504959422903517 0.019184652278177457 0.5329125338142471 0.024780175859312553 0.5293056807935077 0.029576338928856916 0.5302073940486925 0.0319744204636291 0.5288548241659152 0.03437250199840128 0.5216411181244364 0.04396482813749002 0.5220919747520288 0.05355715427657874 0.5293056807935077 0.06314948041566747
0 0.9562669071235348 0.5627498001598722 0.958521190261497 0.5683453237410072 0.9621280432822362 0.5699440447641887 0.9945897204688909 0.5499600319744204 0.9972948602344455 0.5467625899280576 0.9977457168620378 0.542765787370104 0.9945897204688909 0.5227817745803358 0.9909828674481516 0.5099920063948842 0.9869251577998197 0.5099920063948842 0.9517583408476105 0.5331734612310152 0.9513074842200181 0.5371702637889688 0.9562669071235348 0.5627498001598722
0 0.6821460775473399 0.7585931254996003 0.6857529305680793 0.7721822541966427 0.6884580703336339 0.7761790567545964 0.6929666366095582 0.7761790567545964 0.7119026149684401 0.765787370103917 0.7200180342651037 0.756994404476419 0.7186654643823265 0.7402078337330137 0.7110009017132553 0.7162270183852918 0.7114517583408476 0.709832134292566 0.706492335437331 0.6994404476418865 0.6979260595130748 0.7018385291766587 0.6853020739404869 0.7114308553157473 0.6780883678990081 0.7130295763389289 0.675834084761046 0.7162270183852918 0.6753832281334536 0.7202238209432456 0.6821460775473399 0.7585931254996003
0 0.5477908025247972 0.14308553157474022 0.5532010820559062 0.13589128697042366 0.5581605049594229 0.13509192645883294 0.5788999098286746 0.12150279776179057 0.5843101893597836 0.12070343725019984 0.5937781785392245 0.1135091926458833 0.5960324616771866 0.10551558752997602 0.5919747520288549 0.08633093525179857 0.587917042380523 0.08073541167066348 0.5834084761045988 0.08792965627498003 0.5743913435527502 0.09192645883293366 0.5622182146077548 0.10311750599520383 0.5473399458972047 0.10951239008792966 0.542380522993688 0.11590727418065548 0.542380522993688 0.1366906474820144 0.5477908025247972 0.14308553157474022
0 0.8133453561767359 0.4420463629096723 0.8192064923354373 0.4596322941646683 0.8219116321009919 0.46203037569944044 0.8638412984670875 0.4396482813749001 0.9233543733092877 0.3996802557953637 0.9355275022542832 0.39488409272581937 0.9661857529305681 0.3756994404476419 0.9846708746618575 0.36211031175059955 0.9909828674481516 0.35331734612310156 0.9995491433724076 0.34852118305355717 0.9995491433724076 0.293365307753797 0.9945897204688909 0.29416466826538773 0.9729486023444545 0.3069544364508393 0.9053201082055906 0.35331734612310156 0.8904418394950405 0.3605115907274181 0.8814247069431921 0.36850519584332536 0.8512173128944995 0.38609112709832133 0.8363390441839494 0.39728217426059154 0.8286744815148782 0.407673860911271 0.8119927862939585 0.4180655475619504 0.8106402164111812 0.425259792166267 0.8133453561767359 0.4420463629096723
0 0.5302073940486925 0.09192645883293366 0.5401262398557259 0.10711430855315748 0.5437330928764653 0.10711430855315748 0.5468890892696122 0.09832134292565947 0.5554553651938684 0.0903277378097522 0.5770964833183048 0.07913669064748202 0.5793507664562669 0.07913669064748202 0.5811541929666366 0.08233413269384492 0.5838593327321911 0.0783373301358913 0.5883678990081154 0.07673860911270983 0.5883678990081154 0.06634692246203039 0.5852119026149685 0.05275779376498801 0.5816050495942291 0.04716227018385292 0.5775473399458972 0.04716227018385292 0.5671776375112715 0.05675459632294165 0.5311091073038774 0.07913669064748202 0.5288548241659152 0.08313349320543566 0.5302073940486925 0.09192645883293366
0 0.7191163210099188 0.7370103916866507 0.7218214607754734 0.7466027178257394 0.7303877366997296 0.7577937649880097 0.7826871055004508 0.7298161470823342 0.7880973850315599 0.7242206235011991 0.7894499549143373 0.7202238209432456 0.7862939585211903 0.697841726618705 0.7795311091073039 0.6770583533173462 0.7687105500450856 0.6682653876898482 0.7231740306582507 0.6930455635491607 0.7182146077547341 0.6994404476418865 0.715960324616772 0.7066346922462031 0.7155094679891795 0.7146282973621104 0.7191163210099188 0.7370103916866507
0 0.6357078449053201 0.64828137490008 0.6402164111812444 0.6770583533173462 0.6474301172227231 0.7082334132693845 0.6501352569882777 0.7122302158273383 0.6857529305680793 0.6938449240607514 0.7123534715960325 0.6866506794564349 0.729936880072137 0.6754596322941646 0.7344454463480614 0.6690647482014389 0.7542831379621281 0.6602717825739409 0.7727682596934174 0.6474820143884892 0.7754733994589721 0.6410871302957634 0.7745716862037872 0.6250999200639489 0.7718665464382326 0.6099120703437251 0.7660054102795312 0.5891286970423661 0.7619477006311993 0.5675459632294165 0.7592425608656448 0.5603517186250999 0.7565374211000901 0.5579536370903277 0.7475202885482417 0.5603517186250999 0.7218214607754734 0.5771382893685052 0.6816952209197475 0.5979216626698641 0.6753832281334536 0.6035171862509993 0.6717763751127143 0.5987210231814549 0.6690712353471596 0.5875299760191847 0.6641118124436429 0.5835331734612311 0.6528403967538323 0.5915267785771383 0.6456266907123535 0.6003197442046363 0.6293958521190262 0.6107114308553158 0.6298467087466186 0.6227018385291766 0.6357078449053201 0.64828137490008
0 0.5987376014427412 0.47002398081534774 0.6050495942290353 0.4948041566746603 0.6086564472497746 0.49800159872102323 0.6176735798016231 0.495603517186251 0.6253381424706943 0.48840927258193445 0.6483318304779081 0.47801758593125504 0.6568981064021642 0.47002398081534774 0.6614066726780884 0.469224620303757 0.6636609558160506 0.4660271782573941 0.6645626690712354 0.45643485211830537 0.6645626690712354 0.44844124700239807 0.6582506762849414 0.425259792166267 0.6510369702434625 0.4140687450039968 0.6442741208295762 0.4212629896083134 0.6325518485121732 0.4268585131894485 0.6185752930568079 0.4372501998401279 0.6064021641118125 0.44124700239808157 0.6000901713255185 0.4396482813749001 0.5978358881875564 0.442845723421263 0.5964833183047792 0.4524380495603517 0.5987376014427412 0.47002398081534774
0 0.6780883678990081 0.4940047961630696 0.6812443642921551 0.5211830535571543 0.6920649233543733 0.5515587529976019 0.7046889089269612 0.5507593924860112 0.7511271415689811 0.5235811350919265 0.7515779981965736 0.5139888089528377 0.7457168620378719 0.4740207833733014 0.742560865644725 0.46522781774580335 0.7412082957619477 0.4532374100719425 0.7312894499549144 0.4100719424460432 0.7272317403065826 0.40687450039968026 0.6717763751127143 0.4348521183053557 0.6686203787195673 0.4396482813749001 0.6686203787195673 0.4508393285371703 0.6780883678990081 0.4940047961630696