0 0.5559062218214608 0.8409272581934453 0.5707844905320109 0.8393285371702638 0.5784490532010821 0.8433253397282174 0.5861136158701533 0.8433253397282174 0.5915238954012624 0.841726618705036 0.5955816050495942 0.8361310951239008 0.5955816050495942 0.8105515587529977 0.5897204688908927 0.806554756195044 0.5852119026149685 0.8001598721023181 0.563570784490532 0.8001598721023181 0.5572587917042381 0.8049560351718625 0.5536519386834987 0.8177458033573143 0.5532010820559062 0.8361310951239008 0.5559062218214608 0.8409272581934453
0 0.4436429215509468 0.7106314948041567 0.45852119026149685 0.7138289368505196 0.46528403967538323 0.7122302158273383 0.46844003606853024 0.7066346922462031 0.46844003606853024 0.6858513189448442 0.4657348963029757 0.6754596322941646 0.4630297565374211 0.6714628297362111 0.44274120829576197 0.6706634692246204 0.4368800721370604 0.6786570743405277 0.4355275022542831 0.6842525979216627 0.4355275022542831 0.7026378896882494 0.4436429215509468 0.7106314948041567
0 0.6149684400360685 0.7154276578737011 0.6226330027051398 0.7202238209432456 0.6339044183949504 0.7210231814548362 0.6375112714156899 0.718625099920064 0.639765554553652 0.7090327737809753 0.639765554553652 0.6850519584332534 0.6384129846708747 0.6786570743405277 0.6343552750225429 0.6722621902478018 0.6307484220018034 0.6706634692246204 0.6140667267808837 0.6682653876898482 0.6122633002705139 0.6714628297362111 0.6118124436429215 0.6882494004796164 0.6149684400360685 0.7154276578737011
0 0.02164111812443643 0.6754596322941646 0.03606853020739405 0.6778577138289369 0.04328223624887286 0.6762589928057555 0.04733994589720469 0.6650679456434853 0.046889089269612265 0.657074340527578 0.04418394950405771 0.6554756195043965 0.0175834084761046 0.6522781774580336 0.01442741208295762 0.6538768984812151 0.01442741208295762 0.6714628297362111 0.02164111812443643 0.6754596322941646
0 0.04643823264201984 0.7617905675459633 0.05725879170423805 0.7609912070343725 0.061316501352569885 0.7521982414068745 0.06266907123534717 0.7442046362909672 0.059963931469792606 0.7274180655475619 0.0509467989179441 0.7218225419664269 0.04643823264201984 0.7250199840127898 0.043733092876465283 0.7474020783373301 0.04643823264201984 0.7617905675459633
0 0.1825969341749324 0.33013589128697046 0.23038773669972948 0.3333333333333333 0.23489630297565375 0.3317346123101519 0.23850315599639313 0.32693844924060755 0.23850315599639313 0.31974420463629094 0.23489630297565375 0.3069544364508393 0.2339945897204689 0.293365307753797 0.23083859332732193 0.2885691446842526 0.1834986474301172 0.28457234212629895 0.18079350766456267 0.29176658673061556 0.17944093778178538 0.3237410071942446 0.1825969341749324 0.33013589128697046
0 0.06357078449053201 0.64828137490008 0.06537421100090171 0.6538768984812151 0.07980162308385934 0.6554756195043965 0.08476104598737601 0.6514788169464429 0.08566275924256087 0.6338928856914469 0.08115419296663662 0.6195043964828137 0.06988277727682597 0.6179056754596324 0.06762849413886383 0.6195043964828137 0.06492335437330929 0.6282973621103117 0.06357078449053201 0.6330935251798562 0.06357078449053201 0.64828137490008
0 0.436429215509468 0.9992006394884093 0.45852119026149685 0.9992006394884093 0.4580703336339044 0.9848121502797762 0.45536519386834984 0.9792166266986412 0.45356176735798015 0.9680255795363709 0.44454463480613166 0.9656274980015987 0.43507664562669074 0.9664268585131894 0.4346257889990983 0.9944044764188649 0.436429215509468 0.9992006394884093
0 0.47385031559963936 0.8137490007993605 0.506311992786294 0.8169464428457234 0.5090171325518486 0.8113509192645884 0.5076645626690712 0.806554756195044 0.5 0.8017585931254997 0.4806131650135257 0.7993605115907274 0.47249774571686204 0.8033573141486812 0.4711451758340848 0.809752198241407 0.47385031559963936 0.8137490007993605
0 0.5045085662759243 0.7929656274980017 0.5054102795311091 0.7897681854516387 0.5040577096483319 0.7897681854516387 0.5045085662759243 0.7929656274980017
0 0.10234445446348062 0.6163069544364509 0.12263300270513977 0.6187050359712231 0.13570784490532012 0.6163069544364509 0.13570784490532012 0.5979216626698641 0.13255184851217314 0.5915267785771383 0.11767357980162309 0.5899280575539568 0.11316501352569883 0.5939248601119105 0.10820559062218214 0.5915267785771383 0.10144274120829576 0.5915267785771383 0.09963931469792607 0.5939248601119105 0.09873760144274121 0.6059152677857713 0.10234445446348062 0.6163069544364509
0 0.14743011722272317 0.8033573141486812 0.1532912533814247 0.809752198241407 0.16411181244364292 0.8129496402877698 0.17177637511271418 0.8121502797761792 0.17357980162308384 0.8017585931254997 0.17177637511271418 0.7681854516386891 0.1510369702434626 0.762589928057554 0.14652840396753833 0.765787370103917 0.1460775473399459 0.797761790567546 0.14743011722272317 0.8033573141486812
0 0.06898106402164111 0.7593924860111911 0.07303877366997295 0.7617905675459633 0.08160504959422904 0.7617905675459633 0.08385933273219116 0.7585931254996003 0.08431018935978359 0.7410071942446044 0.08340847610459873 0.7330135891286971 0.08160504959422904 0.7298161470823342 0.06402164111812444 0.7290167865707434 0.06447249774571685 0.7474020783373301 0.06898106402164111 0.7593924860111911
0 0.011722272317403066 0.7825739408473221 0.03201082055906222 0.7889688249400479 0.03787195671776375 0.7857713828936851 0.03967538322813345 0.7617905675459633 0.0351668169522092 0.7490007993605117 0.015329125338142471 0.7442046362909672 0.009467989179440937 0.753796962430056 0.009918845807033363 0.7769784172661871 0.011722272317403066 0.7825739408473221
0 0.4657348963029757 0.9992006394884093 0.4981965734896303 0.9992006394884093 0.4977457168620379 0.9928057553956835 0.49368800721370604 0.9872102318145485 0.4743011722272317 0.9840127897681855 0.4661857529305681 0.9840127897681855 0.4643823264201984 0.9872102318145485 0.4643823264201984 0.9960031974420465 0.4657348963029757 0.9992006394884093
0 0.47475202885482415 0.6986410871302958 0.4882777276825969 0.697841726618705 0.48963029756537424 0.6786570743405277 0.48647430117222723 0.6682653876898482 0.4806131650135257 0.6650679456434853 0.47700631199278626 0.6658673061550759 0.47385031559963936 0.6746602717825739 0.47339945897204694 0.6962430055955237 0.47475202885482415 0.6986410871302958
0 0.3507664562669071 0.9992006394884093 0.351668169522092 0.9888089528377298 0.3489630297565374 0.9808153477218226 0.3331830477908025 0.973621103117506 0.3313796212804328 0.973621103117506 0.33047790802524796 0.9776179056754596 0.3300270513976556 0.9992006394884093 0.3507664562669071 0.9992006394884093
0 0.49864743011722273 0.657074340527578 0.4981965734896303 0.6922462030375699 0.5004508566275925 0.7050359712230216 0.5090171325518486 0.7090327737809753 0.5148782687105501 0.7074340527577938 0.5166816952209198 0.6970423661071143 0.5171325518485121 0.6802557953637091 0.5162308385933273 0.6378896882494005 0.5085662759242561 0.6338928856914469 0.48737601442741213 0.6370903277378098 0.48737601442741213 0.6490807354116707 0.49864743011722273 0.657074340527578
0 0.0951307484220018 0.6722621902478018 0.12218214607754734 0.6770583533173462 0.1266907123534716 0.6762589928057555 0.1280432822362489 0.6730615507593926 0.12578899909828675 0.6602717825739409 0.12218214607754734 0.6538768984812151 0.10009017132551848 0.6490807354116707 0.09422903516681697 0.6498800959232613 0.09242560865644725 0.6546762589928058 0.09197475202885483 0.6666666666666666 0.0951307484220018 0.6722621902478018
0 0.08385933273219116 0.9856115107913669 0.0951307484220018 0.9888089528377298 0.11947700631199279 0.9896083133493206 0.12173128944995491 0.9848121502797762 0.12218214607754734 0.9616306954436452 0.12037871956717765 0.9584332533972821 0.08476104598737601 0.9552358113509193 0.08160504959422904 0.9632294164668266 0.08160504959422904 0.9840127897681855 0.08385933273219116 0.9856115107913669