0 0.7448151487826871 0.7498001598721024 0.7488728584310189 0.7521982414068745 0.75834084761046 0.7521982414068745 0.7633002705139765 0.748201438848921 0.7642019837691614 0.7354116706634692 0.7610459873760144 0.7226219024780176 0.7484220018034266 0.7194244604316546 0.7434625788999099 0.7194244604316546 0.7407574391343553 0.7226219024780176 0.7407574391343553 0.7394084732214229 0.7448151487826871 0.7498001598721024
0 0.958521190261497 0.991207034372502 0.9616771866546439 0.9840127897681855 0.9616771866546439 0.9608313349320544 0.9580703336339044 0.9448441247002399 0.9540126239855725 0.9408473221422862 0.9454463480613166 0.9408473221422862 0.9422903516681695 0.9440447641886491 0.9422903516681695 0.991207034372502 0.958521190261497 0.991207034372502
0 0.8503155996393147 0.709832134292566 0.8548241659152389 0.7074340527577938 0.8552750225428314 0.6922462030375699 0.8521190261496844 0.6842525979216627 0.8381424706943192 0.6778577138289369 0.8228133453561768 0.6778577138289369 0.8205590622182147 0.6802557953637091 0.8210099188458071 0.7058353317346123 0.8503155996393147 0.709832134292566
0 0.7421100090171326 0.7130295763389289 0.7633002705139765 0.7154276578737011 0.7696122633002704 0.7146282973621104 0.7718665464382326 0.7114308553157473 0.7673579801623084 0.6866506794564349 0.7642019837691614 0.6818545163868905 0.7407574391343553 0.6810551558752997 0.7376014427412083 0.6874500399680257 0.7366997294860235 0.6946442845723421 0.7371505861136158 0.7090327737809753 0.7421100090171326 0.7130295763389289
0 0.8593327321911632 0.8001598721023181 0.872858431018936 0.8017585931254997 0.8796212804328223 0.8001598721023181 0.8814247069431921 0.7969624300559552 0.8800721370604149 0.7825739408473221 0.8782687105500451 0.78017585931255 0.8597835888187556 0.7793764988009593 0.8575293056807936 0.7825739408473221 0.8570784490532011 0.7969624300559552 0.8593327321911632 0.8001598721023181
0 0.8101893597835889 0.973621103117506 0.8286744815148782 0.9752198241406874 0.8309287646528404 0.9696243005595524 0.8318304779080252 0.9584332533972821 0.8358881875563571 0.9528377298161471 0.836789900811542 0.9480415667466028 0.836789900811542 0.9416466826538769 0.8331830477908025 0.9256594724220625 0.8295761947700632 0.9224620303756994 0.8142470694319207 0.9216626698641087 0.8106402164111812 0.9360511590727418 0.8083859332732191 0.9704236610711432 0.8101893597835889 0.973621103117506
0 0.7547339945897205 0.8689048760991207 0.7673579801623084 0.8697042366107114 0.7709648331830479 0.8577138289368506 0.770063119927863 0.8489208633093526 0.7655545536519388 0.8441247002398081 0.7551848512173129 0.8457234212629897 0.7515779981965736 0.8513189448441247 0.7515779981965736 0.8657074340527579 0.7547339945897205 0.8689048760991207
0 0.19702434625788998 0.7298161470823342 0.19927862939585214 0.7322142286171064 0.23038773669972948 0.7298161470823342 0.23354373309287646 0.7242206235011991 0.23264201983769162 0.7058353317346123 0.22768259693417492 0.6962430055955237 0.1988277727682597 0.6986410871302958 0.1956717763751127 0.704236610711431 0.1956717763751127 0.7242206235011991 0.19702434625788998 0.7298161470823342
0 0.8688007213706042 0.7521982414068745 0.872858431018936 0.7545963229416467 0.8935978358881875 0.756994404476419 0.897204688908927 0.7545963229416467 0.8999098286744815 0.7314148681055157 0.8999098286744815 0.7122302158273383 0.8935978358881875 0.6994404476418865 0.8769161406672679 0.6938449240607514 0.869702434625789 0.6946442845723421 0.866546438232642 0.6994404476418865 0.8651938683498648 0.7122302158273383 0.8656447249774571 0.7394084732214229 0.8688007213706042 0.7521982414068745
0 0.9192966636609557 0.7106314948041567 0.9495040577096483 0.7146282973621104 0.9499549143372408 0.6906474820143885 0.9467989179440939 0.6834532374100719 0.9418394950405771 0.6802557953637091 0.9260595130748422 0.6770583533173462 0.9183949504057709 0.6778577138289369 0.9156898106402165 0.6810551558752997 0.9156898106402165 0.7002398081534772 0.9192966636609557 0.7106314948041567
0 0.7754733994589721 0.9632294164668266 0.793507664562669 0.9648281374900081 0.7953110910730388 0.9584332533972821 0.7948602344454464 0.9456434852118306 0.7930568079350766 0.9416466826538769 0.7885482416591524 0.938449240607514 0.7777276825969343 0.938449240607514 0.7691614066726781 0.9432454036770584 0.766907123534716 0.9488409272581935 0.7673579801623084 0.9584332533972821 0.7754733994589721 0.9632294164668266
0 0.8187556357078449 0.7362110311750599 0.8205590622182147 0.7402078337330137 0.8349864743011722 0.7402078337330137 0.8381424706943192 0.7370103916866507 0.8381424706943192 0.7154276578737011 0.8345356176735799 0.7090327737809753 0.8210099188458071 0.7082334132693845 0.8187556357078449 0.7202238209432456 0.8187556357078449 0.7362110311750599
0 0.7493237150586113 0.9352517985611511 0.7601442741208296 0.9376498800959233 0.7660054102795312 0.9352517985611511 0.766907123534716 0.9192645883293366 0.7655545536519388 0.9136690647482014 0.7560865644724978 0.906474820143885 0.7466185752930569 0.9088729016786572 0.7461677186654645 0.920863309352518 0.7493237150586113 0.9352517985611511