0 0.939585211902615 0.11830535571542766 0.9508566275924257 0.11830535571542766 0.9526600541027953 0.1135091926458833 0.9540126239855725 0.09272581934452438 0.9540126239855725 0.0815347721822542 0.9508566275924257 0.07034372501998402 0.9495040577096483 0.0671462829736211 0.9458972046889089 0.06554756195043965 0.9413886384129847 0.06634692246203039 0.9377817853922452 0.0815347721822542 0.9377817853922452 0.11590727418065548 0.939585211902615 0.11830535571542766
0 0.8832281334535618 0.08633093525179857 0.9048692515779982 0.08872901678657075 0.9080252479711453 0.08713029576338929 0.9107303877366997 0.0815347721822542 0.9125338142470695 0.0639488409272582 0.9125338142470695 0.05195843325339729 0.9111812443642923 0.04876099120703437 0.9026149684400361 0.04396482813749002 0.8913435527502254 0.042366107114308556 0.8832281334535618 0.04396482813749002 0.8809738503155997 0.049560351718625106 0.8805229936880072 0.07194244604316548 0.8832281334535618 0.08633093525179857
0 0.8011722272317404 0.2501998401278977 0.8210099188458071 0.2517985611510791 0.8237150586113616 0.2478017585931255 0.8246167718665464 0.2334132693844924 0.8232642019837692 0.23101518784972022 0.8119927862939585 0.2278177458033573 0.80297565374211 0.2278177458033573 0.7993688007213706 0.23101518784972022 0.7989179440937783 0.24620303756994405 0.8011722272317404 0.2501998401278977
0 0.9864743011722273 0.08313349320543566 0.9995491433724076 0.08233413269384492 0.9995491433724076 0.06634692246203039 0.9950405770964834 0.062350119904076746 0.9855725879170424 0.06474820143884892 0.9846708746618575 0.07753796962430057 0.9864743011722273 0.08313349320543566
0 0.8115419296663661 0.2965627498001599 0.8205590622182147 0.30055955235811355 0.8237150586113616 0.2965627498001599 0.825067628494139 0.2829736211031175 0.8210099188458071 0.2741806554756195 0.8137962128043282 0.2741806554756195 0.8101893597835889 0.2789768185451639 0.8097385031559965 0.29256594724220625 0.8115419296663661 0.2965627498001599
0 0.9174932371505862 0.3756994404476419 0.9391343552750226 0.381294964028777 0.9531109107303878 0.37969624300559557 0.954463480613165 0.3605115907274181 0.9486023444544635 0.3413269384492406 0.9251577998196574 0.3349320543565148 0.9147880973850315 0.33573141486810554 0.9147880973850315 0.3669064748201439 0.9174932371505862 0.3756994404476419
0 0.9846708746618575 0.1111111111111111 0.9945897204688909 0.11191047162270185 0.996844003606853 0.10951239008792966 0.996844003606853 0.08633093525179857 0.9869251577998197 0.08633093525179857 0.9846708746618575 0.08872901678657075 0.9837691614066727 0.09512390087929656 0.9833183047790803 0.10551558752997602 0.9846708746618575 0.1111111111111111
0 0.8286744815148782 0.49000799360511593 0.8426510369702435 0.4924060751398881 0.8539224526600542 0.4908073541167067 0.8548241659152389 0.47322142286171065 0.8530207394048693 0.4684252597921663 0.8322813345356176 0.4636290967226219 0.827321911632101 0.46442845723421267 0.8246167718665464 0.4684252597921663 0.824165915238954 0.4788169464428457 0.8286744815148782 0.49000799360511593
0 0.8291253381424708 0.3669064748201439 0.8394950405770965 0.37010391686650684 0.8507664562669072 0.37010391686650684 0.8552750225428314 0.3661071143085532 0.8548241659152389 0.3445243804956035 0.8521190261496844 0.3365307753796963 0.8300270513976555 0.3365307753796963 0.8277727682596934 0.33812949640287776 0.8264201983769162 0.34532374100719426 0.8264201983769162 0.3597122302158273 0.8291253381424708 0.3669064748201439
0 0.8372407574391344 0.2901678657074341 0.8534715960324617 0.29096722621902477 0.8552750225428314 0.2877697841726619 0.8543733092876465 0.27737809752198245 0.8512173128944995 0.2741806554756195 0.8408476104598738 0.2733812949640288 0.8349864743011722 0.2789768185451639 0.8345356176735799 0.2869704236610712 0.8372407574391344 0.2901678657074341
0 0.9138863841298467 0.1167066346922462 0.9215509467989179 0.11750599520383694 0.9238052299368801 0.10311750599520383 0.9224526600541028 0.08633093525179857 0.9206492335437331 0.08393285371702638 0.9143372407574392 0.08313349320543566 0.9098286744815148 0.08952837729816147 0.9098286744815148 0.1135091926458833 0.9138863841298467 0.1167066346922462
0 0.8485121731289451 0.27258193445243806 0.8557258791704238 0.27258193445243806 0.8579801623083859 0.2685851318944844 0.8584310189359784 0.2589928057553957 0.8557258791704238 0.2549960031974421 0.8340847610459874 0.2533972821742606 0.8340847610459874 0.2685851318944844 0.8485121731289451 0.27258193445243806
0 0.9688908926961226 0.13509192645883294 0.9774571686203787 0.1334932054356515 0.9783588818755636 0.11910471622701839 0.9743011722272317 0.10791366906474821 0.9625788999098286 0.10711430855315748 0.9603246167718665 0.10951239008792966 0.960775473399459 0.1310951239008793 0.9688908926961226 0.13509192645883294