0 0.3606853020739405 0.9144684252597922 0.366546438232642 0.9200639488409273 0.37330928764652843 0.9192645883293366 0.37691614066726786 0.9144684252597922 0.3796212804328224 0.9040767386091128 0.3764652840396754 0.8872901678657075 0.3660955816050496 0.8729016786570745 0.3606853020739405 0.8784972022382095 0.35978358881875566 0.8832933653077538 0.35527502254283133 0.8904876099120704 0.35527502254283133 0.9040767386091128 0.3606853020739405 0.9144684252597922
0 0.9833183047790803 0.2797761790567546 0.9914337240757439 0.29096722621902477 0.9995491433724076 0.2949640287769784 0.9995491433724076 0.24060751398880897 0.9918845807033364 0.23261390887290168 0.9864743011722273 0.23261390887290168 0.9783588818755636 0.2621902478017586 0.9779080252479712 0.26938449240607515 0.9833183047790803 0.2797761790567546
0 0.5045085662759243 0.7897681854516387 0.5081154192966637 0.7905675459632294 0.5121731289449956 0.7873701039168666 0.5189359783588818 0.7689848121502798 0.5184851217312895 0.7601918465227818 0.506311992786294 0.7529976019184652 0.5009017132551848 0.753796962430056 0.49729486023444547 0.7609912070343725 0.4977457168620379 0.7825739408473221 0.5045085662759243 0.7897681854516387
0 0.060414788097385035 0.3213429256594725 0.06311992786293959 0.3237410071942446 0.08295761947700632 0.31974420463629094 0.08972046889089269 0.3149480415667466 0.09062218214607755 0.31175059952038375 0.09062218214607755 0.3061550759392486 0.08836789900811542 0.29896083133493206 0.08205590622182146 0.29416466826538773 0.059513074842200184 0.2997601918465228 0.059513074842200184 0.31734612310151883 0.060414788097385035 0.3213429256594725
0 0.4914337240757439 0.23101518784972022 0.5180342651036971 0.2414068745003997 0.5225428313796213 0.2414068745003997 0.5247971145175834 0.23820943245403678 0.5247971145175834 0.23421262989608316 0.5220919747520288 0.2302158273381295 0.49233543733092877 0.21822541966426862 0.48647430117222723 0.21982414068745004 0.48647430117222723 0.22621902478017586 0.4914337240757439 0.23101518784972022
0 0.9801623083859333 0.14548361310951238 0.9909828674481516 0.15027977617905677 0.9950405770964834 0.1486810551558753 0.9995491433724076 0.14308553157474022 0.9995491433724076 0.11590727418065548 0.9855725879170424 0.10231814548361312 0.9837691614066727 0.09352517985611512 0.9770063119927863 0.08553157474020784 0.9733994589720468 0.08393285371702638 0.9702434625789 0.08713029576338929 0.9675383228133454 0.09832134292565947 0.9657348963029756 0.11590727418065548 0.9657348963029756 0.12869704236610713 0.9801623083859333 0.14548361310951238
0 0.5284039675383229 0.4180655475619504 0.5333633904418394 0.4196642685851319 0.5387736699729486 0.4156674660271783 0.5446348061316502 0.4028776978417266 0.5450856627592425 0.39408473221422863 0.5504959422903517 0.3749000799360512 0.5500450856627592 0.36850519584332536 0.5432822362488728 0.3581135091926459 0.5365193868349865 0.35411670663469225 0.5324616771866546 0.36370903277378097 0.5315599639314699 0.37250199840127896 0.5275022542831379 0.3868904876099121 0.5220919747520288 0.398880895283773 0.5216411181244364 0.407673860911271 0.5284039675383229 0.4180655475619504
0 0.9242560865644726 0.4668265387689848 0.933273219116321 0.4788169464428457 0.9427412082957619 0.4852118305355716 0.9499549143372408 0.4684252597921663 0.9526600541027953 0.45643485211830537 0.9522091974752029 0.4476418864908074 0.9481514878268711 0.4372501998401279 0.9350766456266908 0.42366107114308554 0.9283137962128044 0.42206235011990406 0.9251577998196574 0.43005595523581136 0.9229035166816953 0.442845723421263 0.9224526600541028 0.45643485211830537 0.9242560865644726 0.4668265387689848
0 0.40577096483318303 0.6195043964828137 0.418394950405771 0.6306954436450839 0.42200180342651034 0.6314948041566747 0.4296663660955816 0.6155075939248602 0.433273219116321 0.5963229416466826 0.4188458070333634 0.5843325339728218 0.4138863841298467 0.5827338129496403 0.4098286744815149 0.5883293365307755 0.4044183949504058 0.6123101518784972 0.40396753832281335 0.6163069544364509 0.40577096483318303 0.6195043964828137
0 0.5184851217312895 0.832933653077538 0.5288548241659152 0.8441247002398081 0.5324616771866546 0.8513189448441247 0.5437330928764653 0.8601119104716227 0.5464382326420198 0.8649080735411672 0.5536519386834987 0.8649080735411672 0.5572587917042381 0.859312549960032 0.5541027953110911 0.8521183053557154 0.5252479711451759 0.8225419664268585 0.5225428313796213 0.8169464428457234 0.5189359783588818 0.815347721822542 0.5153291253381425 0.8201438848920864 0.5148782687105501 0.827338129496403 0.5184851217312895 0.832933653077538
0 0.07123534715960325 0.4212629896083134 0.0915238954012624 0.416466826538769 0.09918845807033362 0.4092725819344525 0.09828674481514879 0.39728217426059154 0.09287646528403969 0.39168665067945646 0.06943192064923355 0.39648281374900085 0.06672678088367899 0.4004796163069545 0.06672678088367899 0.4108713029576339 0.07123534715960325 0.4212629896083134
0 0.38773669972948605 0.806554756195044 0.38818755635707847 0.8105515587529977 0.3981064021641118 0.8161470823341327 0.402614968440036 0.8217426059152678 0.40937781785392247 0.8233413269384493 0.41118124436429215 0.8225419664268585 0.4188458070333634 0.800959232613909 0.42019837691614065 0.7817745803357314 0.4170423805229937 0.7753796962430056 0.39720468890892696 0.756994404476419 0.3935978358881876 0.7585931254996003 0.3904418394950406 0.7641886490807354 0.38322813345356177 0.7881694644284573 0.3827772768259694 0.797761790567546 0.38773669972948605 0.806554756195044
0 0.9211000901713255 0.5851318944844125 0.9296663660955816 0.5907274180655476 0.9486023444544635 0.6099120703437251 0.9526600541027953 0.6091127098321344 0.95536519386835 0.6019184652278178 0.9531109107303878 0.5931254996003198 0.9287646528403968 0.5675459632294165 0.9251577998196574 0.5651478816946442 0.9201983769161407 0.574740207833733 0.9197475202885483 0.5811350919264588 0.9211000901713255 0.5851318944844125
0 0.5622182146077548 0.28936850519584334 0.5685302073940487 0.29416466826538773 0.5748422001803427 0.3045563549160672 0.5811541929666366 0.3077537969624301 0.5852119026149685 0.3069544364508393 0.5883678990081154 0.28936850519584334 0.5883678990081154 0.28377298161470826 0.5852119026149685 0.27258193445243806 0.5640216411181245 0.2637889688249401 0.5608656447249775 0.2733812949640288 0.5608656447249775 0.28617106314948043 0.5622182146077548 0.28936850519584334
0 0.4954914337240758 0.2030375699440448 0.5126239855725879 0.21023181454836132 0.5256988277727683 0.21422861710631497 0.5293056807935077 0.21422861710631497 0.5311091073038774 0.21103117505995203 0.5297565374211001 0.2038369304556355 0.5220919747520288 0.19904076738609114 0.5 0.1918465227817746 0.4945897204688909 0.19264588329336532 0.49323715058611367 0.19664268585131894 0.4927862939585212 0.19904076738609114 0.4954914337240758 0.2030375699440448
0 0.0563570784490532 0.293365307753797 0.060414788097385035 0.2981614708233413 0.08160504959422904 0.29176658673061556 0.08701532912533815 0.27737809752198245 0.08566275924256087 0.2677857713828937 0.07980162308385934 0.2597921662669864 0.05725879170423805 0.26618705035971224 0.05545536519386835 0.26938449240607515 0.0545536519386835 0.27258193445243806 0.0563570784490532 0.293365307753797
0 0.8210099188458071 0.1310951239008793 0.8259693417493238 0.12310151878497202 0.830477908025248 0.10551558752997602 0.827321911632101 0.09512390087929656 0.8169522091974751 0.08553157474020784 0.8137962128043282 0.08792965627498003 0.8070333633904418 0.10951239008792966 0.8070333633904418 0.11910471622701839 0.8210099188458071 0.1310951239008793
0 0.936429215509468 0.5675459632294165 0.9409377817853922 0.5707434052757794 0.9440937781785392 0.5707434052757794 0.9454463480613166 0.5683453237410072 0.9440937781785392 0.5595523581135092 0.9391343552750226 0.5531574740207834 0.9323715058611362 0.5475619504396483 0.9287646528403968 0.5491606714628298 0.9274120829576196 0.5523581135091926 0.9278629395852119 0.5595523581135092 0.936429215509468 0.5675459632294165
0 0.65238954012624 0.8601119104716227 0.65238954012624 0.86810551558753 0.6496844003606853 0.8752997601918465 0.6501352569882777 0.8848920863309353 0.6537421100090172 0.8904876099120704 0.6591523895401262 0.8936850519584333 0.6641118124436429 0.9040767386091128 0.6681695220919748 0.9040767386091128 0.6713255184851218 0.8960831334932055 0.6740306582506763 0.8960831334932055 0.6771866546438233 0.8904876099120704 0.6785392245266005 0.8952837729816148 0.6816952209197475 0.8936850519584333 0.6776375112714157 0.8888888888888888 0.6780883678990081 0.885691446842526 0.6807935076645627 0.8824940047961631 0.6857529305680793 0.8816946442845724 0.6893597835888188 0.876898481215028 0.6925157799819658 0.8649080735411672 0.6925157799819658 0.859312549960032 0.6862037871956718 0.8513189448441247 0.6889089269612263 0.8345323741007195 0.6821460775473399 0.8201438848920864 0.6780883678990081 0.8177458033573143 0.6717763751127143 0.8193445243804957 0.6645626690712354 0.8257394084732215 0.6614066726780884 0.8233413269384493 0.6573489630297565 0.82414068745004 0.6541929666366095 0.8281374900079936 0.6514878268710551 0.8377298161470824 0.6483318304779081 0.8521183053557154 0.65238954012624 0.8601119104716227
0 0 0.5379696243005596 0.00721370604147881 0.542765787370104 0.0175834084761046 0.5451638689048761 0.032461677186654644 0.5563549160671463 0.04283137962128043 0.5587529976019185 0.06402164111812444 0.5715427657873702 0.07078449053201082 0.5715427657873702 0.07258791704238053 0.5683453237410072 0.07529305680793508 0.5531574740207834 0.07078449053201082 0.5355715427657874 0.001352569882777277 0.49800159872102323 0 0.49800159872102323 0 0.5379696243005596
0 0.0739404869251578 0.4508393285371703 0.09828674481514879 0.44684252597921664 0.10144274120829576 0.4444444444444444 0.10279531109107304 0.4396482813749001 0.1018935978358882 0.42845723421262993 0.10009017132551848 0.4244604316546763 0.09603246167718665 0.42206235011990406 0.07303877366997295 0.4268585131894485 0.07078449053201082 0.4292565947242206 0.07123534715960325 0.4452438049560352 0.0739404869251578 0.4508393285371703
0 0.43507664562669074 0.45643485211830537 0.43913435527502254 0.4588329336530776 0.44183949504057707 0.4572342126298961 0.44679891794409377 0.44844124700239807 0.45536519386834984 0.4212629896083134 0.4558160504959423 0.41486810551558756 0.4526600541027953 0.407673860911271 0.445897204688909 0.3996802557953637 0.43958521190261496 0.39408473221422863 0.4359783588818755 0.39488409272581937 0.4192966636609558 0.4292565947242206 0.4206492335437331 0.43884892086330934 0.43507664562669074 0.45643485211830537
0 0.47069431920649235 0.7282174260591526 0.47971145175834085 0.7386091127098321 0.4954914337240758 0.7378097521982414 0.4959422903516682 0.7162270183852918 0.49504057709648336 0.709832134292566 0.49233543733092877 0.7058353317346123 0.48782687105500455 0.7034372501998403 0.478809738503156 0.704236610711431 0.4720468890892696 0.7138289368505196 0.47024346257889993 0.7202238209432456 0.47069431920649235 0.7282174260591526
0 0.7488728584310189 0.9808153477218226 0.7714156898106402 0.9880095923261392 0.793507664562669 0.9888089528377298 0.7971145175834086 0.9832134292565947 0.799819657348963 0.973621103117506 0.799819657348963 0.9664268585131894 0.793507664562669 0.9552358113509193 0.7759242560865645 0.9504396482813751 0.7511271415689811 0.9504396482813751 0.7479711451758341 0.9536370903277379 0.7461677186654645 0.9648281374900081 0.7457168620378719 0.973621103117506 0.7488728584310189 0.9808153477218226
0 0.06357078449053201 0.36370903277378097 0.08115419296663662 0.3629096722621903 0.09062218214607755 0.3557154276578737 0.08836789900811542 0.3501199040767386 0.08566275924256087 0.3493205435651479 0.06311992786293959 0.3501199040767386 0.06176735798016231 0.3557154276578737 0.06357078449053201 0.36370903277378097
0 0.6505861136158702 0.05435651478816946 0.6582506762849414 0.062350119904076746 0.6618575293056808 0.07034372501998402 0.6686203787195673 0.07434052757793765 0.6780883678990081 0.07434052757793765 0.6848512173128946 0.05355715427657874 0.6848512173128946 0.04876099120703437 0.6807935076645627 0.03916866506794565 0.669522091974752 0.0319744204636291 0.6614066726780884 0.020783373301358914 0.6568981064021642 0.02238209432454037 0.6528403967538323 0.03836930455635491 0.6492335437330929 0.04636290967226219 0.6487826871055005 0.050359712230215826 0.6505861136158702 0.05435651478816946
0 0.06402164111812444 0.3557154276578737 0.0703336339044184 0.35171862509992013 0.08836789900811542 0.35091926458832934 0.09197475202885483 0.34852118305355717 0.09422903516681697 0.34212629896083135 0.09287646528403969 0.3309352517985612 0.08836789900811542 0.3253397282174261 0.060414788097385035 0.33253397282174263 0.060414788097385035 0.3429256594724221 0.06402164111812444 0.3557154276578737
0 0.5640216411181245 0.3820943245403677 0.573038773669973 0.3908872901678657 0.5793507664562669 0.39168665067945646 0.587917042380523 0.37969624300559557 0.587917042380523 0.3661071143085532 0.5798016230838593 0.35171862509992013 0.5757439134355276 0.34852118305355717 0.5680793507664563 0.34852118305355717 0.563570784490532 0.3525179856115108 0.5613165013525699 0.3613109512390088 0.560414788097385 0.3756994404476419 0.5640216411181245 0.3820943245403677
0 0.1650135256988278 0.24060751398880897 0.1740306582506763 0.2997601918465228 0.1898106402164112 0.30055955235811355 0.22272317403065825 0.2869704236610712 0.22723174030658252 0.2829736211031175 0.23083859332732193 0.2501998401278977 0.2285843101893598 0.23980815347721826 0.22723174030658252 0.2214228617106315 0.22407574391343554 0.21422861710631497 0.19837691614066724 0.21742605915267785 0.18575293056807937 0.2094324540367706 0.17538322813345356 0.21342925659472425 0.16997294860234446 0.21982414068745004 0.16681695220919746 0.2270183852917666 0.1650135256988278 0.2334132693844924 0.1650135256988278 0.24060751398880897
0 0.06672678088367899 0.39168665067945646 0.0703336339044184 0.39568345323741005 0.08972046889089269 0.39168665067945646 0.0915238954012624 0.390087929656275 0.09648331830477908 0.37250199840127896 0.09558160504959423 0.3645083932853717 0.09197475202885483 0.3597122302158273 0.06311992786293959 0.3669064748201439 0.06357078449053201 0.37969624300559557 0.06672678088367899 0.39168665067945646
0 0.903516681695221 0.8313349320543566 0.9147880973850315 0.8321342925659473 0.9206492335437331 0.827338129496403 0.9201983769161407 0.8201438848920864 0.9174932371505862 0.8161470823341327 0.9062218214607755 0.8161470823341327 0.9012623985572588 0.8193445243804957 0.900360685302074 0.8257394084732215 0.903516681695221 0.8313349320543566
0 0.5396753832281335 0.9696243005595524 0.5500450856627592 0.9792166266986412 0.5559062218214608 0.9792166266986412 0.5599639314697926 0.9704236610711432 0.5572587917042381 0.9632294164668266 0.5477908025247972 0.9560351718625101 0.5410279531109107 0.9552358113509193 0.5383228133453561 0.9608313349320544 0.5378719567177638 0.9664268585131894 0.5396753832281335 0.9696243005595524
0 0.8521190261496844 0.04636290967226219 0.8620378719567178 0.05435651478816946 0.8656447249774571 0.05115907274180656 0.8742110009017132 0.02557953637090328 0.8733092876465285 0.018385291766586733 0.860234445446348 0 0.8476104598737602 0 0.8412984670874663 0.01598721023181455 0.8390441839495041 0.031175059952038373 0.8521190261496844 0.04636290967226219
0 0.9436429215509469 0.5515587529976019 0.9499549143372408 0.5595523581135092 0.9531109107303878 0.5595523581135092 0.957619477006312 0.5507593924860112 0.9549143372407575 0.542765787370104 0.9391343552750226 0.5267785771382895 0.9355275022542832 0.5267785771382895 0.9323715058611362 0.5363709032773781 0.9323715058611362 0.5467625899280576 0.9436429215509469 0.5515587529976019
0 0.8606853020739406 0.704236610711431 0.8796212804328223 0.7234212629896084 0.8850315599639315 0.7242206235011991 0.8895401262398558 0.7122302158273383 0.8890892696122633 0.7058353317346123 0.8868349864743011 0.701039168665068 0.8692515779981966 0.6842525979216627 0.8624887285843102 0.6842525979216627 0.8593327321911632 0.6938449240607514 0.8588818755635708 0.7002398081534772 0.8606853020739406 0.704236610711431
0 0.31018935978358886 0.592326139088729 0.32506762849413884 0.5947242206235012 0.32867448151487827 0.5931254996003198 0.3300270513976556 0.5883293365307755 0.32822362488728585 0.5827338129496403 0.32551848512173126 0.5811350919264588 0.30883678990081154 0.5811350919264588 0.3083859332732191 0.5883293365307755 0.31018935978358886 0.592326139088729
0 0.4995491433724076 0.929656274980016 0.5045085662759243 0.9376498800959233 0.5090171325518486 0.9392486011191048 0.5189359783588818 0.9216626698641087 0.5270513976555455 0.8960831334932055 0.5284039675383229 0.8864908073541167 0.5261496844003607 0.8784972022382095 0.5180342651036971 0.8705035971223022 0.5099188458070334 0.8585131894484412 0.5040577096483319 0.8545163868904877 0.4945897204688909 0.8697042366107114 0.49368800721370604 0.8760991207034373 0.4837691614066727 0.9040767386091128 0.4837691614066727 0.915267785771383 0.4995491433724076 0.929656274980016
0 0.5333633904418394 0.8177458033573143 0.5360685302073941 0.8225419664268585 0.5432822362488728 0.8257394084732215 0.5518485121731289 0.8385291766586731 0.560414788097385 0.8465227817745804 0.5658250676284942 0.841726618705036 0.5734896302975654 0.8177458033573143 0.5734896302975654 0.8129496402877698 0.5676284941388638 0.8017585931254997 0.5545536519386834 0.7873701039168666 0.5464382326420198 0.7721822541966427 0.5360685302073941 0.7617905675459633 0.5324616771866546 0.762589928057554 0.5275022542831379 0.7809752198241406 0.5207394048692516 0.797761790567546 0.5207394048692516 0.806554756195044 0.5333633904418394 0.8177458033573143
0 0.05725879170423805 0.26618705035971224 0.07889990982867448 0.2589928057553957 0.08295761947700632 0.24540367705835334 0.08205590622182146 0.23421262989608316 0.07529305680793508 0.22861710631494805 0.06402164111812444 0.2302158273381295 0.05229936880072138 0.23661071143085532 0.05275022542831379 0.2565947242206235 0.05725879170423805 0.26618705035971224
0 0.6158701532912535 0.5947242206235012 0.6194770063119928 0.6019184652278178 0.6298467087466186 0.6139088729016786 0.633453561767358 0.6147082334132695 0.6361587015329125 0.6123101518784972 0.6447249774571686 0.5987210231814549 0.6496844003606853 0.5843325339728218 0.6487826871055005 0.5771382893685052 0.6438232642019839 0.5715427657873702 0.636609558160505 0.5571542765787371 0.623985572587917 0.5451638689048761 0.6194770063119928 0.5467625899280576 0.6118124436429215 0.5739408473221423 0.611361587015329 0.5811350919264588 0.6158701532912535 0.5947242206235012
0 0.5915238954012624 0.9992006394884093 0.639765554553652 0.9992006394884093 0.6429215509467989 0.9944044764188649 0.6307484220018034 0.9864108713029576 0.6158701532912535 0.9656274980015987 0.6064021641118125 0.9584332533972821 0.5955816050495942 0.9816147082334133 0.5915238954012624 0.9944044764188649 0.5915238954012624 0.9992006394884093
0 0.6429215509467989 0.1111111111111111 0.657799819657349 0.12709832134292565 0.6614066726780884 0.12549960031974422 0.6650135256988278 0.11910471622701839 0.6672678088367898 0.10871302957633892 0.6645626690712354 0.08952837729816147 0.654643823264202 0.0815347721822542 0.6505861136158702 0.08073541167066348 0.6469792605951307 0.08393285371702638 0.6406672678088369 0.09512390087929656 0.6429215509467989 0.1111111111111111
0 0.7470694319206492 0.4020783373301359 0.7542831379621281 0.4196642685851319 0.7601442741208296 0.4188649080735412 0.7660054102795312 0.40367705835331735 0.7664562669071235 0.38609112709832133 0.7484220018034266 0.36850519584332536 0.7443642921550947 0.36850519584332536 0.7403065825067628 0.37729816147082335 0.7398557258791705 0.39488409272581937 0.7470694319206492 0.4020783373301359
0 0.6163210099188459 0.12629896083133493 0.6438232642019839 0.15827338129496404 0.6478809738503156 0.16067146282973624 0.6541929666366095 0.15987210231814547 0.6605049594229035 0.14548361310951238 0.6555455365193867 0.1278976818545164 0.6384129846708747 0.11510791366906475 0.6321009918845808 0.10791366906474821 0.6244364292155096 0.1047162270183853 0.6190261496844004 0.11270983213429257 0.6149684400360685 0.12310151878497202 0.6163210099188459 0.12629896083133493
0 0.18034265103697025 0.38609112709832133 0.1830477908025248 0.4020783373301359 0.18575293056807937 0.40687450039968026 0.1898106402164112 0.407673860911271 0.22091974752028853 0.39728217426059154 0.23083859332732193 0.39728217426059154 0.23760144274120829 0.3924860111910472 0.2412082957619477 0.3844924060751399 0.24165915238954014 0.3581135091926459 0.2339945897204689 0.33013589128697046 0.2231740306582507 0.33013589128697046 0.1956717763751127 0.3405275779376499 0.18214607754733994 0.3429256594724221 0.17853922452660054 0.3493205435651479 0.17808836789900812 0.3629096722621903 0.18034265103697025 0.38609112709832133