0 0.706492335437331 0.22861710631494805 0.7321911632100992 0.23101518784972022 0.7389540126239856 0.2270183852917666 0.7398557258791705 0.19664268585131894 0.7376014427412083 0.19024780175859313 0.7308385933273219 0.18625099920063948 0.7096483318304779 0.18705035971223025 0.706492335437331 0.1918465227817746 0.7055906221821461 0.19824140687450043 0.7046889089269612 0.2270183852917666 0.706492335437331 0.22861710631494805
0 0.6596032461677187 0.5683453237410072 0.6767357980162308 0.5683453237410072 0.6798917944093779 0.5651478816946442 0.6807935076645627 0.5443645083932854 0.675834084761046 0.533972821742606 0.6632100991884582 0.5299760191846523 0.6609558160504959 0.5307753796962431 0.6582506762849414 0.5387689848121503 0.657799819657349 0.5643485211830536 0.6596032461677187 0.5683453237410072
0 0.029305680793507663 0.4108713029576339 0.03922452660054102 0.407673860911271 0.03967538322813345 0.3932853717026379 0.03606853020739405 0.3820943245403677 0.02660054102795311 0.38049560351718625 0.022993688007213707 0.3820943245403677 0.02164111812443643 0.3868904876099121 0.02164111812443643 0.407673860911271 0.029305680793507663 0.4108713029576339
0 0.4522091974752029 0.16626698641087131 0.47024346257889993 0.16706634692246206 0.47745716862037874 0.1630695443645084 0.47971145175834085 0.15907274180655476 0.478809738503156 0.1510791366906475 0.47294860234445446 0.14628297362110312 0.4526600541027953 0.14468425259792167 0.4495040577096483 0.1510791366906475 0.44905320108205593 0.15907274180655476 0.4522091974752029 0.16626698641087131
0 0.03922452660054102 0.5515587529976019 0.04959422903516681 0.5563549160671463 0.05410279531109107 0.5547561950439649 0.05545536519386835 0.5331734612310152 0.05365193868349865 0.5291766586730615 0.03967538322813345 0.5275779376498801 0.03606853020739405 0.5331734612310152 0.03606853020739405 0.5435651478816946 0.03922452660054102 0.5515587529976019
0 0.9287646528403968 0.06474820143884892 0.9535617673579802 0.06874500399680256 0.9634806131650135 0.06874500399680256 0.9679891794409378 0.06474820143884892 0.9688908926961226 0.04316546762589928 0.9594229035166817 0.03357314148681055 0.9391343552750226 0.02877697841726619 0.9283137962128044 0.02877697841726619 0.9256086564472498 0.032773780975219824 0.9260595130748422 0.055155875299760196 0.9287646528403968 0.06474820143884892
0 0.584761045987376 0.43165467625899284 0.609107303877367 0.434052757793765 0.6104598737601443 0.4004796163069545 0.6068530207394048 0.38848920863309355 0.6023444544634806 0.3868904876099121 0.5987376014427412 0.39168665067945646 0.5955816050495942 0.39168665067945646 0.5919747520288549 0.38609112709832133 0.5870153291253382 0.38609112709832133 0.584761045987376 0.38848920863309355 0.5829576194770063 0.3996802557953637 0.5829576194770063 0.4268585131894485 0.584761045987376 0.43165467625899284
0 0.9752028854824166 0.9992006394884093 0.9761045987376015 0.9952038369304558 0.9761045987376015 0.991207034372502 0.9729486023444545 0.982414068745004 0.9702434625789 0.9792166266986412 0.9634806131650135 0.9776179056754596 0.9598737601442742 0.9792166266986412 0.9522091974752029 0.9760191846522782 0.9382326420198377 0.9752198241406874 0.9355275022542832 0.9776179056754596 0.9346257889990982 0.9864108713029576 0.9341749323715058 0.9992006394884093 0.9752028854824166 0.9992006394884093
0 0.6456266907123535 0.8928856914468426 0.6582506762849414 0.8960831334932055 0.6659152389540126 0.8960831334932055 0.6686203787195673 0.8936850519584333 0.6690712353471596 0.8673061550759393 0.6672678088367898 0.8617106314948043 0.6623083859332732 0.8585131894484412 0.6433724075743913 0.859312549960032 0.6433724075743913 0.8848920863309353 0.6456266907123535 0.8928856914468426
0 0.9147880973850315 0.565947242206235 0.9598737601442742 0.5707434052757794 0.9621280432822362 0.5667466027178258 0.9616771866546439 0.5555555555555556 0.9535617673579802 0.5507593924860112 0.9143372407574392 0.5475619504396483 0.9107303877366997 0.5523581135091926 0.9111812443642923 0.5635491606714629 0.9147880973850315 0.565947242206235
0 0.37917042380523 0.49800159872102323 0.3841298467087466 0.5027977617905676 0.40667267808836793 0.504396482813749 0.41073038773669973 0.49800159872102323 0.4098286744815149 0.4860111910471623 0.40802524797114514 0.4796163069544365 0.40486925157799825 0.4756195043964829 0.3823264201983769 0.47801758593125504 0.3782687105500451 0.48441247002398086 0.37736699729486023 0.4908073541167067 0.37917042380523 0.49800159872102323
0 0.38773669972948605 0.8872901678657075 0.3904418394950406 0.8936850519584333 0.3963029756537421 0.897681854516387 0.40577096483318303 0.8936850519584333 0.40577096483318303 0.8840927258193446 0.40396753832281335 0.8784972022382095 0.3985572587917043 0.8745003996802558 0.3904418394950406 0.8745003996802558 0.38773669972948605 0.8792965627498002 0.38773669972948605 0.8872901678657075
0 0.1018935978358882 0.6842525979216627 0.11136158701532912 0.6842525979216627 0.11316501352569883 0.6778577138289369 0.11316501352569883 0.6666666666666666 0.11000901713255186 0.6514788169464429 0.10144274120829576 0.6498800959232613 0.09738503155996393 0.6530775379696243 0.09783588818755636 0.6706634692246204 0.1018935978358882 0.6842525979216627
0 0.8137962128043282 0.8057553956834532 0.8178539224526601 0.8121502797761792 0.8282236248872858 0.8145483613109513 0.8381424706943192 0.8233413269384493 0.8412984670874663 0.8225419664268585 0.8435527502254283 0.8089528377298163 0.8435527502254283 0.7889688249400479 0.836789900811542 0.7577937649880097 0.8327321911632102 0.753796962430056 0.8174030658250677 0.7545963229416467 0.8137962128043282 0.7585931254996003 0.8128944995491433 0.7649880095923263 0.8124436429215509 0.7921662669864108 0.8137962128043282 0.8057553956834532
0 0.09017132551848513 0.28617106314948043 0.09287646528403969 0.28936850519584334 0.10550045085662758 0.29176658673061556 0.10775473399458972 0.2805755395683453 0.10685302073940486 0.2549960031974421 0.1036970243462579 0.25259792166266987 0.09332732191163211 0.2517985611510791 0.09017132551848513 0.2533972821742606 0.08836789900811542 0.25819344524380494 0.087917042380523 0.26938449240607515 0.09017132551848513 0.28617106314948043
0 0.3967538322813345 0.5883293365307755 0.41794409377817854 0.5891286970423661 0.42019837691614065 0.5843325339728218 0.4188458070333634 0.577937649880096 0.415238954012624 0.574740207833733 0.3985572587917043 0.5715427657873702 0.3935978358881876 0.5739408473221423 0.3935978358881876 0.5843325339728218 0.3967538322813345 0.5883293365307755
0 0.059062218214607755 0.013589128697042365 0.07168620378719567 0.016786570743405275 0.07529305680793508 0.011191047162270184 0.07484220018034266 0 0.0563570784490532 0 0.0563570784490532 0.008792965627498003 0.059062218214607755 0.013589128697042365
0 0.9440937781785392 0.5883293365307755 0.9562669071235348 0.5907274180655476 0.9621280432822362 0.5875299760191847 0.9621280432822362 0.5795363709032775 0.9598737601442742 0.5731414868105515 0.9449954914337241 0.5715427657873702 0.9427412082957619 0.5739408473221423 0.9422903516681695 0.5843325339728218 0.9440937781785392 0.5883293365307755
0 0.8228133453561768 0.06155075939248601 0.8358881875563571 0.06794564348521183 0.8435527502254283 0.060751398880895285 0.8426510369702435 0.03996802557953637 0.8385933273219116 0.03357314148681055 0.8264201983769162 0.031175059952038373 0.8219116321009919 0.03597122302158274 0.8214607754733995 0.0583533173461231 0.8228133453561768 0.06155075939248601
0 0.9495040577096483 0.5115907274180655 0.9693417493237151 0.4940047961630696 0.9711451758340848 0.49160671462829736 0.9715960324616773 0.4860111910471623 0.9684400360685302 0.4772182254196643 0.963931469792606 0.4772182254196643 0.9490532010820559 0.4908073541167067 0.9418394950405771 0.5019984012789769 0.9427412082957619 0.5099920063948842 0.9495040577096483 0.5115907274180655
0 0.39089269612263305 0.6882494004796164 0.4116321009918846 0.6898481215027978 0.4147880973850316 0.6826538768984812 0.4143372407574391 0.6786570743405277 0.41118124436429215 0.6754596322941646 0.3981064021641118 0.6730615507593926 0.38097385031559966 0.6738609112709832 0.38097385031559966 0.6850519584332534 0.39089269612263305 0.6882494004796164
0 0.548692515779982 0.8792965627498002 0.5504959422903517 0.8816946442845724 0.584761045987376 0.8832933653077538 0.5856627592425608 0.8808952837729817 0.5852119026149685 0.8697042366107114 0.5820559062218215 0.8657074340527579 0.5500450856627592 0.862509992006395 0.548692515779982 0.8649080735411672 0.548692515779982 0.8792965627498002
0 0.573038773669973 0.7753796962430056 0.5928764652840397 0.7793764988009593 0.5951307484220018 0.7785771382893686 0.5969341749323716 0.7737809752198243 0.5960324616771866 0.765787370103917 0.5915238954012624 0.7609912070343725 0.5788999098286746 0.7577937649880097 0.5739404869251578 0.7577937649880097 0.5707844905320109 0.7609912070343725 0.5707844905320109 0.7729816147082335 0.573038773669973 0.7753796962430056
0 0.39269612263300274 0.15587529976019188 0.39404869251577995 0.1630695443645084 0.4296663660955816 0.17186250999200642 0.4355275022542831 0.17186250999200642 0.4382326420198377 0.16786570743405277 0.43958521190261496 0.14788169464428458 0.436429215509468 0.14068745003996805 0.42831379621280435 0.13189448441247004 0.4008115419296664 0.1278976818545164 0.3963029756537421 0.12949640287769784 0.39495040577096485 0.1334932054356515 0.39495040577096485 0.14468425259792167 0.39269612263300274 0.15587529976019188
0 0.2673579801623084 0.8089528377298163 0.2871956717763751 0.8089528377298163 0.2885482416591524 0.7921662669864108 0.2862939585211903 0.7857713828936851 0.2687105500450857 0.7833733013589129 0.26645626690712354 0.7873701039168666 0.2660054102795311 0.806554756195044 0.2673579801623084 0.8089528377298163
0 0.38954012623985573 0.7242206235011991 0.40712353471596036 0.7250199840127898 0.40892696122633004 0.7202238209432456 0.40892696122633004 0.7162270183852918 0.40486925157799825 0.7114308553157473 0.3944995491433724 0.7090327737809753 0.3872858431018936 0.7090327737809753 0.3850315599639315 0.7114308553157473 0.38548241659152394 0.7202238209432456 0.38954012623985573 0.7242206235011991
0 0.9837691614066727 0.05355715427657874 0.9878268710550046 0.05675459632294165 0.9950405770964834 0.05675459632294165 0.9995491433724076 0.05355715427657874 0.9995491433724076 0.019984012789768184 0.9909828674481516 0.019984012789768184 0.9860234445446348 0.02557953637090328 0.9833183047790803 0.0319744204636291 0.9819657348963029 0.04636290967226219 0.9837691614066727 0.05355715427657874
0 0.018935978358881875 0.9800159872102319 0.02614968440036069 0.9792166266986412 0.031559963931469794 0.973621103117506 0.03291253381424707 0.9640287769784173 0.031559963931469794 0.9424460431654678 0.019837691614066726 0.9400479616306955 0.018034265103697024 0.9424460431654678 0.017132551848512173 0.9536370903277379 0.016681695220919748 0.9704236610711432 0.018935978358881875 0.9800159872102319
0 0.4499549143372408 0.20623501199040767 0.45761947700631195 0.21023181454836132 0.4666366095581605 0.21103117505995203 0.4720468890892696 0.2094324540367706 0.4743011722272317 0.20623501199040767 0.47565374211000905 0.1838529176658673 0.47475202885482415 0.17825739408473223 0.4720468890892696 0.1750599520383693 0.4666366095581605 0.17186250999200642 0.4522091974752029 0.17426059152677859 0.44905320108205593 0.1806554756195044 0.4477006311992786 0.19664268585131894 0.4499549143372408 0.20623501199040767
0 0.8282236248872858 0.381294964028777 0.8656447249774571 0.39408473221422863 0.8733092876465285 0.39408473221422863 0.8755635707844905 0.390087929656275 0.8769161406672679 0.3749000799360512 0.872858431018936 0.35171862509992013 0.8692515779981966 0.3493205435651479 0.8606853020739406 0.3493205435651479 0.8557258791704238 0.3445243804956035 0.8485121731289451 0.34372501998401284 0.8403967538322813 0.33812949640287776 0.8277727682596934 0.3397282174260592 0.8268710550045085 0.37729816147082335 0.8282236248872858 0.381294964028777
0 0.1127141568981064 0.4020783373301359 0.1266907123534716 0.40687450039968026 0.13931469792605952 0.40367705835331735 0.1411181244364292 0.4012789768185452 0.14021641118124437 0.3836930455635492 0.13435527502254285 0.3788968824940048 0.12082957619477007 0.3788968824940048 0.11406672678088368 0.3828936850519585 0.11181244364292155 0.3876898481215028 0.11136158701532912 0.398880895283773 0.1127141568981064 0.4020783373301359
0 0.2781785392245266 0.7833733013589129 0.2862939585211903 0.7849720223820944 0.2885482416591524 0.7729816147082335 0.2871956717763751 0.7617905675459633 0.28268710550045084 0.753796962430056 0.2772768259693417 0.756994404476419 0.27412082957619477 0.7617905675459633 0.27412082957619477 0.7793764988009593 0.2781785392245266 0.7833733013589129
0 0.6943192064923354 0.565947242206235 0.7128043282236249 0.5691446842525979 0.7164111812443643 0.5651478816946442 0.7182146077547341 0.5411670663469225 0.7177637511271415 0.5283772981614708 0.7164111812443643 0.5243804956035172 0.6956717763751128 0.5235811350919265 0.6929666366095582 0.5283772981614708 0.6925157799819658 0.5611510791366906 0.6943192064923354 0.565947242206235
0 0.402614968440036 0.31574740207833735 0.40802524797114514 0.31894484412470026 0.42335437330928766 0.3213429256594725 0.4292155094679892 0.3213429256594725 0.4323715058611362 0.3181454836131095 0.4328223624887286 0.29176658673061556 0.43192064923354373 0.28617106314948043 0.4292155094679892 0.2821742605915268 0.4035166816952209 0.2805755395683453 0.4003606853020739 0.28377298161470826 0.4003606853020739 0.31015187849720227 0.402614968440036 0.31574740207833735
0 0.22272317403065825 0.2470023980815348 0.23128944995491435 0.2517985611510791 0.24616771866546439 0.25099920063948844 0.2484220018034265 0.24380495603517185 0.24887285843101895 0.21742605915267785 0.24571686203787196 0.1950439648281375 0.24436429215509467 0.19264588329336532 0.2344454463480613 0.19104716227018384 0.22001803426510372 0.19264588329336532 0.21956717763751127 0.2238209432454037 0.22272317403065825 0.2470023980815348
0 0.26645626690712354 0.5595523581135092 0.284941388638413 0.5635491606714629 0.2871956717763751 0.5619504396482814 0.2885482416591524 0.5499600319744204 0.28584310189359785 0.5387689848121503 0.27366997294860235 0.533972821742606 0.2673579801623084 0.533972821742606 0.26465284039675385 0.5363709032773781 0.26465284039675385 0.5539568345323741 0.26645626690712354 0.5595523581135092
0 0.03651938683498648 0.5987210231814549 0.04643823264201984 0.6011191047162271 0.05184851217312895 0.6011191047162271 0.05410279531109107 0.5987210231814549 0.05365193868349865 0.5731414868105515 0.05139765554553652 0.5675459632294165 0.03606853020739405 0.5651478816946442 0.033363390441839495 0.5739408473221423 0.03291253381424707 0.586730615507594 0.03651938683498648 0.5987210231814549
0 0.023444544634806132 0.8697042366107114 0.030207394048692517 0.8721023181454837 0.04328223624887286 0.8673061550759393 0.04418394950405771 0.8433253397282174 0.04192966636609558 0.8353317346123101 0.03651938683498648 0.8305355715427658 0.02569882777276826 0.8289368505195844 0.022993688007213707 0.841726618705036 0.022091974752028856 0.8657074340527579 0.023444544634806132 0.8697042366107114
0 0.569882777276826 0.7529976019184652 0.5928764652840397 0.7561950439648283 0.5951307484220018 0.7474020783373301 0.5928764652840397 0.7402078337330137 0.5892696122633003 0.7378097521982414 0.5734896302975654 0.7354116706634692 0.5680793507664563 0.7378097521982414 0.5676284941388638 0.7490007993605117 0.569882777276826 0.7529976019184652
0 0.43733092876465285 0.8848920863309353 0.4508566275924256 0.8872901678657075 0.45536519386834984 0.8832933653077538 0.45446348061316505 0.876898481215028 0.4526600541027953 0.8745003996802558 0.4436429215509468 0.8705035971223022 0.4359783588818755 0.871302957633893 0.43507664562669074 0.8816946442845724 0.43733092876465285 0.8848920863309353
0 0.8588818755635708 0.47801758593125504 0.8746618575293057 0.47801758593125504 0.8872858431018936 0.48121502797761795 0.8899909828674482 0.4772182254196643 0.8877366997294861 0.4668265387689848 0.8832281334535618 0.46282973621103124 0.8597835888187556 0.45803357314148685 0.8561767357980163 0.46203037569944044 0.8557258791704238 0.4716227018385292 0.8588818755635708 0.47801758593125504
0 0.44138863841298465 0.5395683453237411 0.4648331830477908 0.5435651478816946 0.4715960324616772 0.5435651478816946 0.47610459873760147 0.5403677058353318 0.4855725879170424 0.5435651478816946 0.48782687105500455 0.5411670663469225 0.48782687105500455 0.5275779376498801 0.4842200180342651 0.5203836930455635 0.4386834986474301 0.5211830535571543 0.4382326420198377 0.5347721822541966 0.44138863841298465 0.5395683453237411
0 0.7055906221821461 0.35891286970423664 0.7312894499549144 0.3605115907274181 0.7353471596032463 0.3581135091926459 0.7376014427412083 0.35331734612310156 0.7380522993688007 0.3349320543565148 0.7339945897204688 0.32454036770583533 0.7028854824165914 0.3229416466826539 0.6988277727682598 0.33573141486810554 0.6983769161406672 0.3525179856115108 0.7055906221821461 0.35891286970423664
0 0.06717763751127143 0.9944044764188649 0.08070333633904418 0.9944044764188649 0.08205590622182146 0.9768185451638689 0.08025247971145176 0.9664268585131894 0.0721370604147881 0.9640287769784173 0.06717763751127143 0.9656274980015987 0.06537421100090171 0.9688249400479617 0.06492335437330929 0.9808153477218226 0.06717763751127143 0.9944044764188649
0 0.402614968440036 0.029576338928856916 0.42290351668169524 0.03437250199840128 0.4296663660955816 0.03437250199840128 0.4323715058611362 0.031175059952038373 0.4337240757439134 0.02238209432454037 0.4337240757439134 0 0.4008115419296664 0 0.4003606853020739 0.02238209432454037 0.402614968440036 0.029576338928856916
0 0.9220018034265104 0.39648281374900085 0.9368800721370605 0.4004796163069545 0.9445446348061317 0.4004796163069545 0.9477006311992787 0.39728217426059154 0.9477006311992787 0.3788968824940048 0.9409377817853922 0.3661071143085532 0.9215509467989179 0.3645083932853717 0.9183949504057709 0.37250199840127896 0.9179440937781785 0.390087929656275 0.9220018034265104 0.39648281374900085
0 0.8390441839495041 0.6658673061550759 0.8651938683498648 0.6706634692246204 0.8678990081154194 0.6666666666666666 0.8674481514878268 0.657074340527578 0.8629395852119026 0.64828137490008 0.8449053201082056 0.6418864908073542 0.8363390441839494 0.6442845723421263 0.836789900811542 0.6594724220623502 0.8390441839495041 0.6658673061550759
0 0.25473399458972046 0.7258193445243806 0.2660054102795311 0.7274180655475619 0.2687105500450857 0.7266187050359713 0.27006311992786297 0.7234212629896084 0.27006311992786297 0.7114308553157473 0.2678088367899008 0.7058353317346123 0.2551848512173129 0.704236610711431 0.25293056807935077 0.7130295763389289 0.25247971145175835 0.7234212629896084 0.25473399458972046 0.7258193445243806
0 0.4035166816952209 0.504396482813749 0.40712353471596036 0.504396482813749 0.41027953110910736 0.5011990407673861 0.41027953110910736 0.4876099120703437 0.40667267808836793 0.47641886490807356 0.3967538322813345 0.4756195043964829 0.39495040577096485 0.4796163069544365 0.39495040577096485 0.5011990407673861 0.4035166816952209 0.504396482813749
0 0.2709648331830478 0.13269384492406078 0.27412082957619477 0.13589128697042366 0.3007213706041479 0.13908872901678657 0.3034265103697024 0.13509192645883294 0.30387736699729484 0.12230215827338131 0.3002705139765554 0.11590727418065548 0.284941388638413 0.11270983213429257 0.27186654643823266 0.11270983213429257 0.26916140667267807 0.11590727418065548 0.2687105500450857 0.12629896083133493 0.2709648331830478 0.13269384492406078
0 0.8210099188458071 0.014388489208633094 0.8327321911632102 0.015187849720223821 0.8376916140667268 0.010391686650679457 0.8525698827772769 0.011990407673860913 0.8561767357980163 0.007993605115907274 0.8570784490532011 0 0.8183047790802525 0 0.8178539224526601 0.002398081534772182 0.8174030658250677 0.008792965627498003 0.8210099188458071 0.014388489208633094
0 0 0.10631494804156676 0.00721370604147881 0.10711430855315748 0.01036970243462579 0.1015187849720224 0.01127141568981064 0.07434052757793765 0.009918845807033363 0.06474820143884892 0.007664562669071236 0.06155075939248601 0.003606853020739405 0.060751398880895285 0 0.06155075939248601 0 0.10631494804156676
0 0.5622182146077548 0.5123900879296562 0.566726780883679 0.5163868904876099 0.5892696122633003 0.5195843325339728 0.5964833183047792 0.5179856115107914 0.5987376014427412 0.5035971223021583 0.5951307484220018 0.486810551558753 0.5897204688908927 0.4836131095123901 0.5716862037871957 0.4804156674660272 0.5640216411181245 0.4804156674660272 0.560414788097385 0.48441247002398086 0.5599639314697926 0.5011990407673861 0.5622182146077548 0.5123900879296562
0 0.6681695220919748 0.21103117505995203 0.6713255184851218 0.2222222222222222 0.6767357980162308 0.22541966426858515 0.6929666366095582 0.2270183852917666 0.700180342651037 0.2270183852917666 0.7019837691614067 0.22462030375699443 0.7037871956717764 0.21742605915267785 0.703336339044184 0.2014388489208633 0.7024346257889991 0.1918465227817746 0.6992786293958522 0.18545163868904876 0.6776375112714157 0.18545163868904876 0.669522091974752 0.18864908073541167 0.6681695220919748 0.19264588329336532 0.6681695220919748 0.21103117505995203
0 0.6650135256988278 0.7873701039168666 0.7006311992786294 0.7945643485211831 0.7055906221821461 0.7929656274980017 0.7073940486925159 0.7873701039168666 0.7087466185752931 0.7705835331734613 0.7078449053201082 0.7585931254996003 0.6925157799819658 0.7458033573141487 0.6645626690712354 0.7402078337330137 0.6609558160504959 0.7474020783373301 0.6591523895401262 0.7609912070343725 0.6591523895401262 0.7817745803357314 0.6650135256988278 0.7873701039168666
0 0.8949504057709649 0.011990407673860913 0.9129846708746618 0.014388489208633094 0.9161406672678089 0.010391686650679457 0.9165915238954013 0 0.8904418394950405 0 0.8899909828674482 0.007993605115907274 0.8949504057709649 0.011990407673860913
0 0.46934174932371503 0.10071942446043165 0.5027051397655545 0.1047162270183853 0.5072137060414789 0.09992006394884093 0.5067628494138864 0.09512390087929656 0.5018034265103697 0.09192645883293366 0.47385031559963936 0.08633093525179857 0.4666366095581605 0.08952837729816147 0.4666366095581605 0.09752198241406874 0.46934174932371503 0.10071942446043165
0 0.23760144274120829 0.8617106314948043 0.2479711451758341 0.8633093525179857 0.2520288548241659 0.862509992006395 0.2556357078449053 0.8585131894484412 0.25653742110009015 0.8521183053557154 0.25428313796212804 0.8457234212629897 0.25428313796212804 0.8385291766586731 0.25022542831379624 0.8305355715427658 0.24571686203787196 0.8281374900079936 0.23760144274120829 0.8289368505195844 0.2357980162308386 0.8361310951239008 0.2357980162308386 0.8577138289368506 0.23760144274120829 0.8617106314948043
0 0.6983769161406672 0.4420463629096723 0.7128043282236249 0.4444444444444444 0.7173128944995492 0.4420463629096723 0.7186654643823265 0.43165467625899284 0.7186654643823265 0.4060751398880896 0.7155094679891795 0.39728217426059154 0.7078449053201082 0.3932853717026379 0.6956717763751128 0.3924860111910472 0.6929666366095582 0.39408473221422863 0.6916140667267809 0.40367705835331735 0.6920649233543733 0.43804956035171866 0.6983769161406672 0.4420463629096723
0 0.3196573489630297 0.9992006394884093 0.32146077547339946 0.9936051159072742 0.32146077547339946 0.9864108713029576 0.3183047790802525 0.973621103117506 0.3146979260595131 0.9704236610711432 0.2966636609558161 0.9704236610711432 0.2939585211902615 0.9768185451638689 0.29305680793507666 0.9856115107913669 0.29260595130748424 0.9992006394884093 0.3196573489630297 0.9992006394884093
0 0.80297565374211 0.8737010391686652 0.8083859332732191 0.8737010391686652 0.8137962128043282 0.876898481215028 0.8210099188458071 0.8752997601918465 0.8237150586113616 0.8824940047961631 0.8259693417493238 0.8792965627498002 0.827321911632101 0.8561151079136692 0.8255184851217313 0.850519584332534 0.8043282236248873 0.8473221422861711 0.8011722272317404 0.8489208633093526 0.7993688007213706 0.853717026378897 0.8002705139765555 0.876898481215028 0.80297565374211 0.8737010391686652
0 0.3624887285843102 0.8553157474020784 0.38818755635707847 0.8577138289368506 0.3913435527502254 0.8521183053557154 0.3913435527502254 0.8401278976818546 0.38773669972948605 0.8361310951239008 0.3606853020739405 0.8345323741007195 0.3602344454463481 0.8497202238209433 0.3624887285843102 0.8553157474020784