0 0.42155094679891797 0.7202238209432456 0.4292155094679892 0.7210231814548362 0.4630297565374211 0.6970423661071143 0.46393146979260597 0.689048760991207 0.4612263300270514 0.6778577138289369 0.45671776375112716 0.6746602717825739 0.418394950405771 0.7026378896882494 0.418394950405771 0.7122302158273383 0.42155094679891797 0.7202238209432456
0 0.3557258791704238 0.44844124700239807 0.3606853020739405 0.4540367705835332 0.3994589720468891 0.42845723421262993 0.4012623985572588 0.4260591526778577 0.4012623985572588 0.4212629896083134 0.39720468890892696 0.407673860911271 0.39224526600541026 0.40687450039968026 0.35437330928764654 0.4324540367705836 0.3539224526600541 0.43804956035171866 0.3557258791704238 0.44844124700239807
0 0.3642921550946799 0.3876898481215028 0.366546438232642 0.3924860111910472 0.3764652840396754 0.39168665067945646 0.39314697926059516 0.38049560351718625 0.39495040577096485 0.37729816147082335 0.3913435527502254 0.36530775379696245 0.3868349864743012 0.3605115907274181 0.38097385031559966 0.36211031175059955 0.3656447249774572 0.3741007194244605 0.3642921550946799 0.3764988009592326 0.3642921550946799 0.3876898481215028
0 0.3309287646528404 0.5355715427657874 0.33498647430117223 0.5451638689048761 0.3376916140667268 0.5467625899280576 0.3462578899909829 0.5435651478816946 0.3651938683498648 0.5299760191846523 0.36880072137060416 0.5227817745803358 0.3656447249774572 0.5051958433253397 0.35888187556357076 0.49000799360511593 0.35211902614968443 0.49880095923261397 0.34039675383228135 0.5051958433253397 0.33498647430117223 0.5123900879296562 0.3309287646528404 0.5123900879296562 0.3291253381424707 0.5155875299760192 0.32822362488728585 0.5203836930455635 0.3309287646528404 0.5355715427657874
0 0.4012623985572588 0.6338928856914469 0.4341749323715059 0.6131095123900879 0.4431920649233544 0.6051159072741806 0.43958521190261496 0.586730615507594 0.4355275022542831 0.5827338129496403 0.4292155094679892 0.5899280575539568 0.4008115419296664 0.6083133493205436 0.3967538322813345 0.6155075939248602 0.39720468890892696 0.6266986410871304 0.4012623985572588 0.6338928856914469
0 0.5256988277727683 0.8313349320543566 0.5329125338142471 0.8545163868904877 0.539224526600541 0.853717026378897 0.5500450856627592 0.8465227817745804 0.5662759242560865 0.8305355715427658 0.5761947700631199 0.8249400479616307 0.5802524797114518 0.8161470823341327 0.584761045987376 0.8137490007993605 0.5793507664562669 0.7793764988009593 0.5761947700631199 0.771382893685052 0.5721370604147881 0.7681854516386891 0.5676284941388638 0.7681854516386891 0.5586113615870153 0.78017585931255 0.545536519386835 0.7865707434052758 0.5365193868349865 0.7953637090327739 0.5320108205590622 0.7969624300559552 0.5293056807935077 0.8025579536370904 0.5256988277727683 0.8025579536370904 0.5229936880072137 0.8057553956834532 0.5225428313796213 0.8121502797761792 0.5256988277727683 0.8313349320543566
0 0.44409377817853923 0.4836131095123901 0.445897204688909 0.4908073541167067 0.4495040577096483 0.495603517186251 0.45536519386834984 0.4932054356514788 0.49368800721370604 0.4636290967226219 0.5022542831379622 0.4556354916067146 0.503155996393147 0.44924060751398887 0.49729486023444547 0.4212629896083134 0.49413886384129846 0.4140687450039968 0.44048692515779986 0.4532374100719425 0.44003606853020744 0.460431654676259 0.44409377817853923 0.4836131095123901
0 0.2966636609558161 0.17106314948041568 0.3002705139765554 0.1838529176658673 0.30252479711451763 0.18705035971223025 0.3106402164111813 0.18625099920063948 0.32100991884580704 0.17985611510791366 0.32416591523895405 0.1750599520383693 0.32461677186654647 0.16866506794564348 0.32100991884580704 0.1486810551558753 0.3165013525698828 0.13589128697042366 0.31018935978358886 0.13589128697042366 0.29486023444544635 0.14548361310951238 0.2944093778178539 0.1542765787370104 0.2966636609558161 0.17106314948041568
0 0.2249774571686204 0.3581135091926459 0.22723174030658252 0.36930455635491605 0.23083859332732193 0.3741007194244605 0.23760144274120829 0.3733013589128697 0.25653742110009015 0.35891286970423664 0.2538322813345356 0.3405275779376499 0.2484220018034265 0.32454036770583533 0.22813345356176737 0.3309352517985612 0.2236248872858431 0.3349320543565148 0.2231740306582507 0.3445243804956035 0.2249774571686204 0.3581135091926459
0 0.345356176735798 0.592326139088729 0.3480613165013526 0.5931254996003198 0.35527502254283133 0.5915267785771383 0.35933273219116324 0.5859312549960032 0.37376014427412085 0.577937649880096 0.3800721370604148 0.5715427657873702 0.37330928764652843 0.5443645083932854 0.36880072137060416 0.5443645083932854 0.34039675383228135 0.5627498001598722 0.34355275022542836 0.5875299760191847 0.345356176735798 0.592326139088729
0 0.4382326420198377 0.8033573141486812 0.4431920649233544 0.8105515587529977 0.44679891794409377 0.8105515587529977 0.4558160504959423 0.8057553956834532 0.47790802524797116 0.7873701039168666 0.4833183047790803 0.7857713828936851 0.4842200180342651 0.7817745803357314 0.4810640216411181 0.7649880095923263 0.47700631199278626 0.7617905675459633 0.47339945897204694 0.7665867306155076 0.43913435527502254 0.7905675459632294 0.43778178539224527 0.7953637090327739 0.4382326420198377 0.8033573141486812
0 0.5040577096483319 0.7410071942446044 0.506311992786294 0.7450039968025579 0.5103697024346258 0.7466027178257394 0.5590622182146078 0.7122302158273383 0.560414788097385 0.697841726618705 0.5563570784490532 0.6746602717825739 0.5536519386834987 0.6690647482014389 0.5500450856627592 0.6682653876898482 0.4981965734896303 0.7058353317346123 0.4981965734896303 0.7138289368505196 0.5040577096483319 0.7410071942446044
0 0.29260595130748424 0.13589128697042366 0.29486023444544635 0.1398880895283773 0.2966636609558161 0.14148681055155876 0.3160504959422904 0.1334932054356515 0.3155996393146979 0.10711430855315748 0.31244364292155097 0.09672262190247803 0.3043282236248873 0.09512390087929656 0.28809738503155996 0.10231814548361312 0.2894499549143373 0.12070343725019984 0.29260595130748424 0.13589128697042366
0 0.38863841298467083 0.5851318944844125 0.3904418394950406 0.5883293365307755 0.3944995491433724 0.5883293365307755 0.4310189359783589 0.5627498001598722 0.4323715058611362 0.5603517186250999 0.4323715058611362 0.5539568345323741 0.42831379621280435 0.5411670663469225 0.42425608656447256 0.5411670663469225 0.38773669972948605 0.5667466027178258 0.3863841298467087 0.5699440447641887 0.3863841298467087 0.577937649880096 0.38863841298467083 0.5851318944844125
0 0.5536519386834987 0.9520383693045564 0.5721370604147881 0.9432454036770584 0.6000901713255185 0.9232613908872902 0.6077547339945897 0.9136690647482014 0.6064021641118125 0.9000799360511591 0.6023444544634806 0.885691446842526 0.5987376014427412 0.8776978417266187 0.5951307484220018 0.8752997601918465 0.5680793507664563 0.8968824940047961 0.5464382326420198 0.9096722621902479 0.5468890892696122 0.920863309352518 0.5536519386834987 0.9520383693045564
0 0.41794409377817854 0.2869704236610712 0.42741208295761945 0.2829736211031175 0.44229035166816955 0.27098321342925663 0.4571686203787196 0.26538768984812156 0.45987376014427417 0.2613908872901679 0.45987376014427417 0.2557953637090328 0.45356176735798015 0.23181454836131096 0.4495040577096483 0.22462030375699443 0.4463480613165014 0.22861710631494805 0.4224526600541028 0.24300559552358114 0.41073038773669973 0.2541966426858513 0.4129846708746619 0.27577937649880097 0.41794409377817854 0.2869704236610712
0 0.45671776375112716 0.5355715427657874 0.45987376014427417 0.5443645083932854 0.46393146979260597 0.5443645083932854 0.4945897204688909 0.521982414068745 0.4995491433724076 0.5155875299760192 0.5049594229035167 0.5163868904876099 0.5135256988277728 0.5107913669064749 0.5162308385933273 0.5059952038369305 0.5162308385933273 0.5003996802557954 0.5094679891794409 0.469224620303757 0.5049594229035167 0.46442845723421267 0.4522091974752029 0.504396482813749 0.4526600541027953 0.5179856115107914 0.45671776375112716 0.5355715427657874
0 0.4743011722272317 0.6091127098321344 0.4783588818755636 0.6227018385291766 0.4810640216411181 0.6394884092725819 0.4855725879170424 0.6466826538768985 0.4882777276825969 0.6466826538768985 0.503155996393147 0.6322941646682655 0.5180342651036971 0.6219024780175859 0.5360685302073941 0.6115107913669064 0.5387736699729486 0.6067146282973622 0.5378719567177638 0.5939248601119105 0.5347159603246168 0.5787370103916867 0.5293056807935077 0.565947242206235 0.4810640216411181 0.6003197442046363 0.47610459873760147 0.6019184652278178 0.4743011722272317 0.6051159072741806 0.4743011722272317 0.6091127098321344
0 0.3692515779981966 0.4948041566746603 0.37466185752930564 0.49640287769784175 0.4044183949504058 0.4756195043964829 0.41118124436429215 0.4748201438848921 0.41118124436429215 0.4668265387689848 0.40802524797114514 0.45163868904876103 0.4035166816952209 0.45003996802557955 0.3787195671776375 0.4660271782573941 0.366546438232642 0.4772182254196643 0.3651938683498648 0.48441247002398086 0.3692515779981966 0.4948041566746603
0 0.24481514878268712 0.15027977617905677 0.25653742110009015 0.14148681055155876 0.2799819657348963 0.13029576338928858 0.2867448151487827 0.12310151878497202 0.28539224526600543 0.10551558752997602 0.28088367899008115 0.09272581934452438 0.2772768259693417 0.08872901678657075 0.2587917042380523 0.09432454036770584 0.24165915238954014 0.10631494804156676 0.23715058611361586 0.10631494804156676 0.23715058611361586 0.12390087929656275 0.24481514878268712 0.15027977617905677
0 0.045987376014427414 0.16147082334132695 0.059062218214607755 0.15987210231814547 0.059062218214607755 0.15027977617905677 0.05725879170423805 0.14388489208633096 0.0509467989179441 0.14228617106314947 0.045987376014427414 0.14308553157474022 0.044634806131650134 0.14548361310951238 0.04418394950405771 0.15347721822541965 0.045987376014427414 0.16147082334132695
0 0.40802524797114514 0.6730615507593926 0.41568981064021643 0.6746602717825739 0.4486023444544635 0.6522781774580336 0.45311091073038773 0.6530775379696243 0.4540126239855726 0.6474820143884892 0.4495040577096483 0.6290967226219025 0.4449954914337241 0.6282973621103117 0.4138863841298467 0.6506794564348523 0.40667267808836793 0.6602717825739409 0.40577096483318303 0.6658673061550759 0.40802524797114514 0.6730615507593926
0 0.5432822362488728 0.9016786570743406 0.545536519386835 0.9024780175859313 0.5653742110009017 0.8936850519584333 0.5937781785392245 0.8729016786570745 0.5928764652840397 0.8689048760991207 0.5834084761045988 0.8665067945643485 0.5798016230838593 0.862509992006395 0.5816050495942291 0.8577138289368506 0.5937781785392245 0.8553157474020784 0.5901713255184852 0.832933653077538 0.5829576194770063 0.8161470823341327 0.5793507664562669 0.8169464428457234 0.5807033363390443 0.82414068745004 0.5788999098286746 0.8281374900079936 0.5513976555455365 0.8497202238209433 0.5387736699729486 0.8569144684252599 0.5351668169522091 0.862509992006395 0.5387736699729486 0.8880895283772982 0.5432822362488728 0.9016786570743406
0 0.37601442741208296 0.5363709032773781 0.3800721370604148 0.5419664268585133 0.3836789900811542 0.5419664268585133 0.3935978358881876 0.533972821742606 0.42110009017132555 0.5187849720223822 0.4224526600541028 0.5115907274180655 0.4188458070333634 0.49720223820943243 0.4143372407574391 0.4940047961630696 0.37556357078449054 0.5211830535571543 0.37466185752930564 0.5307753796962431 0.37601442741208296 0.5363709032773781
0 0.5112714156898106 0.7721822541966427 0.5153291253381425 0.7857713828936851 0.5225428313796213 0.7865707434052758 0.5383228133453561 0.7745803357314149 0.5464382326420198 0.771382893685052 0.5513976555455365 0.7641886490807354 0.5671776375112715 0.7521982414068745 0.5694319206492335 0.7466027178257394 0.5676284941388638 0.7258193445243806 0.5644724977457168 0.7178257394084733 0.5599639314697926 0.7170263788968825 0.5513976555455365 0.7266187050359713 0.5108205590622182 0.753796962430056 0.5099188458070334 0.7601918465227818 0.5112714156898106 0.7721822541966427
0 0.2236248872858431 0.03916866506794565 0.22678088367899008 0.05275779376498801 0.23083859332732193 0.059952038369304565 0.24211000901713256 0.05195843325339729 0.26465284039675385 0.04156674660271783 0.2678088367899008 0.042366107114308556 0.26825969341749323 0.04636290967226219 0.2723174030658251 0.050359712230215826 0.2709648331830478 0.04716227018385292 0.2723174030658251 0.045297362110311754 0.2723174030658251 0.03517186250999201 0.26916140667267807 0.011990407673860913 0.2655545536519387 0 0.25293056807935077 0 0.2520288548241659 0.002398081534772182 0.23985572587917042 0.007194244604316547 0.22272317403065825 0.019184652278177457 0.22227231740306583 0.0319744204636291 0.2236248872858431 0.03916866506794565
0 0.4287646528403968 0.7609912070343725 0.43056807935076646 0.765787370103917 0.4355275022542831 0.7673860911270984 0.4634806131650135 0.7466027178257394 0.47385031559963936 0.7418065547561951 0.47475202885482415 0.7370103916866507 0.4720468890892696 0.7234212629896084 0.47024346257889993 0.7194244604316546 0.4666366095581605 0.718625099920064 0.4287646528403968 0.7450039968025579 0.4269612263300271 0.748201438848921 0.4287646528403968 0.7609912070343725
0 0.02885482416591524 0.2094324540367706 0.03201082055906222 0.21342925659472425 0.03967538322813345 0.21183053557154277 0.04147880973850316 0.2030375699440448 0.0369702434625789 0.17346123101518784 0.031559963931469794 0.17106314948041568 0.025247971145175834 0.17266187050359713 0.023895401262398558 0.1750599520383693 0.023895401262398558 0.1894484412470024 0.02885482416591524 0.2094324540367706
0 0.4337240757439134 0.4372501998401279 0.43507664562669074 0.44124700239808157 0.4382326420198377 0.442845723421263 0.4697926059513075 0.42286171063149486 0.4837691614066727 0.4100719424460432 0.49098286744815145 0.407673860911271 0.48963029756537424 0.38609112709832133 0.4833183047790803 0.36930455635491605 0.4810640216411181 0.3669064748201439 0.4715960324616772 0.36930455635491605 0.4580703336339044 0.381294964028777 0.4278629395852119 0.4004796163069545 0.42741208295761945 0.4084732214228617 0.4337240757439134 0.4372501998401279
0 0.4666366095581605 0.5803357314148682 0.46934174932371503 0.5907274180655476 0.47385031559963936 0.595523581135092 0.48647430117222723 0.5891286970423661 0.49098286744815145 0.5835331734612311 0.4945897204688909 0.5835331734612311 0.4959422903516682 0.5803357314148682 0.5130748422001803 0.5667466027178258 0.5238954012623985 0.5611510791366906 0.5275022542831379 0.5555555555555556 0.5238954012623985 0.5323741007194245 0.5198376916140668 0.5299760191846523 0.4990982867448151 0.5283772981614708 0.46528403967538323 0.5523581135091926 0.4630297565374211 0.5595523581135092 0.4666366095581605 0.5803357314148682
0 0.24436429215509467 0.4060751398880896 0.2560865644724978 0.460431654676259 0.26375112714156895 0.460431654676259 0.2966636609558161 0.442845723421263 0.3020739404869252 0.43884892086330934 0.30748422001803427 0.4276578737010392 0.30522993688007216 0.390087929656275 0.30297565374211 0.3836930455635492 0.3011722272317403 0.36530775379696245 0.2984670874661858 0.3557154276578737 0.2957619477006312 0.35171862509992013 0.2867448151487827 0.3525179856115108 0.27186654643823266 0.3613109512390088 0.26465284039675385 0.36211031175059955 0.2515779981965735 0.37090327737809753 0.24436429215509467 0.37250199840127896 0.24165915238954014 0.3764988009592326 0.2412082957619477 0.3844924060751399 0.24436429215509467 0.4060751398880896
0 0.5838593327321911 0.6922462030375699 0.5874661857529305 0.7026378896882494 0.5897204688908927 0.704236610711431 0.594229035166817 0.7034372501998403 0.6266907123534716 0.6802557953637091 0.6248872858431019 0.657074340527578 0.6158701532912535 0.6354916067146283 0.6122633002705139 0.636290967226219 0.5964833183047792 0.6498800959232613 0.5816050495942291 0.657074340527578 0.5798016230838593 0.6602717825739409 0.5798016230838593 0.6714628297362111 0.5838593327321911 0.6922462030375699
0 0.2795311091073039 0.02557953637090328 0.29486023444544635 0.019984012789768184 0.3011722272317403 0.019984012789768184 0.3034265103697024 0.02238209432454037 0.30522993688007216 0.03357314148681055 0.3137962128043282 0.03437250199840128 0.32281334535617673 0.030375699440447643 0.32281334535617673 0.020783373301358914 0.3196573489630297 0 0.2750225428313796 0 0.27547339945897203 0.019184652278177457 0.2795311091073039 0.02557953637090328