0 0.8638412984670875 0.34852118305355717 0.8692515779981966 0.35331734612310156 0.8868349864743011 0.35411670663469225 0.8935978358881875 0.35171862509992013 0.8944995491433724 0.3493205435651479 0.89404869251578 0.3317346123101519 0.8836789900811541 0.3229416466826539 0.8656447249774571 0.3229416466826539 0.8624887285843102 0.32773780975219824 0.8620378719567178 0.34372501998401284 0.8638412984670875 0.34852118305355717
0 0.7380522993688007 0.3349320543565148 0.7479711451758341 0.33733013589128696 0.7551848512173129 0.33733013589128696 0.7565374211000901 0.3349320543565148 0.7578899909828674 0.3181454836131095 0.7551848512173129 0.31254996003197444 0.7412082957619477 0.31015187849720227 0.7371505861136158 0.31414868105515587 0.7366997294860235 0.3317346123101519 0.7380522993688007 0.3349320543565148
0 0.5396753832281335 0.9352517985611511 0.560414788097385 0.9368505195843326 0.5631199278629396 0.9264588329336532 0.5631199278629396 0.9168665067945644 0.5595130748422003 0.9104716227018386 0.545536519386835 0.9048760991207034 0.5428313796212805 0.906474820143885 0.539224526600541 0.9136690647482014 0.5374211000901714 0.9224620303756994 0.5369702434625789 0.9304556354916067 0.5396753832281335 0.9352517985611511
0 0.6681695220919748 0.6123101518784972 0.6717763751127143 0.6211031175059952 0.6929666366095582 0.6243005595523582 0.6979260595130748 0.6195043964828137 0.6983769161406672 0.6083133493205436 0.694770063119928 0.5971223021582733 0.6898106402164111 0.5947242206235012 0.669522091974752 0.5947242206235012 0.6681695220919748 0.5971223021582733 0.6681695220919748 0.6123101518784972
0 0.02660054102795311 0.5707434052757794 0.04192966636609558 0.5723421262989609 0.04418394950405771 0.5683453237410072 0.044634806131650134 0.5595523581135092 0.04328223624887286 0.5539568345323741 0.023895401262398558 0.5515587529976019 0.02164111812443643 0.5555555555555556 0.022091974752028856 0.5643485211830536 0.02660054102795311 0.5707434052757794
0 0.4981965734896303 0.40447641886490815 0.5072137060414789 0.40447641886490815 0.5094679891794409 0.4012789768185452 0.5076645626690712 0.3924860111910472 0.4977457168620379 0.3908872901678657 0.4959422903516682 0.3932853717026379 0.4959422903516682 0.4004796163069545 0.4981965734896303 0.40447641886490815
0 0.8683498647430118 0.19264588329336532 0.8872858431018936 0.19264588329336532 0.8999098286744815 0.19664268585131894 0.9030658250676284 0.18864908073541167 0.9021641118124436 0.17665867306155078 0.8963029756537422 0.17106314948041568 0.8764652840396754 0.16706634692246206 0.8688007213706042 0.16706634692246206 0.8651938683498648 0.17106314948041568 0.8651938683498648 0.18784972022382096 0.8683498647430118 0.19264588329336532
0 0.9594229035166817 0.7138289368505196 0.9693417493237151 0.7138289368505196 0.9711451758340848 0.7114308553157473 0.9702434625789 0.701039168665068 0.9580703336339044 0.7002398081534772 0.95536519386835 0.7026378896882494 0.95536519386835 0.7090327737809753 0.9594229035166817 0.7138289368505196
0 0.8512173128944995 0.6610711430855316 0.8557258791704238 0.6674660271782575 0.8832281334535618 0.6706634692246204 0.8845807033363391 0.6658673061550759 0.8845807033363391 0.6578737010391686 0.8832281334535618 0.6554756195043965 0.8656447249774571 0.6514788169464429 0.8521190261496844 0.6514788169464429 0.8507664562669072 0.6538768984812151 0.8512173128944995 0.6610711430855316
0 0.4981965734896303 0.38848920863309355 0.5090171325518486 0.3892885691446843 0.5112714156898106 0.3868904876099121 0.5108205590622182 0.3820943245403677 0.5081154192966637 0.37809752198241414 0.5018034265103697 0.3749000799360512 0.4981965734896303 0.3749000799360512 0.496844003606853 0.37729816147082335 0.49639314697926057 0.3868904876099121 0.4981965734896303 0.38848920863309355
0 0.8408476104598738 0.21183053557154277 0.8534715960324617 0.2094324540367706 0.8552750225428314 0.20623501199040767 0.8566275924256087 0.18625099920063948 0.8557258791704238 0.16786570743405277 0.8516681695220919 0.1630695443645084 0.8399458972046889 0.16227018385291767 0.8381424706943192 0.17026378896882494 0.8385933273219116 0.2094324540367706 0.8408476104598738 0.21183053557154277
0 0.2957619477006312 0.37170263788968827 0.3065825067628494 0.37250199840127896 0.3083859332732191 0.37010391686650684 0.3083859332732191 0.3597122302158273 0.30703336339044185 0.35651478816946447 0.30387736699729484 0.35411670663469225 0.29486023444544635 0.35651478816946447 0.2944093778178539 0.36930455635491605 0.2957619477006312 0.37170263788968827
0 0.4147880973850316 0.6338928856914469 0.4165915238954013 0.6298960831334932 0.4165915238954013 0.6227018385291766 0.4125338142470695 0.6187050359712231 0.39720468890892696 0.6187050359712231 0.3976555455365194 0.6314948041566747 0.4147880973850316 0.6338928856914469
0 0.32191163210099194 0.3756994404476419 0.33498647430117223 0.3764988009592326 0.33724075743913434 0.37250199840127896 0.33724075743913434 0.3661071143085532 0.33498647430117223 0.36370903277378097 0.31785392245266003 0.36211031175059955 0.3174030658250676 0.37010391686650684 0.32191163210099194 0.3756994404476419
0 0.9531109107303878 0.6970423661071143 0.9702434625789 0.697841726618705 0.9711451758340848 0.695443645083933 0.9715960324616773 0.6882494004796164 0.9697926059513075 0.6850519584332534 0.9526600541027953 0.6842525979216627 0.9517583408476105 0.6938449240607514 0.9531109107303878 0.6970423661071143
0 0.6068530207394048 0.8209432454036771 0.6181244364292156 0.8217426059152678 0.6199278629395851 0.8177458033573143 0.6190261496844004 0.8089528377298163 0.6136158701532913 0.8041566746602719 0.6064021641118125 0.8041566746602719 0.6041478809738504 0.8121502797761792 0.6041478809738504 0.818545163868905 0.6068530207394048 0.8209432454036771
0 0.3990081154192967 0.6474820143884892 0.4147880973850316 0.6498800959232613 0.4174932371505861 0.645083932853717 0.4165915238954013 0.6386890487609912 0.4147880973850316 0.636290967226219 0.39720468890892696 0.636290967226219 0.3967538322813345 0.6434852118305356 0.3990081154192967 0.6474820143884892
0 0 0.9080735411670664 0 0.9232613908872902 0.008566275924256087 0.9248601119104717 0.009918845807033363 0.9224620303756994 0.009467989179440937 0.9072741806554757 0.005861136158701533 0.9040767386091128 0.003606853020739405 0.906474820143885 0.002705139765554554 0.9040767386091128 0.0018034265103697026 0.9080735411670664 0 0.9080735411670664
0 0.1587015329125338 0.9112709832134293 0.16997294860234446 0.9144684252597922 0.17538322813345356 0.9144684252597922 0.17718665464382327 0.9112709832134293 0.17718665464382327 0.906474820143885 0.17493237150586113 0.9024780175859313 0.1636609558160505 0.8992805755395684 0.15734896302975654 0.9000799360511591 0.1568981064021641 0.9088729016786572 0.1587015329125338 0.9112709832134293
0 0.40396753832281335 0.3908872901678657 0.42155094679891797 0.39488409272581937 0.4269612263300271 0.39408473221422863 0.42831379621280435 0.3908872901678657 0.4278629395852119 0.3828936850519585 0.42515779981965734 0.38049560351718625 0.40712353471596036 0.37809752198241414 0.40216411181244366 0.38049560351718625 0.40216411181244366 0.3868904876099121 0.40396753832281335 0.3908872901678657
0 0.4035166816952209 0.9272581934452439 0.40802524797114514 0.9256594724220625 0.40802524797114514 0.9176658673061552 0.40577096483318303 0.9136690647482014 0.3990081154192967 0.9104716227018386 0.39404869251577995 0.91207034372502 0.3944995491433724 0.9240607513988809 0.4035166816952209 0.9272581934452439
0 0.5991884580703336 0.525179856115108 0.6131650135256989 0.5259792166266987 0.6199278629395851 0.521982414068745 0.6185752930568079 0.5187849720223822 0.6073038773669973 0.5115907274180655 0.5960324616771866 0.5123900879296562 0.5955816050495942 0.5195843325339728 0.5991884580703336 0.525179856115108
0 0.4495040577096483 0.6506794564348523 0.4648331830477908 0.6562749800159873 0.4720468890892696 0.6538768984812151 0.47294860234445446 0.636290967226219 0.4697926059513075 0.6306954436450839 0.4495040577096483 0.6250999200639489 0.4472497745716862 0.636290967226219 0.44679891794409377 0.6442845723421263 0.4495040577096483 0.6506794564348523
0 0.4905320108205591 0.8545163868904877 0.4959422903516682 0.8569144684252599 0.5058611361587015 0.8561151079136692 0.5090171325518486 0.8337330135891287 0.5090171325518486 0.8233413269384493 0.5072137060414789 0.8137490007993605 0.5036068530207394 0.8081534772182254 0.49368800721370604 0.8057553956834532 0.49098286744815145 0.8073541167066347 0.48963029756537424 0.8169464428457234 0.4891794409377818 0.8481215027977619 0.4905320108205591 0.8545163868904877
0 0.5162308385933273 0.9456434852118306 0.5256988277727683 0.9480415667466028 0.5297565374211001 0.9424460431654678 0.5297565374211001 0.938449240607514 0.5256988277727683 0.9312549960031975 0.5220919747520288 0.929656274980016 0.5153291253381425 0.9320543565147882 0.5148782687105501 0.9416466826538769 0.5162308385933273 0.9456434852118306
0 0.5126239855725879 0.9280575539568345 0.5175834084761046 0.9304556354916067 0.5252479711451759 0.9288569144684253 0.5252479711451759 0.9216626698641087 0.5225428313796213 0.9160671462829737 0.5112714156898106 0.9168665067945644 0.5108205590622182 0.9224620303756994 0.5126239855725879 0.9280575539568345
0 0.37917042380523 0.37809752198241414 0.39404869251577995 0.37969624300559557 0.3976555455365194 0.3764988009592326 0.39720468890892696 0.37170263788968827 0.3935978358881876 0.3677058353317346 0.37736699729486023 0.36530775379696245 0.3764652840396754 0.3741007194244605 0.37917042380523 0.37809752198241414
0 0.3002705139765554 0.627498001598721 0.3106402164111813 0.627498001598721 0.32100991884580704 0.6155075939248602 0.32281334535617673 0.6019184652278178 0.31920649233543735 0.5947242206235012 0.30703336339044185 0.5915267785771383 0.3011722272317403 0.592326139088729 0.2984670874661858 0.595523581135092 0.2975653742110009 0.6203037569944045 0.3002705139765554 0.627498001598721
0 0.8683498647430118 0.5459632294164669 0.8805229936880072 0.548361310951239 0.8895401262398558 0.5467625899280576 0.8904418394950405 0.5347721822541966 0.8877366997294861 0.5259792166266987 0.8805229936880072 0.521982414068745 0.8660955816050496 0.521982414068745 0.8656447249774571 0.5379696243005596 0.8683498647430118 0.5459632294164669
0 0.7249774571686204 0.5499600319744204 0.733092876465284 0.5571542765787371 0.7488728584310189 0.5563549160671463 0.7511271415689811 0.5371702637889688 0.7493237150586113 0.525179856115108 0.7380522993688007 0.5203836930455635 0.7231740306582507 0.5203836930455635 0.7227231740306583 0.5419664268585133 0.7249774571686204 0.5499600319744204
0 0.6893597835888188 0.6682653876898482 0.6979260595130748 0.6818545163868905 0.703336339044184 0.6818545163868905 0.7028854824165914 0.6722621902478018 0.6920649233543733 0.6530775379696243 0.6893597835888188 0.6506794564348523 0.6862037871956718 0.6530775379696243 0.6862037871956718 0.6610711430855316 0.6893597835888188 0.6682653876898482
0 0.5504959422903517 0.6674660271782575 0.5707844905320109 0.6690647482014389 0.5752930568079351 0.6642685851318945 0.5757439134355276 0.6522781774580336 0.5743913435527502 0.6458832933653078 0.5694319206492335 0.6434852118305356 0.5532010820559062 0.642685851318945 0.548692515779982 0.642685851318945 0.5473399458972047 0.645083932853717 0.5473399458972047 0.6578737010391686 0.5504959422903517 0.6674660271782575
0 0.8688007213706042 0.6834532374100719 0.8814247069431921 0.6850519584332534 0.8841298467087467 0.6762589928057555 0.8827772768259693 0.6722621902478018 0.8805229936880072 0.6714628297362111 0.8651938683498648 0.6698641087130296 0.8642921550946799 0.6778577138289369 0.8688007213706042 0.6834532374100719
0 0.8106402164111812 0.6994404476418865 0.8291253381424708 0.6994404476418865 0.830477908025248 0.6842525979216627 0.8282236248872858 0.6754596322941646 0.8187556357078449 0.6730615507593926 0.809287646528404 0.6754596322941646 0.8088367899008116 0.6898481215027978 0.8106402164111812 0.6994404476418865
0 0.5099188458070334 0.859312549960032 0.5121731289449956 0.8617106314948043 0.5369702434625789 0.8657074340527579 0.5401262398557259 0.8609112709832134 0.5410279531109107 0.8473221422861711 0.5383228133453561 0.8353317346123101 0.5365193868349865 0.832933653077538 0.5153291253381425 0.8305355715427658 0.5099188458070334 0.8409272581934453 0.5094679891794409 0.8553157474020784 0.5099188458070334 0.859312549960032
0 0.5915238954012624 0.6434852118305356 0.5960324616771866 0.6458832933653078 0.6127141568981065 0.6458832933653078 0.6145175834084761 0.6434852118305356 0.6158701532912535 0.6290967226219025 0.6149684400360685 0.6219024780175859 0.6118124436429215 0.6147082334132695 0.5937781785392245 0.6091127098321344 0.5897204688908927 0.6163069544364509 0.5892696122633003 0.6306954436450839 0.5915238954012624 0.6434852118305356
0 0.5784490532010821 0.9256594724220625 0.587917042380523 0.9288569144684253 0.5955816050495942 0.9272581934452439 0.5951307484220018 0.9160671462829737 0.5892696122633003 0.9104716227018386 0.5816050495942291 0.9072741806554757 0.5779981965734896 0.9072741806554757 0.5757439134355276 0.9104716227018386 0.5757439134355276 0.9192645883293366 0.5784490532010821 0.9256594724220625
0 0.30703336339044185 0.9224620303756994 0.3205590622182146 0.9240607513988809 0.32551848512173126 0.9216626698641087 0.32416591523895405 0.9112709832134293 0.3065825067628494 0.9088729016786572 0.30522993688007216 0.915267785771383 0.30703336339044185 0.9224620303756994
0 0.6321009918845808 0.9424460431654678 0.6514878268710551 0.9440447641886491 0.6537421100090172 0.9416466826538769 0.6532912533814247 0.9264588329336532 0.6483318304779081 0.9176658673061552 0.6438232642019839 0.915267785771383 0.6330027051397656 0.915267785771383 0.630297565374211 0.920863309352518 0.6298467087466186 0.9368505195843326 0.6321009918845808 0.9424460431654678
0 0.40396753832281335 0.9416466826538769 0.40712353471596036 0.9392486011191048 0.4075743913435528 0.9320543565147882 0.40622182146077546 0.9280575539568345 0.3976555455365194 0.9240607513988809 0.3935978358881876 0.9248601119104717 0.39404869251577995 0.9392486011191048 0.40396753832281335 0.9416466826538769
0 0.9905320108205591 0.7290167865707434 0.9995491433724076 0.7282174260591526 0.9995491433724076 0.6914468425259792 0.9828674481514879 0.6906474820143885 0.9801623083859333 0.6946442845723421 0.9815148782687105 0.7234212629896084 0.9905320108205591 0.7290167865707434
0 0.3257962128043282 0.9084428457234213 0.3267493237150586 0.9012541966426859 0.3257628494138864 0.9002877697841727 0.3251735798016231 0.8959432454036772 0.32004418394950407 0.8956107114308554 0.31994995491433725 0.9072086330935251 0.3257962128043282 0.9084428457234213
0 0.16526600541027955 0.8877154276578737 0.16470423805229936 0.885580335731415 0.16453246167718666 0.8829264588329336 0.15850225428313797 0.8806626698641088 0.15886834986474302 0.8924172661870503 0.16496393146979263 0.8936826538768985 0.16526600541027955 0.8877154276578737
0 0.7088588818755637 0.9624676258992807 0.7076442741208296 0.9595915267785772 0.7074770063119928 0.9574300559552358 0.695651487826871 0.9566203037569944 0.6958800721370605 0.9666898481215028 0.708388187556357 0.967078337330136 0.7088588818755637 0.9624676258992807
0 0.7115247971145175 0.937501998401279 0.7121451758340848 0.9295851318944846 0.7087493237150587 0.9256706634692246 0.6940401262398558 0.9218393285371703 0.6937091974752029 0.9327793764988009 0.7115247971145175 0.937501998401279
0 0.7061591523895401 0.94189448441247 0.7073187556357079 0.9518129496402878 0.7132840396753833 0.9512901678657075 0.7115802524797116 0.9413980815347722 0.7061591523895401 0.94189448441247
0 0.7872403065825068 0.9244124700239809 0.7869959422903517 0.9208808952837729 0.7753196573489631 0.9203876898481215 0.7753196573489631 0.930955235811351 0.7869544634806132 0.93159792166267 0.7872403065825068 0.9244124700239809
0 0.7863602344454463 0.9544484412470026 0.7861672678088368 0.9426123101518785 0.7736307484220019 0.9425395683453238 0.7742858431018936 0.9533101518784972 0.7863602344454463 0.9544484412470026
0 0.7704842200180343 0.9448217426059153 0.7653205590622183 0.944765787370104 0.7654120829576194 0.9557593924860113 0.7713467087466186 0.9546842525979217 0.7704842200180343 0.9448217426059153
0 0.6107227231740308 0.8412454036770584 0.6220946798917945 0.842347721822542 0.6213647430117222 0.8308369304556356 0.6104526600541028 0.830086330935252 0.6107227231740308 0.8412454036770584
0 0.8360680793507664 0.5273413269384493 0.8241740306582507 0.5252525979216627 0.8237741208295764 0.5396994404476418 0.8367614968440036 0.5396954436450839 0.8360680793507664 0.5273413269384493
0 0.8253908926961228 0.543783373301359 0.8144188458070334 0.5419456434852119 0.8141875563570784 0.5589496402877698 0.825939134355275 0.5579432454036771 0.8253908926961228 0.543783373301359
0 0.8458746618575295 0.548357314148681 0.8389440937781786 0.546925659472422 0.839168169522092 0.5503133493205437 0.8338764652840397 0.5503133493205437 0.8331645626690714 0.5606834532374101 0.8432515779981967 0.5622150279776179 0.8458791704238052 0.5584996003197442 0.8458746618575295 0.548357314148681
0 0.8369495040577097 0.590761790567546 0.8376699729486025 0.5795715427657874 0.8341695220919748 0.5727258193445244 0.8315455365193869 0.5795659472422062 0.8308020739404869 0.5898081534772183 0.8369495040577097 0.590761790567546
0 0.8450275022542831 0.5838289368505196 0.8454156898106403 0.5742006394884093 0.8436830477908025 0.5751782573940848 0.84404869251578 0.5684116706634692 0.8387317403065825 0.5689720223820943 0.8385180342651037 0.5849424460431655 0.8450275022542831 0.5838289368505196