0 0.059513074842200184 0.9960031974420465 0.08340847610459873 0.9992006394884093 0.09287646528403969 0.991207034372502 0.08881875563570783 0.9832134292565947 0.07980162308385934 0.9728217426059154 0.06807935076645627 0.9640287769784173 0.06402164111812444 0.9648281374900081 0.059513074842200184 0.9792166266986412 0.05770964833183048 0.991207034372502 0.059513074842200184 0.9960031974420465
0 0.5577096483318305 0.1630695443645084 0.5617673579801623 0.1654676258992806 0.5703336339044184 0.1654676258992806 0.5734896302975654 0.16067146282973624 0.573038773669973 0.14708233413269386 0.5595130748422003 0.14068745003996805 0.5568079350766456 0.14068745003996805 0.5550045085662759 0.14388489208633096 0.5550045085662759 0.15827338129496404 0.5577096483318305 0.1630695443645084
0 0.4197475202885482 0.18625099920063948 0.4355275022542831 0.18705035971223025 0.4386834986474301 0.18465227817745802 0.4386834986474301 0.17905675459632295 0.4368800721370604 0.17426059152677859 0.43192064923354373 0.17186250999200642 0.42019837691614065 0.17346123101518784 0.418394950405771 0.1750599520383693 0.4197475202885482 0.18625099920063948
0 0.44229035166816955 0.49000799360511593 0.45671776375112716 0.48920863309352525 0.4594229035166817 0.48441247002398086 0.46032461677186653 0.47242206235011996 0.45761947700631195 0.4668265387689848 0.4486023444544635 0.46282973621103124 0.4431920649233544 0.46282973621103124 0.44138863841298465 0.46522781774580335 0.4409377817853923 0.4876099120703437 0.44229035166816955 0.49000799360511593
0 0 0.3764988009592326 0 0.3908872901678657 0.015329125338142471 0.40447641886490815 0.018935978358881875 0.40527577937649883 0.025247971145175834 0.3844924060751399 0.022091974752028856 0.3733013589128697 0.018935978358881875 0.3677058353317346 0.011722272317403066 0.36211031175059955 0.0040577096483318306 0.3661071143085532 0.0018034265103697026 0.3756994404476419 0 0.3764988009592326
0 0.4075743913435528 0.18864908073541167 0.415238954012624 0.18864908073541167 0.4197475202885482 0.18545163868904876 0.418394950405771 0.17665867306155078 0.4161406672678088 0.17426059152677859 0.41073038773669973 0.17346123101518784 0.4044183949504058 0.17665867306155078 0.4044183949504058 0.18545163868904876 0.4075743913435528 0.18864908073541167
0 0.34220018034265104 0.586730615507594 0.3489630297565374 0.592326139088729 0.3525698827772768 0.5915267785771383 0.35617673579801623 0.5883293365307755 0.3606853020739405 0.577937649880096 0.36113615870153287 0.5643485211830536 0.3557258791704238 0.5547561950439649 0.348512173128945 0.5515587529976019 0.34445446348061315 0.5587529976019185 0.3408476104598738 0.5763389288569145 0.34039675383228135 0.5819344524380495 0.34220018034265104 0.586730615507594
0 0.10955816050495942 0.08073541167066348 0.11902614968440037 0.0903277378097522 0.12623985572587917 0.08792965627498003 0.130297565374211 0.07993605115907274 0.13435527502254285 0.05355715427657874 0.1280432822362489 0.04316546762589928 0.11947700631199279 0.03836930455635491 0.1127141568981064 0.05675459632294165 0.10775473399458972 0.07434052757793765 0.10955816050495942 0.08073541167066348
0 0.04418394950405771 0.8697042366107114 0.05365193868349865 0.876898481215028 0.058160504959422904 0.876898481215028 0.06086564472497746 0.8729016786570745 0.062218214607754736 0.8665067945643485 0.061316501352569885 0.8601119104716227 0.05365193868349865 0.8441247002398081 0.04508566275924256 0.8401278976818546 0.04328223624887286 0.8409272581934453 0.04057709648331831 0.8481215027977619 0.04012623985572588 0.859312549960032 0.04418394950405771 0.8697042366107114
0 0.2777276825969342 0.8409272581934453 0.2885482416591524 0.8457234212629897 0.2935076645626691 0.844924060751399 0.2966636609558161 0.8377298161470824 0.2971145175834085 0.8313349320543566 0.29486023444544635 0.8193445243804957 0.28313796212804326 0.8073541167066347 0.27908025247971147 0.8121502797761792 0.27592425608656446 0.82414068745004 0.2777276825969342 0.8409272581934453
0 0.31109107303877365 0.7338129496402878 0.32822362488728585 0.7505995203836932 0.3318304779080253 0.7513988808952838 0.33498647430117223 0.748201438848921 0.33859332732191166 0.7394084732214229 0.3363390441839495 0.7290167865707434 0.32100991884580704 0.7162270183852918 0.3137962128043282 0.7130295763389289 0.31018935978358886 0.7210231814548362 0.3097385031559964 0.7298161470823342 0.31109107303877365 0.7338129496402878
0 0.0951307484220018 0.08952837729816147 0.09873760144274121 0.1015187849720224 0.109107303877367 0.1135091926458833 0.1127141568981064 0.11430855315747403 0.11587015329125337 0.1111111111111111 0.12037871956717765 0.09912070343725021 0.11992786293958521 0.09272581934452438 0.11541929666366096 0.08713029576338929 0.09873760144274121 0.07913669064748202 0.09693417493237151 0.08073541167066348 0.0951307484220018 0.08393285371702638 0.0951307484220018 0.08952837729816147
0 0.5018034265103697 0.5771382893685052 0.5045085662759243 0.5795363709032775 0.5126239855725879 0.577937649880096 0.5153291253381425 0.5619504396482814 0.5148782687105501 0.5491606714628298 0.5090171325518486 0.5419664268585133 0.5027051397655545 0.5411670663469225 0.5009017132551848 0.542765787370104 0.4995491433724076 0.5499600319744204 0.4995491433724076 0.565947242206235 0.5018034265103697 0.5771382893685052
0 0.13570784490532012 0.21342925659472425 0.14382326420198377 0.22462030375699443 0.14743011722272317 0.2270183852917666 0.15058611361587015 0.22462030375699443 0.15554553651938682 0.2094324540367706 0.15464382326420198 0.19584332533972823 0.15238954012623987 0.1894484412470024 0.1501352569882777 0.18545163868904876 0.14201983769161408 0.18225419664268586 0.14021641118124437 0.1838529176658673 0.13660955816050496 0.19744204636290968 0.13480613165013525 0.20623501199040767 0.13570784490532012 0.21342925659472425
0 0.3205590622182146 0.5899280575539568 0.32777276825969337 0.5971223021582733 0.3313796212804328 0.5963229416466826 0.3363390441839495 0.5819344524380495 0.3345356176735798 0.5699440447641887 0.3318304779080253 0.5643485211830536 0.3291253381424707 0.5627498001598722 0.32281334535617673 0.5651478816946442 0.3183047790802525 0.5739408473221423 0.31785392245266003 0.5803357314148682 0.3205590622182146 0.5899280575539568
0 0.23354373309287646 0.9600319744204637 0.24436429215509467 0.9680255795363709 0.2479711451758341 0.9688249400479617 0.2515779981965735 0.9616306954436452 0.25067628494138866 0.9496402877697842 0.23895401262398558 0.9376498800959233 0.23489630297565375 0.9392486011191048 0.2321911632100992 0.9480415667466028 0.23174030658250674 0.9560351718625101 0.23354373309287646 0.9600319744204637
0 0.020288548241659154 0.906474820143885 0.02614968440036069 0.9160671462829737 0.03201082055906222 0.9216626698641087 0.04192966636609558 0.9216626698641087 0.045536519386834985 0.9048760991207034 0.042380522993688004 0.8928856914468426 0.03877366997294861 0.8864908073541167 0.029756537421100092 0.8792965627498002 0.025247971145175834 0.8784972022382095 0.02254283137962128 0.8832933653077538 0.01848512173128945 0.897681854516387 0.020288548241659154 0.906474820143885
0 0.13931469792605952 0.14708233413269386 0.1501352569882777 0.15587529976019188 0.15419296663660956 0.1566746602717826 0.1582506762849414 0.1510791366906475 0.16095581605049597 0.14308553157474022 0.1618575293056808 0.1334932054356515 0.15464382326420198 0.12230215827338131 0.1460775473399459 0.11830535571542766 0.1424706943192065 0.12150279776179057 0.1375112714156898 0.1374900079936051 0.13706041478809738 0.14228617106314947 0.13931469792605952 0.14708233413269386
0 0.23309287646528404 0.20223820943245407 0.23715058611361586 0.20623501199040767 0.2407574391343553 0.20543565147881696 0.24526600541027954 0.19584332533972823 0.24706943192064923 0.18864908073541167 0.24616771866546439 0.18465227817745802 0.24165915238954014 0.17825739408473223 0.23083859332732193 0.17825739408473223 0.23038773669972948 0.18545163868904876 0.23309287646528404 0.20223820943245407
0 0.0951307484220018 0.6682653876898482 0.1127141568981064 0.6826538768984812 0.11902614968440037 0.6794564348521184 0.12308385933273219 0.6674660271782575 0.12308385933273219 0.657074340527578 0.12037871956717765 0.6522781774580336 0.10324616771866547 0.6354916067146283 0.09873760144274121 0.6346922462030377 0.09422903516681697 0.6522781774580336 0.09377817853922453 0.6650679456434853 0.0951307484220018 0.6682653876898482
0 0.2921550946798918 0.5611510791366906 0.3133453561767358 0.574740207833733 0.3169522091974752 0.5739408473221423 0.31875563570784493 0.5699440447641887 0.3196573489630297 0.5603517186250999 0.31785392245266003 0.5563549160671463 0.3097385031559964 0.5515587529976019 0.2984670874661858 0.5387689848121503 0.29531109107303877 0.5387689848121503 0.29260595130748424 0.5435651478816946 0.29080252479711455 0.5531574740207834 0.2921550946798918 0.5611510791366906
0 0 0.7242206235011991 0.004959422903516681 0.7242206235011991 0.01036970243462579 0.7170263788968825 0.01127141568981064 0.7082334132693845 0.004959422903516681 0.6938449240607514 0.001352569882777277 0.6914468425259792 0 0.6914468425259792 0 0.7242206235011991
0 0 0.5123900879296562 0.005410279531109108 0.5123900879296562 0.009017132551848512 0.5083932853717026 0.013976555455365193 0.4940047961630696 0.016681695220919748 0.47002398081534774 0.002254283137962128 0.4572342126298961 0 0.4572342126298961 0 0.5123900879296562
0 0.13931469792605952 0.7529976019184652 0.14337240757439135 0.7513988808952838 0.1478809738503156 0.7418065547561951 0.1460775473399459 0.7338129496402878 0.1375112714156898 0.7250199840127898 0.13345356176735798 0.7242206235011991 0.12984670874661858 0.7338129496402878 0.130297565374211 0.7442046362909672 0.13931469792605952 0.7529976019184652
0 0.46528403967538323 0.6354916067146283 0.4720468890892696 0.6410871302957634 0.47745716862037874 0.636290967226219 0.47971145175834085 0.6243005595523582 0.47971145175834085 0.6147082334132695 0.47790802524797116 0.6099120703437251 0.4675383228133454 0.6051159072741806 0.46528403967538323 0.6075139888089529 0.4634806131650135 0.6171063149480416 0.4625788999098287 0.6298960831334932 0.46528403967538323 0.6354916067146283
0 0.13345356176735798 0.5435651478816946 0.1510369702434626 0.5675459632294165 0.1568981064021641 0.5707434052757794 0.16275924256086563 0.5675459632294165 0.1654643823264202 0.5611510791366906 0.1654643823264202 0.5395683453237411 0.1568981064021641 0.5331734612310152 0.15058611361587015 0.5187849720223822 0.14517583408476106 0.5139888089528377 0.13931469792605952 0.5107913669064749 0.13615870153291254 0.5155875299760192 0.13300270513976556 0.5347721822541966 0.13345356176735798 0.5435651478816946
0 0.01848512173128945 0.5307753796962431 0.02885482416591524 0.5403677058353318 0.03651938683498648 0.542765787370104 0.04057709648331831 0.5323741007194245 0.04147880973850316 0.521982414068745 0.04012623985572588 0.5179856115107914 0.0369702434625789 0.5123900879296562 0.02569882777276826 0.5027977617905676 0.019837691614066726 0.5051958433253397 0.016230838593327322 0.5139888089528377 0.015779981965734897 0.5187849720223822 0.01848512173128945 0.5307753796962431
0 0.3169522091974752 0.7026378896882494 0.3313796212804328 0.7178257394084733 0.3417493237150586 0.7226219024780176 0.3471596032461677 0.7138289368505196 0.3471596032461677 0.7058353317346123 0.345356176735798 0.6994404476418865 0.34039675383228135 0.6922462030375699 0.3309287646528404 0.6898481215027978 0.32100991884580704 0.6786570743405277 0.3169522091974752 0.6794564348521184 0.3133453561767358 0.6874500399680257 0.3133453561767358 0.6962430055955237 0.3169522091974752 0.7026378896882494
0 0.3660955816050496 0.7649880095923263 0.3660955816050496 0.7689848121502798 0.37466185752930564 0.7817745803357314 0.3800721370604148 0.7833733013589129 0.3841298467087466 0.7785771382893686 0.3868349864743012 0.7705835331734613 0.38954012623985573 0.748201438848921 0.3841298467087466 0.7330135891286971 0.3800721370604148 0.7298161470823342 0.37556357078449054 0.7346123101518786 0.37060414788097384 0.7561950439648283 0.3660955816050496 0.7649880095923263
0 0.29981965734896304 0.8121502797761792 0.3106402164111813 0.815347721822542 0.3146979260595131 0.806554756195044 0.3169522091974752 0.7961630695443646 0.3151487826871055 0.7889688249400479 0.30928764652840396 0.7849720223820944 0.30297565374211 0.7881694644284573 0.2971145175834085 0.8001598721023181 0.2966636609558161 0.8049560351718625 0.29981965734896304 0.8121502797761792
0 0.3999098286744815 0.11191047162270185 0.4030658250676285 0.12470023980815349 0.40802524797114514 0.12629896083133493 0.41568981064021643 0.12150279776179057 0.4161406672678088 0.1135091926458833 0.41343552750225426 0.09912070343725021 0.40712353471596036 0.09832134292565947 0.4008115419296664 0.10231814548361312 0.3994589720468891 0.10551558752997602 0.3999098286744815 0.11191047162270185
0 0.10595130748422002 0.91207034372502 0.1127141568981064 0.9160671462829737 0.11992786293958521 0.9080735411670664 0.12173128944995491 0.897681854516387 0.11992786293958521 0.8912869704236611 0.11045987376014427 0.8872901678657075 0.10550045085662758 0.8904876099120704 0.10459873760144275 0.9088729016786572 0.10595130748422002 0.91207034372502
0 0.47294860234445446 0.5531574740207834 0.4810640216411181 0.5587529976019185 0.4860234445446348 0.5563549160671463 0.48782687105500455 0.5499600319744204 0.48782687105500455 0.5411670663469225 0.4860234445446348 0.5363709032773781 0.4815148782687106 0.5323741007194245 0.4765554553651939 0.5323741007194245 0.4715960324616772 0.5387689848121503 0.47024346257889993 0.5467625899280576 0.47294860234445446 0.5531574740207834
0 0.3913435527502254 0.9688249400479617 0.4003606853020739 0.9792166266986412 0.4044183949504058 0.9760191846522782 0.40892696122633004 0.9632294164668266 0.40892696122633004 0.9576338928856915 0.40667267808836793 0.9512390087929657 0.40171325518485124 0.9424460431654678 0.39495040577096485 0.9368505195843326 0.3904418394950406 0.9408473221422862 0.3863841298467087 0.9568345323741008 0.3868349864743012 0.9664268585131894 0.3913435527502254 0.9688249400479617