0 0.45626690712353474 0.82414068745004 0.4648331830477908 0.8281374900079936 0.47385031559963936 0.8289368505195844 0.47565374211000905 0.8265387689848122 0.47520288548241657 0.800959232613909 0.47294860234445446 0.7921662669864108 0.4661857529305681 0.7889688249400479 0.4522091974752029 0.7897681854516387 0.45130748422001804 0.809752198241407 0.45626690712353474 0.82414068745004
0 0.5324616771866546 0.4012789768185452 0.5446348061316502 0.40367705835331735 0.5504959422903517 0.4020783373301359 0.5504959422903517 0.39488409272581937 0.5473399458972047 0.39168665067945646 0.5347159603246168 0.38848920863309355 0.5311091073038774 0.3908872901678657 0.5306582506762849 0.39728217426059154 0.5324616771866546 0.4012789768185452
0 0.5293056807935077 0.4540367705835332 0.5414788097385032 0.4556354916067146 0.5446348061316502 0.4524380495603517 0.5446348061316502 0.44924060751398887 0.5401262398557259 0.44364508393285373 0.5293056807935077 0.4404476418864908 0.5261496844003607 0.4420463629096723 0.5256988277727683 0.44844124700239807 0.5293056807935077 0.4540367705835332
0 0.8237150586113616 0.6410871302957634 0.8300270513976555 0.6434852118305356 0.8354373309287646 0.6434852118305356 0.8372407574391344 0.6410871302957634 0.8381424706943192 0.6290967226219025 0.8358881875563571 0.6203037569944045 0.8277727682596934 0.6179056754596324 0.8232642019837692 0.6227018385291766 0.8223624887285843 0.6354916067146283 0.8237150586113616 0.6410871302957634
0 0.08476104598737601 0.4188649080735412 0.09242560865644725 0.42206235011990406 0.09873760144274121 0.4180655475619504 0.09918845807033362 0.40527577937649883 0.09558160504959423 0.39568345323741005 0.09062218214607755 0.3932853717026379 0.08340847610459873 0.39568345323741005 0.08295761947700632 0.407673860911271 0.08476104598737601 0.4188649080735412
0 0.7678088367899009 0.4772182254196643 0.7799819657348963 0.4772182254196643 0.7835888187556357 0.47322142286171065 0.7831379621280433 0.46522781774580335 0.7808836789900812 0.46203037569944044 0.7651036970243462 0.4572342126298961 0.7646528403967539 0.4708233413269384 0.7678088367899009 0.4772182254196643
0 0.5329125338142471 0.42366107114308554 0.5468890892696122 0.425259792166267 0.5495942290351669 0.4212629896083134 0.5495942290351669 0.4172661870503597 0.5468890892696122 0.4132693844924061 0.5347159603246168 0.4108713029576339 0.5306582506762849 0.4140687450039968 0.5302073940486925 0.4196642685851319 0.5329125338142471 0.42366107114308554
0 0.4675383228133454 0.7322142286171064 0.4720468890892696 0.7306155075939249 0.47249774571686204 0.7170263788968825 0.4697926059513075 0.7082334132693845 0.4657348963029757 0.7058353317346123 0.45536519386834984 0.7058353317346123 0.45446348061316505 0.7082334132693845 0.4549143372407574 0.7290167865707434 0.4675383228133454 0.7322142286171064
0 0.43778178539224527 0.7258193445243806 0.4454463480613165 0.7290167865707434 0.45356176735798015 0.7274180655475619 0.45446348061316505 0.7202238209432456 0.4517583408476105 0.7050359712230216 0.44048692515779986 0.7018385291766587 0.4368800721370604 0.704236610711431 0.436429215509468 0.7202238209432456 0.43778178539224527 0.7258193445243806
0 0.7642019837691614 0.495603517186251 0.7822362488728585 0.5051958433253397 0.7858431018935979 0.5011990407673861 0.7858431018935979 0.4924060751398881 0.7826871055004508 0.486810551558753 0.7660054102795312 0.48121502797761795 0.7614968440036068 0.48201438848920863 0.760595130748422 0.48840927258193445 0.7642019837691614 0.495603517186251
0 0.07078449053201082 0.5091926458832934 0.07799819657348962 0.513189448441247 0.08205590622182146 0.5115907274180655 0.08476104598737601 0.4940047961630696 0.08385933273219116 0.4804156674660272 0.07754733994589721 0.47641886490807356 0.06988277727682597 0.48121502797761795 0.06898106402164111 0.4932054356514788 0.07078449053201082 0.5091926458832934
0 0.49413886384129846 0.4140687450039968 0.5117222723174031 0.4172661870503597 0.5157799819657348 0.41486810551558756 0.5148782687105501 0.39168665067945646 0.5130748422001803 0.3836930455635492 0.49639314697926057 0.37809752198241414 0.49413886384129846 0.37809752198241414 0.49233543733092877 0.381294964028777 0.49188458070333635 0.40367705835331735 0.49413886384129846 0.4140687450039968
0 0.7858431018935979 0.6346922462030377 0.8043282236248873 0.6370903277378098 0.8074842200180342 0.6306954436450839 0.806131650135257 0.6227018385291766 0.80297565374211 0.6195043964828137 0.7899008115419297 0.6171063149480416 0.7840396753832282 0.6195043964828137 0.7840396753832282 0.6314948041566747 0.7858431018935979 0.6346922462030377
0 0.7123534715960325 0.6298960831334932 0.7245266005410279 0.6322941646682655 0.736248872858431 0.6298960831334932 0.736248872858431 0.6235011990407675 0.7317403065825068 0.6179056754596324 0.7209197475202885 0.6155075939248602 0.7114517583408476 0.6171063149480416 0.7105500450856627 0.6266986410871304 0.7123534715960325 0.6298960831334932
0 0.5924256086564473 0.6314948041566747 0.5951307484220018 0.6290967226219025 0.5951307484220018 0.6019184652278178 0.5811541929666366 0.6003197442046363 0.5775473399458972 0.6059152677857713 0.5775473399458972 0.6298960831334932 0.5924256086564473 0.6314948041566747
0 0.6005410279531108 0.4636290967226219 0.6032461677186655 0.460431654676259 0.6041478809738504 0.44124700239808157 0.6018935978358882 0.43325339728217427 0.5843101893597836 0.4324540367705836 0.5816050495942291 0.434052757793765 0.5802524797114518 0.43884892086330934 0.5802524797114518 0.4612310151878497 0.6005410279531108 0.4636290967226219
0 0.5117222723174031 0.8249400479616307 0.5171325518485121 0.8337330135891287 0.5229936880072137 0.8337330135891287 0.5261496844003607 0.827338129496403 0.5261496844003607 0.8033573141486812 0.5198376916140668 0.7953637090327739 0.5112714156898106 0.7969624300559552 0.5103697024346258 0.818545163868905 0.5117222723174031 0.8249400479616307
0 0.7853922452660055 0.6091127098321344 0.7930568079350766 0.6099120703437251 0.7971145175834086 0.6059152677857713 0.7975653742110009 0.5995203836930456 0.7957619477006312 0.5931254996003198 0.7880973850315599 0.5907274180655476 0.7844905320108205 0.592326139088729 0.7840396753832282 0.6051159072741806 0.7853922452660055 0.6091127098321344