0 0.7853922452660055 0.8081534772182254 0.7894499549143373 0.8113509192645884 0.8160504959422903 0.8121502797761792 0.8385933273219116 0.8113509192645884 0.8453561767357981 0.8081534772182254 0.8471596032461677 0.7961630695443646 0.8453561767357981 0.753796962430056 0.8476104598737602 0.7450039968025579 0.8467087466185753 0.7058353317346123 0.8453561767357981 0.6970423661071143 0.8422001803426511 0.6930455635491607 0.796663660955816 0.6922462030375699 0.7858431018935979 0.6922462030375699 0.7826871055004508 0.6962430055955237 0.7831379621280433 0.7969624300559552 0.7853922452660055 0.8081534772182254
0 0.05229936880072138 0.7505995203836932 0.05680793507664563 0.7553956834532374 0.08295761947700632 0.7442046362909672 0.08656447249774572 0.7386091127098321 0.08205590622182146 0.7122302158273383 0.07799819657348962 0.704236610711431 0.046889089269612265 0.7210231814548362 0.046889089269612265 0.7274180655475619 0.05229936880072138 0.7505995203836932
0 0.22091974752028853 0.21582733812949642 0.22452660054102797 0.21902478017585933 0.23715058611361586 0.21342925659472425 0.23850315599639313 0.21023181454836132 0.23805229936880073 0.2038369304556355 0.2321911632100992 0.1806554756195044 0.22723174030658252 0.14708233413269386 0.22137060414788098 0.12390087929656275 0.21370604147880973 0.0815347721822542 0.21055004508566277 0.07753796962430057 0.20559062218214608 0.07753796962430057 0.20018034265103696 0.08073541167066348 0.19792605951307485 0.08473221422861711 0.19927862939585214 0.1111111111111111 0.22091974752028853 0.21582733812949642
0 0.8440036068530207 0.6602717825739409 0.8489630297565375 0.6634692246203038 0.8588818755635708 0.6634692246203038 0.8606853020739406 0.6602717825739409 0.8620378719567178 0.6434852118305356 0.8620378719567178 0.6322941646682655 0.860234445446348 0.6227018385291766 0.8561767357980163 0.6171063149480416 0.8507664562669072 0.6163069544364509 0.8449053201082056 0.6187050359712231 0.8422001803426511 0.6266986410871304 0.8417493237150586 0.6418864908073542 0.8440036068530207 0.6602717825739409
0 0 0.8025579536370904 0.0018034265103697026 0.8033573141486812 0.0040577096483318306 0.8169464428457234 0.009918845807033363 0.8369304556354917 0.01442741208295762 0.8633093525179857 0.021190261496844002 0.8872901678657075 0.027051397655545536 0.915267785771383 0.029305680793507663 0.9344524380495605 0.03651938683498648 0.9432454036770584 0.04283137962128043 0.9432454036770584 0.045987376014427414 0.9360511590727418 0.04643823264201984 0.9176658673061552 0.04283137962128043 0.8832933653077538 0.0351668169522092 0.8489208633093526 0.034715960324616775 0.8385291766586731 0.03291253381424707 0.8321342925659473 0.027502254283137965 0.8249400479616307 0.019837691614066726 0.7841726618705037 0.015779981965734897 0.7697841726618705 0.01036970243462579 0.7577937649880097 0.008566275924256087 0.748201438848921 0.004508566275924256 0.7418065547561951 0 0.7450039968025579 0 0.8025579536370904
0 0.14562669071235346 0.7410071942446044 0.14562669071235346 0.7378097521982414 0.1442741208295762 0.7370103916866507 0.13976555455365194 0.7386091127098321 0.13841298467087468 0.7410071942446044 0.14562669071235346 0.7410071942446044
0 0.1248872858431019 0.7450039968025579 0.12759242560865644 0.7450039968025579 0.1316501352569883 0.7378097521982414 0.12218214607754734 0.7338129496402878 0.12173128944995491 0.7378097521982414 0.1248872858431019 0.7450039968025579
0 0.03877366997294861 0.8137490007993605 0.04147880973850316 0.8257394084732215 0.04283137962128043 0.8521183053557154 0.04508566275924256 0.8585131894484412 0.045536519386834985 0.8904876099120704 0.04959422903516681 0.9144684252597922 0.05049594229035167 0.9288569144684253 0.05004508566275924 0.9616306954436452 0.05184851217312895 0.9816147082334133 0.05365193868349865 0.9880095923261392 0.060414788097385035 0.9920063948840928 0.07348963029756538 0.9920063948840928 0.08070333633904418 0.9952038369304558 0.10640216411181244 0.9944044764188649 0.1212804328223625 0.9904076738609113 0.13525698827772767 0.9904076738609113 0.1388638412984671 0.9832134292565947 0.14664111812443645 0.9832134292565947 0.14472497745716864 0.9904076738609113 0.15216411181244366 0.9904076738609113 0.151487826871055 0.9888089528377298 0.15284039675383226 0.9872102318145485 0.15464382326420198 0.9904076738609113 0.16907123534715962 0.9840127897681855 0.18214607754733994 0.9840127897681855 0.1988277727682597 0.9792166266986412 0.20423805229936878 0.9752198241406874 0.21731289449954916 0.973621103117506 0.2236248872858431 0.9696243005595524 0.2249774571686204 0.9664268585131894 0.2249774571686204 0.9344524380495605 0.22227231740306583 0.9136690647482014 0.22001803426510372 0.8617106314948043 0.21550946798917944 0.8145483613109513 0.21325518485121733 0.7593924860111911 0.21100090171325517 0.7513988808952838 0.21055004508566277 0.7410071942446044 0.2073940486925158 0.7346123101518786 0.2096483318304779 0.7250199840127898 0.21009918845807032 0.7090327737809753 0.20288548241659152 0.6746602717825739 0.19161406672678089 0.6746602717825739 0.17853922452660054 0.6810551558752997 0.14697926059513075 0.6850519584332534 0.12308385933273219 0.6922462030375699 0.12037871956717765 0.697841726618705 0.11992786293958521 0.7050359712230216 0.11632100991884581 0.704236610711431 0.11587015329125337 0.7066346922462031 0.11587015329125337 0.7138289368505196 0.11947700631199279 0.7194244604316546 0.12353471596032461 0.7178257394084733 0.12984670874661858 0.7234212629896084 0.14337240757439135 0.7274180655475619 0.15779981965734896 0.7250199840127898 0.16050495942290352 0.7298161470823342 0.1600541027953111 0.7322142286171064 0.1496844003606853 0.7378097521982414 0.1492335437330929 0.7450039968025579 0.13706041478809738 0.7498001598721024 0.13345356176735798 0.7561950439648283 0.1266907123534716 0.7545963229416467 0.12218214607754734 0.7498001598721024 0.10820559062218214 0.7498001598721024 0.09107303877366997 0.7450039968025579 0.07754733994589721 0.7498001598721024 0.06943192064923355 0.7585931254996003 0.04869251577998197 0.7561950439648283 0.03967538322813345 0.7593924860111911 0.03787195671776375 0.7641886490807354 0.0369702434625789 0.7737809752198243 0.03877366997294861 0.8137490007993605
0 0.1587015329125338 0.5667466027178258 0.1934174932371506 0.5507593924860112 0.19477006311992787 0.542765787370104 0.1920649233543733 0.533972821742606 0.18755635707844906 0.533972821742606 0.15238954012623987 0.5507593924860112 0.1532912533814247 0.5651478816946442 0.1587015329125338 0.5667466027178258
0 0.7817853922452661 0.6155075939248602 0.7844905320108205 0.6195043964828137 0.7880973850315599 0.6203037569944045 0.8318304779080252 0.6003197442046363 0.8552750225428314 0.5859312549960032 0.8701532912533815 0.5795363709032775 0.872858431018936 0.5771382893685052 0.8737601442741209 0.5691446842525979 0.8701532912533815 0.5459632294164669 0.8660955816050496 0.5331734612310152 0.8620378719567178 0.5291766586730615 0.7763751127141569 0.5731414868105515 0.7754733994589721 0.5819344524380495 0.7817853922452661 0.6155075939248602
0 0.027502254283137965 0.02877697841726619 0.0351668169522092 0.06554756195043965 0.03922452660054102 0.07513988808952839 0.04283137962128043 0.09832134292565947 0.045987376014427414 0.10871302957633892 0.047790802524797116 0.1310951239008793 0.059513074842200184 0.17585931254996007 0.06266907123534717 0.19584332533972823 0.06627592425608657 0.20623501199040767 0.06672678088367899 0.21422861710631497 0.07303877366997295 0.24220623501199043 0.08476104598737601 0.31015187849720227 0.09062218214607755 0.3237410071942446 0.0915238954012624 0.3309352517985612 0.09873760144274121 0.3413269384492406 0.1036970243462579 0.33573141486810554 0.11632100991884581 0.33733013589128696 0.12218214607754734 0.33253397282174263 0.12218214607754734 0.31734612310151883 0.11947700631199279 0.3077537969624301 0.11677186654643823 0.30375699440447645 0.11677186654643823 0.2949640287769784 0.11406672678088368 0.2821742605915268 0.12263300270513977 0.27258193445243806 0.1284941388638413 0.2621902478017586 0.17673579801623085 0.23421262989608316 0.2006311992786294 0.21582733812949642 0.19927862939585214 0.19584332533972823 0.19251577998196576 0.1574740207833733 0.17944093778178538 0.09992006394884093 0.17853922452660054 0.08952837729816147 0.16862037871956717 0.04156674660271783 0.16636609558160506 0.03597122302158274 0.16456266907123535 0.02158273381294964 0.16140667267808836 0.007993605115907274 0.15779981965734896 0.002398081534772182 0.1510369702434626 0.002398081534772182 0.1501352569882777 0 0.03877366997294861 0 0.027953110910730387 0.008792965627498003 0.02614968440036069 0.01278976818545164 0.02569882777276826 0.019984012789768184 0.027502254283137965 0.02877697841726619
0 0.029305680793507663 0.64828137490008 0.032461677186654644 0.6538768984812151 0.03651938683498648 0.6538768984812151 0.06627592425608657 0.6338928856914469 0.07664562669071236 0.6322941646682655 0.08521190261496844 0.636290967226219 0.1036970243462579 0.6266986410871304 0.10234445446348062 0.6091127098321344 0.09873760144274121 0.5915267785771383 0.09558160504959423 0.5811350919264588 0.09332732191163211 0.5795363709032775 0.025247971145175834 0.6131095123900879 0.02569882777276826 0.6354916067146283 0.029305680793507663 0.64828137490008
0 0.6681695220919748 0.771382893685052 0.6780883678990081 0.7697841726618705 0.6794409377817855 0.7442046362909672 0.6830477908025249 0.7354116706634692 0.6812443642921551 0.6994404476418865 0.6785392245266005 0.6970423661071143 0.6532912533814247 0.6970423661071143 0.6487826871055005 0.6994404476418865 0.6474301172227231 0.7026378896882494 0.6474301172227231 0.7689848121502798 0.6681695220919748 0.771382893685052
0 0.24346257889990983 0.13828936850519585 0.242560865644725 0.18545163868904876 0.24526600541027954 0.22621902478017586 0.24706943192064923 0.2358113509192646 0.25293056807935077 0.23900879296562752 0.2871956717763751 0.2334132693844924 0.2944093778178539 0.2302158273381295 0.29621280432822367 0.22541966426858515 0.29621280432822367 0.21902478017585933 0.2944093778178539 0.21023181454836132 0.2862939585211903 0.07034372501998402 0.28268710550045084 0.06554756195043965 0.2727682596934175 0.06554756195043965 0.2601442741208296 0.07274180655475619 0.25293056807935077 0.07993605115907274 0.2412082957619477 0.08313349320543566 0.239404869251578 0.08713029576338929 0.23985572587917042 0.11191047162270185 0.24346257889990983 0.13828936850519585
0 0.109107303877367 0.390087929656275 0.1145175834084761 0.4172661870503597 0.11947700631199279 0.434052757793765 0.12218214607754734 0.43804956035171866 0.13255184851217314 0.4356514788169465 0.15419296663660956 0.42286171063149486 0.17538322813345356 0.41486810551558756 0.18169522091974755 0.4100719424460432 0.1834986474301172 0.40527577937649883 0.18394950405770966 0.4004796163069545 0.18034265103697025 0.3892885691446843 0.172678088367899 0.34212629896083135 0.16952209197475201 0.32933653077537967 0.1672678088367899 0.3261390887290168 0.16456266907123535 0.3253397282174261 0.1564472497745717 0.33013589128697046 0.14382326420198377 0.33253397282174263 0.12263300270513977 0.3413269384492406 0.10820559062218214 0.3493205435651479 0.10550045085662758 0.35331734612310156 0.10550045085662758 0.36930455635491605 0.109107303877367 0.390087929656275