0 0.825067628494139 0.18465227817745802 0.8295761947700632 0.19264588329336532 0.8340847610459874 0.19664268585131894 0.8552750225428314 0.21342925659472425 0.8597835888187556 0.2126298960831335 0.8638412984670875 0.2030375699440448 0.8651938683498648 0.18545163868904876 0.8597835888187556 0.17665867306155078 0.8372407574391344 0.15267785771382894 0.8345356176735799 0.15187849720223823 0.8286744815148782 0.1574740207833733 0.8232642019837692 0.16946442845723422 0.8228133453561768 0.17585931254996007 0.825067628494139 0.18465227817745802
0 0.11722272317403065 0.5419664268585133 0.12984670874661858 0.5539568345323741 0.13345356176735798 0.5531574740207834 0.13660955816050496 0.5459632294164669 0.13660955816050496 0.5363709032773781 0.13435527502254285 0.5291766586730615 0.13119927862939584 0.525179856115108 0.12308385933273219 0.5211830535571543 0.11947700631199279 0.521982414068745 0.11677186654643823 0.5291766586730615 0.11587015329125337 0.5363709032773781 0.11722272317403065 0.5419664268585133
0 0.6717763751127143 0.2749800159872102 0.6762849413886385 0.27577937649880097 0.6830477908025249 0.28377298161470826 0.6889089269612263 0.28617106314948043 0.6956717763751128 0.2853717026378897 0.69702434625789 0.2829736211031175 0.6983769161406672 0.2685851318944844 0.7046889089269612 0.2478017585931255 0.7037871956717764 0.24060751398880897 0.6992786293958522 0.2302158273381295 0.6956717763751128 0.2294164668265388 0.6866546438232641 0.21902478017585933 0.6816952209197475 0.21982414068745004 0.6753832281334536 0.22861710631494805 0.6713255184851218 0.24380495603517185 0.6681695220919748 0.26298960831334933 0.6717763751127143 0.2749800159872102
0 0.06988277727682597 0.30375699440447645 0.08115419296663662 0.31414868105515587 0.08836789900811542 0.31574740207833735 0.09197475202885483 0.30935251798561153 0.09377817853922453 0.2965627498001599 0.09873760144274121 0.2829736211031175 0.10009017132551848 0.2749800159872102 0.09963931469792607 0.26458832933653076 0.08926961226330027 0.2501998401278977 0.08476104598737601 0.24940047961630699 0.08070333633904418 0.2549960031974421 0.07529305680793508 0.27577937649880097 0.0703336339044184 0.2877697841726619 0.06898106402164111 0.2949640287769784 0.06988277727682597 0.30375699440447645
0 0.5193868349864743 0.15347721822541965 0.5351668169522091 0.16946442845723422 0.5401262398557259 0.16706634692246206 0.5437330928764653 0.1566746602717826 0.5450856627592425 0.14708233413269386 0.5333633904418394 0.13269384492406078 0.5252479711451759 0.1278976818545164 0.5220919747520288 0.1278976818545164 0.5193868349864743 0.13269384492406078 0.5171325518485121 0.14388489208633096 0.5166816952209198 0.14708233413269386 0.5193868349864743 0.15347721822541965
0 0.5883678990081154 0.5323741007194245 0.594229035166817 0.5331734612310152 0.5982867448151488 0.5259792166266987 0.5969341749323716 0.5147881694644285 0.5901713255184852 0.5075939248601119 0.5852119026149685 0.5075939248601119 0.5793507664562669 0.513189448441247 0.5802524797114518 0.521982414068745 0.5883678990081154 0.5323741007194245
0 0.9679891794409378 0.09832134292565947 0.9720468890892696 0.10071942446043165 0.9774571686203787 0.09672262190247803 0.9878268710550046 0.0671462829736211 0.9878268710550046 0.0639488409272582 0.978809738503156 0.04476418864908074 0.9603246167718665 0.02797761790567546 0.9562669071235348 0.029576338928856916 0.9495040577096483 0.060751398880895285 0.9495040577096483 0.07434052757793765 0.9679891794409378 0.09832134292565947
0 0.672678088367899 0.03756994404476419 0.6785392245266005 0.04716227018385292 0.6857529305680793 0.05195843325339729 0.6893597835888188 0.05195843325339729 0.693868349864743 0.04636290967226219 0.700180342651037 0.02557953637090328 0.6997294860234445 0.019184652278177457 0.690712353471596 0.008792965627498003 0.6785392245266005 0.004796163069544364 0.6717763751127143 0.016786570743405275 0.6645626690712354 0.011191047162270184 0.6605049594229035 0.019984012789768184 0.6609558160504959 0.029576338928856916 0.672678088367899 0.03756994404476419
0 0.11496844003606854 0.18225419664268586 0.11496844003606854 0.19344524380495606 0.11857529305680793 0.19824140687450043 0.1266907123534716 0.2014388489208633 0.12984670874661858 0.19584332533972823 0.13660955816050496 0.17186250999200642 0.13796212804328223 0.1542765787370104 0.11947700631199279 0.14628297362110312 0.12037871956717765 0.15267785771382894 0.11496844003606854 0.18225419664268586
0 0.239404869251578 0.8081534772182254 0.2520288548241659 0.8073541167066347 0.2551848512173129 0.7993605115907274 0.25653742110009015 0.7905675459632294 0.2556357078449053 0.7729816147082335 0.2511271415689811 0.7673860911270984 0.24616771866546439 0.765787370103917 0.23760144274120829 0.765787370103917 0.2344454463480613 0.7681854516386891 0.2339945897204689 0.8033573141486812 0.239404869251578 0.8081534772182254
0 0.824165915238954 0.5835331734612311 0.8282236248872858 0.5843325339728218 0.8313796212804329 0.5795363709032775 0.8385933273219116 0.5579536370903277 0.8403967538322813 0.5467625899280576 0.8349864743011722 0.5355715427657874 0.8205590622182147 0.5259792166266987 0.8174030658250677 0.5291766586730615 0.8106402164111812 0.5595523581135092 0.8110910730387737 0.5707434052757794 0.824165915238954 0.5835331734612311
0 0.31018935978358886 0.38529176658673064 0.31424706943192066 0.3836930455635492 0.31424706943192066 0.37090327737809753 0.3106402164111813 0.3629096722621903 0.3007213706041479 0.35411670663469225 0.2966636609558161 0.35411670663469225 0.2939585211902615 0.35891286970423664 0.2939585211902615 0.37250199840127896 0.31018935978358886 0.38529176658673064
0 0.3963029756537421 0.9320543565147882 0.3963029756537421 0.9424460431654678 0.3981064021641118 0.947242206235012 0.43507664562669074 0.9768185451638689 0.44003606853020744 0.9768185451638689 0.44274120829576197 0.9720223820943246 0.44409377817853923 0.9664268585131894 0.4436429215509468 0.9584332533972821 0.4346257889990983 0.9464428457234213 0.44003606853020744 0.9256594724220625 0.44003606853020744 0.9184652278177459 0.436429215509468 0.9104716227018386 0.40937781785392247 0.885691446842526 0.40577096483318303 0.8864908073541167 0.4003606853020739 0.8936850519584333 0.3981064021641118 0.906474820143885 0.3990081154192967 0.9192645883293366 0.3963029756537421 0.9320543565147882
0 0.6253381424706943 0.47322142286171065 0.633453561767358 0.4756195043964829 0.6384129846708747 0.4668265387689848 0.639765554553652 0.4524380495603517 0.6339044183949504 0.44124700239808157 0.6194770063119928 0.43005595523581136 0.6154192966636609 0.4292565947242206 0.611361587015329 0.4420463629096723 0.611361587015329 0.4588329336530776 0.6253381424706943 0.47322142286171065
0 0.03201082055906222 0.5347721822541966 0.0369702434625789 0.5315747402078338 0.043733092876465283 0.5115907274180655 0.043733092876465283 0.504396482813749 0.04102795311091073 0.49720223820943243 0.023444544634806132 0.4836131095123901 0.018034265103697024 0.49000799360511593 0.013525698827772768 0.504396482813749 0.013525698827772768 0.5187849720223822 0.03201082055906222 0.5347721822541966
0 0.25247971145175835 0.4356514788169465 0.25743913435527505 0.43645083932853723 0.26194770063119927 0.4292565947242206 0.2610459873760144 0.4172661870503597 0.2479711451758341 0.40367705835331735 0.24436429215509467 0.4028776978417266 0.24030658250676284 0.4132693844924061 0.2407574391343553 0.42366107114308554 0.25247971145175835 0.4356514788169465
0 0.1568981064021641 0.01598721023181455 0.1654643823264202 0.02557953637090328 0.17177637511271418 0.03916866506794565 0.17853922452660054 0.04476418864908074 0.1825969341749324 0.04476418864908074 0.18575293056807937 0.04156674660271783 0.18935978358881875 0.032773780975219824 0.19116321009918846 0.023980815347721826 0.1902614968440036 0.014388489208633094 0.1825969341749324 0 0.1582506762849414 0 0.15599639314697925 0.007993605115907274 0.1568981064021641 0.01598721023181455
0 0.10595130748422002 0.3165467625899281 0.1109107303877367 0.3149480415667466 0.1145175834084761 0.302158273381295 0.11316501352569883 0.29576338928856916 0.10279531109107304 0.28457234212629895 0.09873760144274121 0.2853717026378897 0.09648331830477908 0.2885691446842526 0.09377817853922453 0.29896083133493206 0.09422903516681697 0.3077537969624301 0.10595130748422002 0.3165467625899281
0 0.40712353471596036 0.5667466027178258 0.4075743913435528 0.5715427657873702 0.4053201082055906 0.5811350919264588 0.40892696122633004 0.586730615507594 0.42155094679891797 0.592326139088729 0.4287646528403968 0.577937649880096 0.4292155094679892 0.5587529976019185 0.42515779981965734 0.5515587529976019 0.4143372407574391 0.5475619504396483 0.3994589720468891 0.5539568345323741 0.3999098286744815 0.5603517186250999 0.40712353471596036 0.5667466027178258
0 0 0.5107913669064749 0.012173128944995492 0.5195843325339728 0.013525698827772768 0.5163868904876099 0.01442741208295762 0.4948041566746603 0.005410279531109108 0.48121502797761795 0 0.48121502797761795 0 0.5107913669064749
0 0.5410279531109107 0.5163868904876099 0.5545536519386834 0.5187849720223822 0.5599639314697926 0.5171862509992007 0.5644724977457168 0.5107913669064749 0.563570784490532 0.504396482813749 0.5599639314697926 0.49800159872102323 0.5401262398557259 0.4828137490007994 0.5360685302073941 0.4836131095123901 0.5338142470694319 0.4908073541167067 0.5329125338142471 0.5011990407673861 0.5410279531109107 0.5163868904876099
0 0 0.6322941646682655 0.011722272317403066 0.6410871302957634 0.018935978358881875 0.6402877697841727 0.02254283137962128 0.6282973621103117 0.02164111812443643 0.6179056754596324 0.01036970243462579 0.6051159072741806 0.003606853020739405 0.6011191047162271 0 0.6011191047162271 0 0.6322941646682655
0 0.3237150586113616 0.4876099120703437 0.3331830477908025 0.4948041566746603 0.33859332732191166 0.4948041566746603 0.3417493237150586 0.4852118305355716 0.34039675383228135 0.47641886490807356 0.32867448151487827 0.4684252597921663 0.32596934174932374 0.4708233413269384 0.32326420198376915 0.4804156674660272 0.3237150586113616 0.4876099120703437
0 0 0.24940047961630699 0 0.2717825739408473 0.011722272317403066 0.27577937649880097 0.018935978358881875 0.2749800159872102 0.021190261496844002 0.27258193445243806 0.02660054102795311 0.2597921662669864 0.027051397655545536 0.2501998401278977 0.009467989179440937 0.2334132693844924 0.004959422903516681 0.23741007194244604 0.002254283137962128 0.2478017585931255 0 0.24940047961630699
0 0.9445446348061317 0.5395683453237411 0.9630297565374212 0.5555555555555556 0.9666366095581606 0.5515587529976019 0.9675383228133454 0.5411670663469225 0.960775473399459 0.5299760191846523 0.9495040577096483 0.5179856115107914 0.9418394950405771 0.5179856115107914 0.9409377817853922 0.5307753796962431 0.9445446348061317 0.5395683453237411
0 0.11632100991884581 0.5987210231814549 0.11947700631199279 0.5987210231814549 0.12263300270513977 0.5939248601119105 0.12353471596032461 0.5835331734612311 0.12082957619477007 0.5787370103916867 0.10550045085662758 0.5643485211830536 0.1018935978358882 0.5643485211830536 0.09828674481514879 0.5699440447641887 0.09873760144274121 0.5819344524380495 0.11632100991884581 0.5987210231814549
0 0.521190261496844 0.6011191047162271 0.524346257889991 0.6083133493205436 0.5252479711451759 0.6155075939248602 0.5284039675383229 0.6203037569944045 0.539224526600541 0.6266986410871304 0.5432822362488728 0.6235011990407675 0.5473399458972047 0.6155075939248602 0.5513976555455365 0.595523581135092 0.5509467989179441 0.5899280575539568 0.539224526600541 0.5731414868105515 0.5302073940486925 0.5715427657873702 0.5256988277727683 0.5755395683453238 0.521190261496844 0.595523581135092 0.521190261496844 0.6011191047162271
0 0.5432822362488728 0.7130295763389289 0.5586113615870153 0.7274180655475619 0.566726780883679 0.7314148681055157 0.5685302073940487 0.7298161470823342 0.5707844905320109 0.7170263788968825 0.5680793507664563 0.7066346922462031 0.5640216411181245 0.6986410871302958 0.5464382326420198 0.6842525979216627 0.5405770964833183 0.6834532374100719 0.5374211000901714 0.6874500399680257 0.5369702434625789 0.6938449240607514 0.5432822362488728 0.7130295763389289
0 0.06943192064923355 0.6922462030375699 0.07980162308385934 0.7002398081534772 0.09107303877366997 0.7002398081534772 0.09738503155996393 0.6922462030375699 0.09648331830477908 0.6738609112709832 0.10054102795311091 0.6538768984812151 0.10054102795311091 0.6434852118305356 0.0951307484220018 0.6330935251798562 0.08521190261496844 0.6258992805755397 0.07709648331830478 0.6235011990407675 0.0721370604147881 0.6306954436450839 0.06717763751127143 0.64828137490008 0.05770964833183048 0.6706634692246204 0.058160504959422904 0.6786570743405277 0.06943192064923355 0.6922462030375699
0 0.2727682596934175 0.12949640287769784 0.284941388638413 0.1398880895283773 0.2939585211902615 0.1334932054356515 0.2966636609558161 0.12310151878497202 0.2939585211902615 0.10631494804156676 0.28403967538322816 0.09672262190247803 0.2781785392245266 0.10071942446043165 0.2709648331830478 0.11910471622701839 0.27051397655545534 0.12549960031974422 0.2727682596934175 0.12949640287769784
0 0.29486023444544635 0.8641087130295764 0.3002705139765554 0.8641087130295764 0.3034265103697024 0.859312549960032 0.3056807935076645 0.8465227817745804 0.30522993688007216 0.8377298161470824 0.2971145175834085 0.82414068745004 0.27051397655545534 0.8145483613109513 0.2660054102795311 0.8169464428457234 0.2651036970243463 0.8217426059152678 0.2655545536519387 0.8489208633093526 0.29486023444544635 0.8641087130295764
0 0.09693417493237151 0.5499600319744204 0.10009017132551848 0.5491606714628298 0.10414788097385032 0.5379696243005596 0.10324616771866547 0.5299760191846523 0.09603246167718665 0.5211830535571543 0.09197475202885483 0.5211830535571543 0.08746618575293057 0.5347721822541966 0.08746618575293057 0.5443645083932854 0.09693417493237151 0.5499600319744204
0 0.30252479711451763 0.5299760191846523 0.3205590622182146 0.5459632294164669 0.32416591523895405 0.5459632294164669 0.32777276825969337 0.5395683453237411 0.327321911632101 0.5323741007194245 0.32551848512173126 0.5291766586730615 0.3137962128043282 0.5179856115107914 0.3043282236248873 0.5115907274180655 0.30252479711451763 0.5123900879296562 0.3011722272317403 0.5171862509992007 0.3007213706041479 0.525179856115108 0.30252479711451763 0.5299760191846523
0 0.40802524797114514 0.042366107114308556 0.4129846708746619 0.03916866506794565 0.4174932371505861 0.023980815347721826 0.415238954012624 0.009592326139088728 0.40577096483318303 0 0.4035166816952209 0 0.3990081154192967 0.005595523581135092 0.39495040577096485 0.019984012789768184 0.3944995491433724 0.02877697841726619 0.40802524797114514 0.042366107114308556
0 0.6686203787195673 0.9992006394884093 0.7082957619477006 0.9992006394884093 0.7091974752028855 0.9960031974420465 0.7060414788097384 0.9904076738609113 0.6780883678990081 0.9680255795363709 0.674932371505861 0.9680255795363709 0.6704238052299368 0.9808153477218226 0.6677186654643824 0.9944044764188649 0.6686203787195673 0.9992006394884093
0 0.03606853020739405 0.6586730615507593 0.05545536519386835 0.6586730615507593 0.06086564472497746 0.64828137490008 0.061316501352569885 0.6418864908073542 0.058611361587015326 0.6338928856914469 0.058160504959422904 0.6258992805755397 0.05590622182146077 0.6219024780175859 0.03201082055906222 0.6163069544364509 0.027051397655545536 0.6227018385291766 0.027502254283137965 0.6434852118305356 0.03606853020739405 0.6586730615507593
0 0.4269612263300271 0.4948041566746603 0.44454463480613166 0.49880095923261397 0.4477006311992786 0.495603517186251 0.4472497745716862 0.4756195043964829 0.44409377817853923 0.46203037569944044 0.4386834986474301 0.4588329336530776 0.42741208295761945 0.4588329336530776 0.42515779981965734 0.46203037569944044 0.42515779981965734 0.49000799360511593 0.4269612263300271 0.4948041566746603
0 0.7660054102795312 0.5083932853717026 0.7763751127141569 0.5139888089528377 0.7799819657348963 0.5139888089528377 0.7835888187556357 0.5083932853717026 0.7831379621280433 0.5003996802557954 0.7642019837691614 0.48201438848920863 0.7619477006311993 0.4772182254196643 0.75834084761046 0.4756195043964829 0.7542831379621281 0.4828137490007994 0.7547339945897205 0.4940047961630696 0.7660054102795312 0.5083932853717026
0 0.04328223624887286 0.49160671462829736 0.04643823264201984 0.4908073541167067 0.049143372407574396 0.486810551558753 0.05680793507664563 0.47242206235011996 0.059062218214607755 0.4636290967226219 0.05770964833183048 0.4540367705835332 0.05410279531109107 0.4476418864908074 0.04643823264201984 0.43884892086330934 0.04057709648331831 0.43645083932853723 0.03787195671776375 0.43884892086330934 0.03201082055906222 0.46203037569944044 0.032461677186654644 0.47801758593125504 0.04328223624887286 0.49160671462829736
0 0.4436429215509468 0.41486810551558756 0.45897204688908927 0.425259792166267 0.4670874661857529 0.4260591526778577 0.4661857529305681 0.4172661870503597 0.4630297565374211 0.4108713029576339 0.44679891794409377 0.3996802557953637 0.44274120829576197 0.40367705835331735 0.44229035166816955 0.41167066346922465 0.4436429215509468 0.41486810551558756
0 0.1109107303877367 0.5643485211830536 0.11677186654643823 0.5715427657873702 0.12623985572587917 0.5755395683453238 0.12984670874661858 0.5667466027178258 0.1289449954914337 0.5595523581135092 0.11992786293958521 0.5499600319744204 0.1127141568981064 0.5475619504396483 0.11045987376014427 0.5507593924860112 0.10955816050495942 0.5595523581135092 0.1109107303877367 0.5643485211830536
0 0.31424706943192066 0.9048760991207034 0.3313796212804328 0.9240607513988809 0.33724075743913434 0.9216626698641087 0.34039675383228135 0.9128697042366107 0.3412984670874662 0.9040767386091128 0.33949504057709645 0.897681854516387 0.3205590622182146 0.8721023181454837 0.3174030658250676 0.8705035971223022 0.3151487826871055 0.8737010391686652 0.31154192966636607 0.8928856914468426 0.31154192966636607 0.9000799360511591 0.31424706943192066 0.9048760991207034
0 0.7862939585211903 0.7521982414068745 0.7912533814247069 0.7553956834532374 0.8007213706041478 0.7553956834532374 0.8043282236248873 0.7442046362909672 0.8043282236248873 0.7322142286171064 0.8020739404869252 0.7202238209432456 0.7926059513074842 0.7114308553157473 0.7889990982867447 0.7114308553157473 0.7862939585211903 0.7162270183852918 0.7817853922452661 0.7346123101518786 0.7813345356176735 0.7410071942446044 0.7862939585211903 0.7521982414068745
0 0.25247971145175835 0.08313349320543566 0.25428313796212804 0.08713029576338929 0.2633002705139766 0.09352517985611512 0.2655545536519387 0.09912070343725021 0.26916140667267807 0.09352517985611512 0.2763751127141569 0.06954436450839328 0.27908025247971147 0.050359712230215826 0.2763751127141569 0.04156674660271783 0.2696122633002705 0.03517186250999201 0.26420198376916143 0.03597122302158274 0.260595130748422 0.045563549160671464 0.25247971145175835 0.07673860911270983 0.25247971145175835 0.08313349320543566
0 0.3823264201983769 0.19664268585131894 0.3868349864743012 0.19744204636290968 0.3904418394950406 0.1894484412470024 0.39089269612263305 0.1838529176658673 0.38818755635707847 0.17825739408473223 0.3764652840396754 0.16866506794564348 0.3692515779981966 0.1654676258992806 0.3647430117222723 0.17106314948041568 0.3651938683498648 0.17985611510791366 0.3823264201983769 0.19664268585131894
0 0.31785392245266003 0.4004796163069545 0.32461677186654647 0.4092725819344525 0.3291253381424707 0.4092725819344525 0.3331830477908025 0.4004796163069545 0.3340847610459874 0.3868904876099121 0.32461677186654647 0.3756994404476419 0.3205590622182146 0.37809752198241414 0.3169522091974752 0.390087929656275 0.3165013525698828 0.39648281374900085 0.31785392245266003 0.4004796163069545
0 0.8381424706943192 0.4180655475619504 0.8422001803426511 0.42206235011990406 0.8485121731289451 0.42366107114308554 0.8530207394048693 0.42286171063149486 0.8593327321911632 0.4156674660271783 0.8638412984670875 0.4084732214228617 0.8674481514878268 0.39408473221422863 0.8647430117222724 0.3868904876099121 0.8521190261496844 0.37090327737809753 0.8489630297565375 0.36930455635491605 0.8444544634806133 0.37090327737809753 0.8417493237150586 0.3749000799360512 0.8381424706943192 0.3836930455635492 0.8363390441839494 0.3932853717026379 0.8358881875563571 0.407673860911271 0.8381424706943192 0.4180655475619504
0 0 0.5595523581135092 0.0018034265103697026 0.5603517186250999 0.0031559963931469793 0.5699440447641887 0.008566275924256087 0.577937649880096 0.016681695220919748 0.5851318944844125 0.03291253381424707 0.5939248601119105 0.03877366997294861 0.5763389288569145 0.03922452660054102 0.5691446842525979 0.03787195671776375 0.5643485211830536 0.009467989179440937 0.5371702637889688 0.004508566275924256 0.5363709032773781 0 0.5403677058353318 0 0.5595523581135092
0 0.10504959422903516 0.9552358113509193 0.12263300270513977 0.9712230215827339 0.12984670874661858 0.9752198241406874 0.13255184851217314 0.9744204636290967 0.13841298467087468 0.9632294164668266 0.13841298467087468 0.959232613908873 0.13210099188458072 0.9512390087929657 0.12533814247069433 0.9328537170263789 0.11992786293958521 0.91207034372502 0.11677186654643823 0.9072741806554757 0.11136158701532912 0.91207034372502 0.1036970243462579 0.9352517985611511 0.10279531109107304 0.9496402877697842 0.10504959422903516 0.9552358113509193
0 0.9147880973850315 0.26938449240607515 0.9188458070333634 0.26938449240607515 0.9224526600541028 0.26458832933653076 0.9260595130748422 0.24620303756994405 0.9256086564472498 0.23900879296562752 0.9220018034265104 0.2334132693844924 0.9134355275022543 0.22541966426858515 0.9030658250676284 0.21982414068745004 0.897204688908927 0.2214228617106315 0.8926961226330028 0.24220623501199043 0.8935978358881875 0.2533972821742606 0.9147880973850315 0.26938449240607515
0 0.9733994589720468 0.7130295763389289 0.9797114517583408 0.7162270183852918 0.9995491433724076 0.7154276578737011 0.9995491433724076 0.6866506794564349 0.9900811541929667 0.6842525979216627 0.9756537421100091 0.6858513189448442 0.9715960324616773 0.689048760991207 0.9711451758340848 0.7050359712230216 0.9733994589720468 0.7130295763389289
0 0.7781785392245266 0.36211031175059955 0.7889990982867447 0.3645083932853717 0.7930568079350766 0.3597122302158273 0.793507664562669 0.354916067146283 0.7908025247971145 0.34372501998401284 0.7826871055004508 0.33733013589128696 0.7790802524797115 0.3365307753796963 0.7772768259693417 0.3397282174260592 0.7754733994589721 0.354916067146283 0.7781785392245266 0.36211031175059955
0 0.09287646528403969 0.8824940047961631 0.10144274120829576 0.8912869704236611 0.1073038773669973 0.885691446842526 0.11000901713255186 0.8729016786570745 0.10865644724977458 0.8649080735411672 0.09603246167718665 0.8577138289368506 0.09332732191163211 0.8609112709832134 0.0915238954012624 0.8697042366107114 0.09107303877366997 0.8776978417266187 0.09287646528403969 0.8824940047961631
0 0.5130748422001803 0.5499600319744204 0.5279531109107304 0.5643485211830536 0.5347159603246168 0.5643485211830536 0.5419296663660956 0.5499600319744204 0.5405770964833183 0.5395683453237411 0.5342651036970244 0.5323741007194245 0.5256988277727683 0.5275779376498801 0.5184851217312895 0.5275779376498801 0.5130748422001803 0.5347721822541966 0.5117222723174031 0.5395683453237411 0.5130748422001803 0.5499600319744204
0 0.9567177637511272 0.5187849720223822 0.9693417493237151 0.5275779376498801 0.9743011722272317 0.5275779376498801 0.9774571686203787 0.5227817745803358 0.9824165915238955 0.5019984012789769 0.9806131650135257 0.48441247002398086 0.9774571686203787 0.47641886490807356 0.9675383228133454 0.4676258992805756 0.960775473399459 0.469224620303757 0.9567177637511272 0.4772182254196643 0.9549143372407575 0.48920863309352525 0.9540126239855725 0.5083932853717026 0.9567177637511272 0.5187849720223822
0 0.7236248872858432 0.8601119104716227 0.7439134355275022 0.8800959232613909 0.7479711451758341 0.8784972022382095 0.7515779981965736 0.8705035971223022 0.7511271415689811 0.859312549960032 0.7484220018034266 0.8521183053557154 0.7308385933273219 0.8361310951239008 0.7249774571686204 0.8353317346123101 0.7218214607754734 0.8481215027977619 0.7218214607754734 0.8553157474020784 0.7236248872858432 0.8601119104716227
0 0.8101893597835889 0.9992006394884093 0.8480613165013525 0.9992006394884093 0.8498647430117223 0.9952038369304558 0.8480613165013525 0.9808153477218226 0.8458070333633905 0.9744204636290967 0.8277727682596934 0.9584332533972821 0.8223624887285843 0.9608313349320544 0.8165013525698828 0.9768185451638689 0.8155996393146979 0.9840127897681855 0.8101893597835889 0.9992006394884093
0 0.5784490532010821 0.6346922462030377 0.5924256086564473 0.6466826538768985 0.5969341749323716 0.6474820143884892 0.5996393146979261 0.6442845723421263 0.6055004508566276 0.6266986410871304 0.6068530207394048 0.6163069544364509 0.6032461677186655 0.6099120703437251 0.6032461677186655 0.5947242206235012 0.5987376014427412 0.586730615507594 0.5919747520288549 0.5811350919264588 0.5883678990081154 0.5811350919264588 0.5865644724977458 0.5843325339728218 0.5861136158701533 0.5915267785771383 0.5807033363390443 0.6019184652278178 0.5770964833183048 0.6179056754596324 0.5761947700631199 0.6298960831334932 0.5784490532010821 0.6346922462030377
0 0.36203787195671777 0.5075939248601119 0.39495040577096485 0.5099920063948842 0.3976555455365194 0.5083932853717026 0.3985572587917043 0.5051958433253397 0.3985572587917043 0.49800159872102323 0.3967538322813345 0.4948041566746603 0.3904418394950406 0.49160671462829736 0.3624887285843102 0.49000799360511593 0.3606853020739405 0.4924060751398881 0.3602344454463481 0.5027977617905676 0.36203787195671777 0.5075939248601119
0 0.19747520288548243 0.02557953637090328 0.20333633904418397 0.03437250199840128 0.21055004508566277 0.0407673860911271 0.218214607754734 0.05435651478816946 0.2249774571686204 0.059952038369304565 0.23128944995491435 0.05355715427657874 0.23489630297565375 0.03996802557953637 0.23534715960324618 0.032773780975219824 0.23354373309287646 0.026378896882494004 0.22587917042380526 0.019984012789768184 0.22137060414788098 0.011990407673860913 0.21009918845807032 0 0.2006311992786294 0 0.19702434625788998 0.01278976818545164 0.19612263300270513 0.02158273381294964 0.19747520288548243 0.02557953637090328
0 0.47700631199278626 0.6434852118305356 0.4806131650135257 0.6538768984812151 0.48692515779981965 0.6610711430855316 0.5058611361587015 0.6754596322941646 0.5189359783588818 0.689048760991207 0.5229936880072137 0.689048760991207 0.5297565374211001 0.6786570743405277 0.5351668169522091 0.6498800959232613 0.5338142470694319 0.6402877697841727 0.5302073940486925 0.636290967226219 0.5225428313796213 0.6298960831334932 0.5162308385933273 0.6282973621103117 0.5094679891794409 0.6195043964828137 0.49188458070333635 0.60431654676259 0.4842200180342651 0.6099120703437251 0.4783588818755636 0.6227018385291766 0.47700631199278626 0.6290967226219025 0.47700631199278626 0.6434852118305356
0 0.05680793507664563 0.15827338129496404 0.06762849413886383 0.16227018385291767 0.07664562669071236 0.1342925659472422 0.07709648331830478 0.12709832134292565 0.07529305680793508 0.12230215827338131 0.06672678088367899 0.11510791366906475 0.06357078449053201 0.11510791366906475 0.05680793507664563 0.12629896083133493 0.05320108205590622 0.14548361310951238 0.05320108205590622 0.15267785771382894 0.05680793507664563 0.15827338129496404
0 0.5468890892696122 0.425259792166267 0.5775473399458972 0.4556354916067146 0.5825067628494138 0.4556354916067146 0.587917042380523 0.4420463629096723 0.5870153291253382 0.43085531574740216 0.5816050495942291 0.4188649080735412 0.5703336339044184 0.4140687450039968 0.5572587917042381 0.40367705835331735 0.5527502254283138 0.40367705835331735 0.5450856627592425 0.4172661870503597 0.5446348061316502 0.4212629896083134 0.5468890892696122 0.425259792166267
0 0.49413886384129846 0.8864908073541167 0.5247971145175834 0.9128697042366107 0.5266005410279532 0.9168665067945644 0.5261496844003607 0.9216626698641087 0.5284039675383229 0.9248601119104717 0.5320108205590622 0.9216626698641087 0.5374211000901714 0.8968824940047961 0.5365193868349865 0.8872901678657075 0.5324616771866546 0.8784972022382095 0.5247971145175834 0.8697042366107114 0.5018034265103697 0.8513189448441247 0.4945897204688909 0.8481215027977619 0.4914337240757439 0.8569144684252599 0.4905320108205591 0.8673061550759393 0.49413886384129846 0.8864908073541167
0 0.4783588818755636 0.25819344524380494 0.49504057709648336 0.27258193445243806 0.5049594229035167 0.2733812949640288 0.5094679891794409 0.26298960831334933 0.5081154192966637 0.2517985611510791 0.5022542831379622 0.24300559552358114 0.5 0.23501199040767387 0.49098286744815145 0.22541966426858515 0.48737601442741213 0.22462030375699443 0.4837691614066727 0.2294164668265388 0.47790802524797116 0.24940047961630699 0.47700631199278626 0.2549960031974421 0.4783588818755636 0.25819344524380494
0 0.16816952209197475 0.973621103117506 0.17493237150586113 0.9784172661870505 0.17853922452660054 0.9784172661870505 0.18214607754733994 0.973621103117506 0.17989179440937783 0.9672262190247802 0.1618575293056808 0.9512390087929657 0.15734896302975654 0.9552358113509193 0.15734896302975654 0.9640287769784173 0.16816952209197475 0.973621103117506
0 0.6095581605049595 0.5403677058353318 0.6325518485121732 0.5579536370903277 0.6379621280432822 0.5555555555555556 0.6442741208295762 0.5323741007194245 0.6384129846708747 0.5187849720223822 0.6339044183949504 0.5155875299760192 0.6257889990982868 0.5155875299760192 0.6145175834084761 0.5067945643485212 0.608205590622182 0.5083932853717026 0.6064021641118125 0.5323741007194245 0.6095581605049595 0.5403677058353318
0 0.4842200180342651 0.9808153477218226 0.48872858431018934 0.9800159872102319 0.4981965734896303 0.9552358113509193 0.4981965734896303 0.9512390087929657 0.4954914337240758 0.9456434852118306 0.4743011722272317 0.9240607513988809 0.4697926059513075 0.9280575539568345 0.46167718665464386 0.9528377298161471 0.46167718665464386 0.9616306954436452 0.4842200180342651 0.9808153477218226
0 0.7091974752028855 0.05435651478816946 0.729936880072137 0.07194244604316548 0.7344454463480614 0.07194244604316548 0.7412082957619477 0.06314948041566747 0.7466185752930569 0.0407673860911271 0.7466185752930569 0.03597122302158274 0.7421100090171326 0.02797761790567546 0.7236248872858432 0.015187849720223821 0.7173128944995492 0.007993605115907274 0.7132551848512173 0.009592326139088728 0.7128043282236249 0.015187849720223821 0.7073940486925159 0.02797761790567546 0.7073940486925159 0.04156674660271783 0.7091974752028855 0.05435651478816946
0 0.1902614968440036 0.4212629896083134 0.19702434625788998 0.42845723421262993 0.21100090171325517 0.43645083932853723 0.21596032461677186 0.4356514788169465 0.218214607754734 0.4324540367705836 0.22272317403065825 0.41167066346922465 0.22272317403065825 0.40367705835331735 0.22046889089269614 0.3980815347721823 0.2096483318304779 0.3836930455635492 0.19972948602344456 0.3733013589128697 0.19612263300270513 0.3733013589128697 0.19251577998196576 0.37969624300559557 0.19071235347159604 0.3892885691446843 0.18845807033363393 0.3932853717026379 0.18575293056807937 0.41247002398081534 0.1902614968440036 0.4212629896083134
0 0.44905320108205593 0.05675459632294165 0.45987376014427417 0.0639488409272582 0.4630297565374211 0.06155075939248601 0.4675383228133454 0.05115907274180656 0.4594229035166817 0.03597122302158274 0.4540126239855726 0.030375699440447643 0.4472497745716862 0.02877697841726619 0.445897204688909 0.029576338928856916 0.4449954914337241 0.03517186250999201 0.4449954914337241 0.050359712230215826 0.44905320108205593 0.05675459632294165
0 0.7642019837691614 0.43804956035171866 0.766907123534716 0.4404476418864908 0.7858431018935979 0.4396482813749001 0.7894499549143373 0.4372501998401279 0.7908025247971145 0.4324540367705836 0.7894499549143373 0.42286171063149486 0.7871956717763752 0.42046362909672264 0.7691614066726781 0.42046362909672264 0.7646528403967539 0.42366107114308554 0.7633002705139765 0.43325339728217427 0.7642019837691614 0.43804956035171866
0 0.6713255184851218 0.7761790567545964 0.6862037871956718 0.7929656274980017 0.694770063119928 0.797761790567546 0.7010820559062219 0.7897681854516387 0.7019837691614067 0.7737809752198243 0.6934174932371506 0.7585931254996003 0.6789900811541929 0.748201438848921 0.674932371505861 0.748201438848921 0.6699729486023445 0.7617905675459633 0.669522091974752 0.7705835331734613 0.6713255184851218 0.7761790567545964