0 0.20198376916140667 0.9072741806554757 0.2073940486925158 0.9088729016786572 0.21009918845807032 0.906474820143885 0.21325518485121733 0.8952837729816148 0.21325518485121733 0.8888888888888888 0.2096483318304779 0.8792965627498002 0.20694319206492334 0.8752997601918465 0.20288548241659152 0.8745003996802558 0.19837691614066724 0.8888888888888888 0.1988277727682597 0.9016786570743406 0.20198376916140667 0.9072741806554757
0 0.369702434625789 0.7378097521982414 0.37556357078449054 0.7370103916866507 0.3800721370604148 0.7274180655475619 0.37691614066726786 0.7162270183852918 0.366546438232642 0.7026378896882494 0.36203787195671777 0.7026378896882494 0.357980162308386 0.7146282973621104 0.35888187556357076 0.7266187050359713 0.369702434625789 0.7378097521982414
0 0.47385031559963936 0.7370103916866507 0.4792605951307485 0.7426059152677859 0.48782687105500455 0.7426059152677859 0.4914337240757439 0.7322142286171064 0.49188458070333635 0.7202238209432456 0.4806131650135257 0.7066346922462031 0.47700631199278626 0.7058353317346123 0.47385031559963936 0.7090327737809753 0.47069431920649235 0.7194244604316546 0.4711451758340848 0.7306155075939249 0.47385031559963936 0.7370103916866507
0 0.16411181244364292 0.5371702637889688 0.1708746618575293 0.5347721822541966 0.17493237150586113 0.521982414068745 0.17312894499549145 0.5099920063948842 0.17132551848512173 0.5067945643485212 0.16456266907123535 0.5035971223021583 0.1600541027953111 0.5115907274180655 0.15915238954012625 0.5307753796962431 0.16411181244364292 0.5371702637889688
0 0.33814247069431924 0.8832933653077538 0.35211902614968443 0.8952837729816148 0.35933273219116324 0.8848920863309353 0.36203787195671777 0.8729016786570745 0.36203787195671777 0.8665067945643485 0.3557258791704238 0.853717026378897 0.35211902614968443 0.850519584332534 0.3467087466185753 0.850519584332534 0.3417493237150586 0.8545163868904877 0.3367899008115419 0.8721023181454837 0.3363390441839495 0.8792965627498002 0.33814247069431924 0.8832933653077538
0 0.029756537421100092 0.36850519584332536 0.05365193868349865 0.3924860111910472 0.060414788097385035 0.39168665067945646 0.06492335437330929 0.3828936850519585 0.06627592425608657 0.37010391686650684 0.06492335437330929 0.36530775379696245 0.04012623985572588 0.34372501998401284 0.03291253381424707 0.34372501998401284 0.027953110910730387 0.3581135091926459 0.027502254283137965 0.3629096722621903 0.029756537421100092 0.36850519584332536
0 0.7488728584310189 0.12629896083133493 0.7578899909828674 0.1310951239008793 0.7646528403967539 0.1310951239008793 0.7687105500450856 0.12470023980815349 0.7714156898106402 0.11031175059952039 0.7619477006311993 0.09752198241406874 0.7547339945897205 0.0959232613908873 0.7511271415689811 0.1015187849720224 0.7475202885482417 0.1135091926458833 0.7470694319206492 0.12310151878497202 0.7488728584310189 0.12629896083133493
0 0.25653742110009015 0.5163868904876099 0.26825969341749323 0.5259792166266987 0.27186654643823266 0.525179856115108 0.27592425608656446 0.5123900879296562 0.27592425608656446 0.5067945643485212 0.2732191163210099 0.49800159872102323 0.26284941388638416 0.48840927258193445 0.2583408476104599 0.495603517186251 0.2551848512173129 0.5075939248601119 0.25473399458972046 0.5115907274180655 0.25653742110009015 0.5163868904876099
0 0.14021641118124437 0.5387689848121503 0.1510369702434626 0.5403677058353318 0.15419296663660956 0.5331734612310152 0.15419296663660956 0.5283772981614708 0.15058611361587015 0.5139888089528377 0.14697926059513075 0.5091926458832934 0.14337240757439135 0.5083932853717026 0.1388638412984671 0.5155875299760192 0.13706041478809738 0.5259792166266987 0.14021641118124437 0.5387689848121503
0 0.15464382326420198 0.13509192645883294 0.17493237150586113 0.1542765787370104 0.17989179440937783 0.1510791366906475 0.1825969341749324 0.14628297362110312 0.18214607754733994 0.1278976818545164 0.16321009918845808 0.1111111111111111 0.16095581605049597 0.11031175059952039 0.1582506762849414 0.1135091926458833 0.1532912533814247 0.12549960031974422 0.15284039675383226 0.12949640287769784 0.15464382326420198 0.13509192645883294
0 0.669522091974752 0.45163868904876103 0.6794409377817855 0.460431654676259 0.6889089269612263 0.4660271782573941 0.6925157799819658 0.4660271782573941 0.694770063119928 0.46282973621103124 0.6956717763751128 0.4532374100719425 0.6934174932371506 0.44364508393285373 0.6821460775473399 0.4324540367705836 0.6753832281334536 0.42845723421262993 0.672678088367899 0.43085531574740216 0.6681695220919748 0.44124700239808157 0.6677186654643824 0.4476418864908074 0.669522091974752 0.45163868904876103
0 0.7195671776375113 0.12150279776179057 0.7258791704238052 0.12070343725019984 0.7312894499549144 0.10551558752997602 0.7303877366997296 0.09512390087929656 0.7155094679891795 0.0783373301358913 0.7105500450856627 0.07993605115907274 0.7060414788097384 0.09432454036770584 0.7055906221821461 0.10871302957633892 0.7195671776375113 0.12150279776179057
0 0.2989179440937782 0.5563549160671463 0.3043282236248873 0.5627498001598722 0.31018935978358886 0.5611510791366906 0.3137962128043282 0.5539568345323741 0.3151487826871055 0.5467625899280576 0.3146979260595131 0.5395683453237411 0.3119927862939585 0.5323741007194245 0.3065825067628494 0.5243804956035172 0.3007213706041479 0.5211830535571543 0.2980162308385933 0.5227817745803358 0.2957619477006312 0.5283772981614708 0.2957619477006312 0.542765787370104 0.2989179440937782 0.5563549160671463
0 0.10640216411181244 0.31734612310151883 0.11541929666366096 0.328537170263789 0.12759242560865644 0.33573141486810554 0.130297565374211 0.3341326938449241 0.13570784490532012 0.3213429256594725 0.11677186654643823 0.29896083133493206 0.109107303877367 0.2965627498001599 0.10685302073940486 0.2997601918465228 0.10550045085662758 0.3069544364508393 0.10640216411181244 0.31734612310151883
0 0.32777276825969337 0.6578737010391686 0.3313796212804328 0.6554756195043965 0.3363390441839495 0.6474820143884892 0.3363390441839495 0.6442845723421263 0.3309287646528404 0.6330935251798562 0.32100991884580704 0.6258992805755397 0.3160504959422904 0.6282973621103117 0.3128944995491434 0.6370903277378098 0.3133453561767358 0.6434852118305356 0.32777276825969337 0.6578737010391686
0 0.9797114517583408 0.6298960831334932 0.9806131650135257 0.636290967226219 0.9842200180342651 0.6442845723421263 0.9914337240757439 0.6522781774580336 0.9950405770964834 0.6538768984812151 0.9995491433724076 0.6514788169464429 0.9995491433724076 0.6027178257394085 0.9887285843101894 0.5947242206235012 0.9873760144274121 0.5947242206235012 0.9842200180342651 0.6019184652278178 0.9837691614066727 0.6155075939248602 0.9797114517583408 0.6298960831334932
0 0.242560865644725 0.7346123101518786 0.2533814247069432 0.7442046362909672 0.2583408476104599 0.7450039968025579 0.2633002705139766 0.7338129496402878 0.2660054102795311 0.7154276578737011 0.2583408476104599 0.6986410871302958 0.2515779981965735 0.6930455635491607 0.2479711451758341 0.6938449240607514 0.24346257889990983 0.7194244604316546 0.2412082957619477 0.7234212629896084 0.2407574391343553 0.7306155075939249 0.242560865644725 0.7346123101518786
0 0.24752028854824168 0.6338928856914469 0.25743913435527505 0.6418864908073542 0.26284941388638416 0.6386890487609912 0.26465284039675385 0.6322941646682655 0.26465284039675385 0.6235011990407675 0.26149684400360684 0.6115107913669064 0.2556357078449053 0.6067146282973622 0.2511271415689811 0.6067146282973622 0.24571686203787196 0.6147082334132695 0.24526600541027954 0.627498001598721 0.24752028854824168 0.6338928856914469
0 0.3796212804328224 0.9112709832134293 0.3868349864743012 0.9232613908872902 0.39089269612263305 0.9240607513988809 0.39495040577096485 0.9184652278177459 0.3976555455365194 0.9072741806554757 0.39404869251577995 0.8992805755395684 0.3850315599639315 0.8912869704236611 0.3796212804328224 0.8928856914468426 0.3782687105500451 0.8984812150279777 0.37781785392245265 0.9040767386091128 0.3796212804328224 0.9112709832134293
0 0.2655545536519387 0.3557154276578737 0.2709648331830478 0.3605115907274181 0.27592425608656446 0.3605115907274181 0.2799819657348963 0.35651478816946447 0.281785392245266 0.3397282174260592 0.27908025247971147 0.3333333333333333 0.2732191163210099 0.32693844924060755 0.2687105500450857 0.32693844924060755 0.26420198376916143 0.3349320543565148 0.26375112714156895 0.3477218225419665 0.2655545536519387 0.3557154276578737
0 0.19431920649233542 0.33573141486810554 0.2091974752028855 0.3493205435651479 0.215058611361587 0.34612310151878495 0.21956717763751127 0.3349320543565148 0.21596032461677186 0.3237410071942446 0.2037871956717764 0.31254996003197444 0.19792605951307485 0.31414868105515587 0.19477006311992787 0.31974420463629094 0.19296663660955815 0.32773780975219824 0.19251577998196576 0.3317346123101519 0.19431920649233542 0.33573141486810554
0 0.418394950405771 0.45163868904876103 0.43192064923354373 0.4596322941646683 0.4359783588818755 0.4540367705835332 0.436429215509468 0.4372501998401279 0.433273219116321 0.43085531574740216 0.42560865644724977 0.42366107114308554 0.42155094679891797 0.42286171063149486 0.4174932371505861 0.4276578737010392 0.4165915238954013 0.4324540367705836 0.4161406672678088 0.4444444444444444 0.418394950405771 0.45163868904876103
0 0.12173128944995491 0.6099120703437251 0.1248872858431019 0.5995203836930456 0.1248872858431019 0.5875299760191847 0.11992786293958521 0.5803357314148682 0.11632100991884581 0.5803357314148682 0.11136158701532912 0.5979216626698641 0.11226330027051398 0.6075139888089529 0.12173128944995491 0.6099120703437251
0 0.2795311091073039 0.6418864908073542 0.28313796212804326 0.6418864908073542 0.28764652840396754 0.6378896882494005 0.2939585211902615 0.6219024780175859 0.29305680793507666 0.6091127098321344 0.28088367899008115 0.5979216626698641 0.27547339945897203 0.5987210231814549 0.2723174030658251 0.6019184652278178 0.2687105500450857 0.6163069544364509 0.26825969341749323 0.6298960831334932 0.2795311091073039 0.6418864908073542
0 0.21956717763751127 0.5915267785771383 0.22407574391343554 0.5915267785771383 0.22723174030658252 0.5859312549960032 0.23038773669972948 0.5731414868105515 0.23038773669972948 0.5651478816946442 0.22768259693417492 0.5555555555555556 0.2218214607754734 0.5491606714628298 0.2168620378719567 0.5539568345323741 0.21235347159603246 0.5691446842525979 0.21009918845807032 0.5851318944844125 0.21956717763751127 0.5915267785771383
0 0.5153291253381425 0.04316546762589928 0.5225428313796213 0.04396482813749002 0.5266005410279532 0.030375699440447643 0.5329125338142471 0.020783373301358914 0.5369702434625789 0.007993605115907274 0.5378719567177638 0 0.5103697024346258 0 0.5049594229035167 0.02557953637090328 0.5054102795311091 0.03597122302158274 0.5153291253381425 0.04316546762589928
0 0.08115419296663662 0.4740207833733014 0.09107303877366997 0.4804156674660272 0.09287646528403969 0.4788169464428457 0.09558160504959423 0.47242206235011996 0.09648331830477908 0.4612310151878497 0.09603246167718665 0.45643485211830537 0.09332732191163211 0.45163868904876103 0.0825067628494139 0.4420463629096723 0.07799819657348962 0.4420463629096723 0.0757439134355275 0.4508393285371703 0.07529305680793508 0.4572342126298961 0.08115419296663662 0.4740207833733014
0 0.636609558160505 0.4212629896083134 0.6492335437330929 0.42845723421262993 0.6541929666366095 0.4276578737010392 0.6564472497745717 0.42206235011990406 0.6555455365193867 0.4100719424460432 0.6370604147880974 0.3908872901678657 0.633453561767358 0.3892885691446843 0.6298467087466186 0.3924860111910472 0.6275924256086564 0.398880895283773 0.628043282236249 0.41167066346922465 0.636609558160505 0.4212629896083134
0 0.3678990081154193 0.43325339728217427 0.37240757439134353 0.4420463629096723 0.3800721370604148 0.4476418864908074 0.3836789900811542 0.4476418864908074 0.3868349864743012 0.44364508393285373 0.39404869251577995 0.4244604316546763 0.39720468890892696 0.41247002398081534 0.39720468890892696 0.40527577937649883 0.39495040577096485 0.3996802557953637 0.3841298467087466 0.38609112709832133 0.3800721370604148 0.390087929656275 0.3764652840396754 0.4004796163069545 0.3751127141568981 0.4100719424460432 0.3678990081154193 0.43325339728217427
0 0.7087466185752931 0.4172661870503597 0.7137060414788097 0.42366107114308554 0.7209197475202885 0.4132693844924061 0.7236248872858432 0.4020783373301359 0.7231740306582507 0.39728217426059154 0.7200180342651037 0.38848920863309355 0.7137060414788097 0.381294964028777 0.7100991884580703 0.3836930455635492 0.7073940486925159 0.390087929656275 0.7055906221821461 0.407673860911271 0.7087466185752931 0.4172661870503597
0 0.6614066726780884 0.5539568345323741 0.6686203787195673 0.5563549160671463 0.6735798016230838 0.5467625899280576 0.6722272317403066 0.5387689848121503 0.6672678088367898 0.5307753796962431 0.6605049594229035 0.5291766586730615 0.6568981064021642 0.5347721822541966 0.6564472497745717 0.5467625899280576 0.6614066726780884 0.5539568345323741
0 0.5004508566275925 0.645083932853717 0.5040577096483319 0.645083932853717 0.5130748422001803 0.6338928856914469 0.5153291253381425 0.6227018385291766 0.5130748422001803 0.6155075939248602 0.506311992786294 0.60431654676259 0.5013525698827773 0.6019184652278178 0.4977457168620379 0.6083133493205436 0.4945897204688909 0.6258992805755397 0.4927862939585212 0.6370903277378098 0.5004508566275925 0.645083932853717
0 0.5275022542831379 0.9768185451638689 0.5293056807935077 0.9816147082334133 0.5446348061316502 0.9992006394884093 0.5608656447249775 0.9992006394884093 0.5617673579801623 0.9904076738609113 0.5577096483318305 0.9792166266986412 0.5464382326420198 0.9696243005595524 0.5374211000901714 0.9560351718625101 0.5320108205590622 0.9544364508393286 0.5293056807935077 0.9576338928856915 0.5275022542831379 0.9696243005595524 0.5275022542831379 0.9768185451638689
0 0.6122633002705139 0.5715427657873702 0.6199278629395851 0.5715427657873702 0.623985572587917 0.5635491606714629 0.6221821460775473 0.5491606714628298 0.6158701532912535 0.542765787370104 0.6018935978358882 0.5355715427657874 0.5982867448151488 0.5475619504396483 0.5987376014427412 0.5587529976019185 0.6122633002705139 0.5715427657873702
0 0.402614968440036 0.8281374900079936 0.412082957619477 0.8337330135891287 0.4192966636609558 0.8305355715427658 0.4206492335437331 0.8201438848920864 0.418394950405771 0.8121502797761792 0.4075743913435528 0.8057553956834532 0.40396753832281335 0.8057553956834532 0.4003606853020739 0.8113509192645884 0.3994589720468891 0.8201438848920864 0.402614968440036 0.8281374900079936
0 0.5013525698827773 0.2270183852917666 0.5261496844003607 0.23261390887290168 0.5356176735798016 0.23741007194244604 0.5518485121731289 0.23741007194244604 0.5509467989179441 0.21582733812949642 0.5468890892696122 0.20463629096722624 0.5446348061316502 0.2038369304556355 0.5432822362488728 0.19984012789768185 0.5293056807935077 0.2006394884092726 0.5076645626690712 0.19104716227018384 0.5004508566275925 0.19104716227018384 0.4977457168620379 0.19584332533972823 0.4977457168620379 0.21982414068745004 0.5013525698827773 0.2270183852917666
0 0.46077547339945896 0.28936850519584334 0.46393146979260597 0.293365307753797 0.47294860234445446 0.2973621103117506 0.4783588818755636 0.293365307753797 0.4828674481514878 0.27577937649880097 0.4810640216411181 0.2685851318944844 0.4675383228133454 0.25259792166266987 0.4630297565374211 0.26059152677857716 0.45987376014427417 0.27258193445243806 0.4594229035166817 0.28457234212629895 0.46077547339945896 0.28936850519584334
0 0.6821460775473399 0.4092725819344525 0.6952209197475203 0.4172661870503597 0.6997294860234445 0.41486810551558756 0.7015329125338142 0.407673860911271 0.7010820559062219 0.4004796163069545 0.69702434625789 0.3908872901678657 0.6889089269612263 0.3828936850519585 0.6848512173128946 0.3820943245403677 0.6816952209197475 0.3932853717026379 0.6807935076645627 0.40527577937649883 0.6821460775473399 0.4092725819344525
0 0.6257889990982868 0.460431654676259 0.6316501352569882 0.4612310151878497 0.6370604147880974 0.4524380495603517 0.6361587015329125 0.4420463629096723 0.6307484220018034 0.43645083932853723 0.6221821460775473 0.4324540367705836 0.6181244364292156 0.4372501998401279 0.6176735798016231 0.44924060751398887 0.6257889990982868 0.460431654676259
0 0.23669972948602347 0.920863309352518 0.23985572587917042 0.9240607513988809 0.25473399458972046 0.9216626698641087 0.26194770063119927 0.9048760991207034 0.2623985572587917 0.8896882494004797 0.2583408476104599 0.8848920863309353 0.24436429215509467 0.8808952837729817 0.24030658250676284 0.8864908073541167 0.2339945897204689 0.9072741806554757 0.2339945897204689 0.9232613908872902 0.23669972948602347 0.920863309352518