0 0.9504057709648331 0.34532374100719426 0.9675383228133454 0.34852118305355717 0.9711451758340848 0.34852118305355717 0.9729486023444545 0.34532374100719426 0.9733994589720468 0.3237410071942446 0.9715960324616773 0.31414868105515587 0.9684400360685302 0.31015187849720227 0.9558160504959423 0.31015187849720227 0.9517583408476105 0.3165467625899281 0.9481514878268711 0.32773780975219824 0.9477006311992787 0.3413269384492406 0.9504057709648331 0.34532374100719426
0 0.6573489630297565 0.6330935251798562 0.6943192064923354 0.6338928856914469 0.69702434625789 0.6298960831334932 0.6983769161406672 0.6163069544364509 0.6961226330027052 0.6051159072741806 0.6925157799819658 0.5995203836930456 0.6816952209197475 0.6019184652278178 0.6559963931469793 0.5979216626698641 0.6537421100090172 0.6019184652278178 0.6537421100090172 0.6266986410871304 0.6573489630297565 0.6330935251798562
0 0.8119927862939585 0.02238209432454037 0.8101893597835889 0.0319744204636291 0.8106402164111812 0.03836930455635491 0.8219116321009919 0.04316546762589928 0.8313796212804329 0.04156674660271783 0.8340847610459874 0.024780175859312553 0.8394950405770965 0.01598721023181455 0.8394950405770965 0.004796163069544364 0.836789900811542 0 0.8115419296663661 0 0.8106402164111812 0.00319744204636291 0.8106402164111812 0.016786570743405275 0.8119927862939585 0.02238209432454037
0 0.7173128944995492 0.894484412470024 0.7240757439134355 0.8896882494004797 0.7249774571686204 0.8729016786570745 0.7236248872858432 0.8609112709832134 0.7218214607754734 0.8577138289368506 0.7123534715960325 0.8561151079136692 0.7091974752028855 0.8585131894484412 0.7055906221821461 0.8657074340527579 0.706492335437331 0.8936850519584333 0.7173128944995492 0.894484412470024
0 0.8651938683498648 0.6298960831334932 0.8778178539224527 0.6298960831334932 0.8787195671776376 0.6195043964828137 0.8769161406672679 0.6155075939248602 0.866546438232642 0.6147082334132695 0.8638412984670875 0.6187050359712231 0.8629395852119026 0.6266986410871304 0.8651938683498648 0.6298960831334932
0 0.9580703336339044 0.5763389288569145 0.9693417493237151 0.5771382893685052 0.9702434625789 0.5651478816946442 0.9675383228133454 0.5595523581135092 0.9598737601442742 0.5579536370903277 0.9571686203787195 0.5603517186250999 0.9562669071235348 0.5723421262989609 0.9580703336339044 0.5763389288569145
0 0.8818755635707846 0.6298960831334932 0.9026149684400361 0.6354916067146283 0.9057709648331831 0.6330935251798562 0.9053201082055906 0.6171063149480416 0.9039675383228134 0.6139088729016786 0.8868349864743011 0.6107114308553158 0.8827772768259693 0.6115107913669064 0.8800721370604149 0.6155075939248602 0.8800721370604149 0.6266986410871304 0.8818755635707846 0.6298960831334932
0 0.9526600541027953 0.06155075939248601 0.9603246167718665 0.06155075939248601 0.9630297565374212 0.05915267785771383 0.9648331830477908 0.05355715427657874 0.9648331830477908 0.02557953637090328 0.9603246167718665 0.010391686650679457 0.9490532010820559 0.00639488409272582 0.9458972046889089 0.011191047162270184 0.9449954914337241 0.019984012789768184 0.9449954914337241 0.05755395683453238 0.9526600541027953 0.06155075939248601
0 0.9044183949504058 0.8952837729816148 0.9220018034265104 0.897681854516387 0.9220018034265104 0.8864908073541167 0.9197475202885483 0.8840927258193446 0.9030658250676284 0.8840927258193446 0.9030658250676284 0.8936850519584333 0.9044183949504058 0.8952837729816148
0 0.8128944995491433 0.11031175059952039 0.8282236248872858 0.11270983213429257 0.8300270513976555 0.10871302957633892 0.8300270513976555 0.10231814548361312 0.8277727682596934 0.09672262190247803 0.8115419296663661 0.09832134292565947 0.8110910730387737 0.10631494804156676 0.8128944995491433 0.11031175059952039
0 0.9702434625789 0.6211031175059952 0.9810640216411182 0.6219024780175859 0.9828674481514879 0.6195043964828137 0.9828674481514879 0.6011191047162271 0.9797114517583408 0.5987210231814549 0.9702434625789 0.5987210231814549 0.9684400360685302 0.6019184652278178 0.9684400360685302 0.6147082334132695 0.9702434625789 0.6211031175059952
0 0.7366997294860235 0.8609112709832134 0.7407574391343553 0.8641087130295764 0.7484220018034266 0.862509992006395 0.7520288548241659 0.8489208633093526 0.7515779981965736 0.8377298161470824 0.7497745716862038 0.8313349320543566 0.7461677186654645 0.8281374900079936 0.7371505861136158 0.8281374900079936 0.7339945897204688 0.8337330135891287 0.7339945897204688 0.850519584332534 0.7366997294860235 0.8609112709832134
0 0.6555455365193867 0.5963229416466826 0.6798917944093779 0.5995203836930456 0.6925157799819658 0.5979216626698641 0.6929666366095582 0.5755395683453238 0.6857529305680793 0.5563549160671463 0.6753832281334536 0.5603517186250999 0.6704238052299368 0.5595523581135092 0.6623083859332732 0.5531574740207834 0.6537421100090172 0.5531574740207834 0.6514878268710551 0.5563549160671463 0.6519386834986475 0.5819344524380495 0.6555455365193867 0.5963229416466826
0 0.7691614066726781 0.02877697841726619 0.7831379621280433 0.02797761790567546 0.793507664562669 0.030375699440447643 0.7971145175834086 0.026378896882494004 0.7971145175834086 0.011990407673860913 0.7908025247971145 0.004796163069544364 0.7714156898106402 0.002398081534772182 0.7682596934174932 0.003996802557953637 0.7664562669071235 0.008792965627498003 0.7660054102795312 0.019984012789768184 0.7691614066726781 0.02877697841726619
0 0.8859332732191163 0.9048760991207034 0.8990081154192966 0.9072741806554757 0.9030658250676284 0.9048760991207034 0.9044183949504058 0.9008792965627499 0.9030658250676284 0.8968824940047961 0.8981064021641119 0.8936850519584333 0.8836789900811541 0.8936850519584333 0.8832281334535618 0.9016786570743406 0.8859332732191163 0.9048760991207034
0 0.869702434625789 0.6115107913669064 0.9039675383228134 0.6099120703437251 0.9057709648331831 0.6059152677857713 0.9044183949504058 0.5947242206235012 0.8981064021641119 0.5931254996003198 0.8904418394950405 0.5843325339728218 0.8764652840396754 0.5843325339728218 0.872858431018936 0.5891286970423661 0.869702434625789 0.5899280575539568 0.8678990081154194 0.5947242206235012 0.8674481514878268 0.6035171862509993 0.869702434625789 0.6115107913669064
0 0.6596032461677187 0.5179856115107914 0.6776375112714157 0.521982414068745 0.6816952209197475 0.521982414068745 0.6830477908025249 0.5195843325339728 0.6853020739404869 0.504396482813749 0.6844003606853021 0.4836131095123901 0.6821460775473399 0.4796163069544365 0.6614066726780884 0.4756195043964829 0.6596032461677187 0.4796163069544365 0.6587015329125337 0.49000799360511593 0.6582506762849414 0.5155875299760192 0.6596032461677187 0.5179856115107914
0 0.9792605951307485 0.5603517186250999 0.9914337240757439 0.5627498001598722 0.9954914337240758 0.5595523581135092 0.9954914337240758 0.5515587529976019 0.9923354373309288 0.5475619504396483 0.9770063119927863 0.5451638689048761 0.9761045987376015 0.5531574740207834 0.9792605951307485 0.5603517186250999
0 0.7551848512173129 0.9016786570743406 0.7651036970243462 0.9048760991207034 0.7795311091073039 0.9032773780975221 0.7817853922452661 0.8729016786570745 0.7790802524797115 0.8665067945643485 0.763751127141569 0.862509992006395 0.7578899909828674 0.862509992006395 0.7542831379621281 0.8665067945643485 0.7538322813345357 0.8928856914468426 0.7551848512173129 0.9016786570743406
0 0.8651938683498648 0.17106314948041568 0.8584310189359784 0.17186250999200642 0.8606853020739406 0.1750599520383693 0.8584310189359784 0.17825739408473223 0.8588818755635708 0.18145483613109514 0.8629395852119026 0.18625099920063948 0.8764652840396754 0.19024780175859313 0.8868349864743011 0.19024780175859313 0.8899909828674482 0.18784972022382096 0.891794409377818 0.1830535571542766 0.8931469792605952 0.16866506794564348 0.8922452660054103 0.14068745003996805 0.8904418394950405 0.13828936850519585 0.8742110009017132 0.1366906474820144 0.8706041478809738 0.1334932054356515 0.8715058611361587 0.12949640287769784 0.8683498647430118 0.13029576338928858 0.8674481514878268 0.1654676258992806 0.8651938683498648 0.17106314948041568
0 0.8142470694319207 0.1310951239008793 0.8277727682596934 0.1310951239008793 0.8277727682596934 0.12470023980815349 0.824165915238954 0.11830535571542766 0.8115419296663661 0.11830535571542766 0.8115419296663661 0.12629896083133493 0.8142470694319207 0.1310951239008793
0 0.8088367899008116 0.08872901678657075 0.8246167718665464 0.09112709832134293 0.8309287646528404 0.08872901678657075 0.8300270513976555 0.07993605115907274 0.827321911632101 0.07753796962430057 0.8065825067628495 0.07593924860111911 0.8056807935076646 0.08313349320543566 0.8088367899008116 0.08872901678657075