0 0.3557258791704238 0.7897681854516387 0.36113615870153287 0.809752198241407 0.3651938683498648 0.8137490007993605 0.418394950405771 0.7865707434052758 0.43056807935076646 0.7785771382893686 0.433273219116321 0.7729816147082335 0.4328223624887286 0.7633892885691447 0.42831379621280435 0.7402078337330137 0.42515779981965734 0.7290167865707434 0.42290351668169524 0.7282174260591526 0.37466185752930564 0.756994404476419 0.3557258791704238 0.765787370103917 0.35437330928764654 0.7681854516386891 0.3557258791704238 0.7897681854516387
0 0.8706041478809738 0.574740207833733 0.872858431018936 0.5875299760191847 0.8764652840396754 0.6011191047162271 0.8796212804328223 0.6035171862509993 0.9044183949504058 0.5899280575539568 0.9129846708746618 0.5835331734612311 0.9152389540126239 0.5787370103916867 0.9143372407574392 0.5571542765787371 0.9120829576194771 0.5475619504396483 0.9098286744815148 0.5451638689048761 0.890892696122633 0.5523581135091926 0.8724075743913436 0.5643485211830536 0.8706041478809738 0.5675459632294165 0.8706041478809738 0.574740207833733
0 0.2578899909828674 0.26538768984812156 0.26194770063119927 0.2789768185451639 0.26375112714156895 0.2797761790567546 0.27412082957619477 0.2797761790567546 0.28268710550045084 0.2701838529176659 0.29260595130748424 0.266986410871303 0.30297565374211 0.25739408473221426 0.31018935978358886 0.2549960031974421 0.31244364292155097 0.25099920063948844 0.31154192966636607 0.2358113509192646 0.30703336339044185 0.2238209432454037 0.25743913435527505 0.24540367705835334 0.25653742110009015 0.2533972821742606 0.2578899909828674 0.26538768984812156
0 0.9161406672678089 0.6490807354116707 0.9305680793507665 0.6442845723421263 0.9368800721370605 0.6370903277378098 0.9382326420198377 0.6298960831334932 0.9431920649233544 0.6203037569944045 0.9427412082957619 0.6115107913669064 0.939585211902615 0.5987210231814549 0.9391343552750226 0.5859312549960032 0.9355275022542832 0.5843325339728218 0.9323715058611362 0.5875299760191847 0.930117222723174 0.5915267785771383 0.9292155094679891 0.5995203836930456 0.9192966636609557 0.6091127098321344 0.9143372407574392 0.636290967226219 0.9138863841298467 0.6442845723421263 0.9161406672678089 0.6490807354116707
0 0.3480613165013526 0.748201438848921 0.35121731289449953 0.7505995203836932 0.37556357078449054 0.7410071942446044 0.3836789900811542 0.7418065547561951 0.3967538322813345 0.7330135891286971 0.40486925157799825 0.7314148681055157 0.41794409377817854 0.7234212629896084 0.42155094679891797 0.7242206235011991 0.4238052299368801 0.7210231814548362 0.418394950405771 0.6754596322941646 0.4147880973850316 0.6666666666666666 0.40712353471596036 0.6674660271782575 0.37691614066726786 0.6842525979216627 0.34761045987376016 0.6946442845723421 0.34445446348061315 0.6986410871302958 0.345356176735798 0.7362110311750599 0.3480613165013526 0.748201438848921
0 0.32777276825969337 0.29176658673061556 0.35527502254283133 0.28457234212629895 0.3660955816050496 0.2717825739408473 0.3850315599639315 0.2613908872901679 0.3836789900811542 0.24460431654676262 0.3764652840396754 0.2294164668265388 0.37285843101893595 0.2294164668265388 0.3651938683498648 0.23501199040767387 0.3557258791704238 0.2358113509192646 0.3462578899909829 0.24540367705835334 0.3313796212804328 0.2470023980815348 0.3223624887285843 0.25819344524380494 0.3223624887285843 0.27098321342925663 0.32777276825969337 0.29176658673061556
0 0.5270513976555455 0.14388489208633096 0.5288548241659152 0.17106314948041568 0.5329125338142471 0.1894484412470024 0.542380522993688 0.19104716227018384 0.5572587917042381 0.18625099920063948 0.5626690712353472 0.2006394884092726 0.5631199278629396 0.2126298960831335 0.560414788097385 0.21982414068745004 0.5509467989179441 0.22541966426858515 0.542380522993688 0.22621902478017586 0.539224526600541 0.2302158273381295 0.539224526600541 0.23820943245403678 0.5419296663660956 0.2501998401278977 0.5432822362488728 0.2789768185451639 0.5459873760144275 0.28377298161470826 0.5509467989179441 0.28457234212629895 0.5662759242560865 0.2789768185451639 0.5703336339044184 0.2749800159872102 0.5716862037871957 0.2621902478017586 0.5752930568079351 0.25819344524380494 0.623985572587917 0.23900879296562752 0.6352569882777277 0.23741007194244604 0.6474301172227231 0.2302158273381295 0.6654643823264202 0.2270183852917666 0.6717763751127143 0.2222222222222222 0.6744815148782687 0.21662669864108713 0.6699729486023445 0.2038369304556355 0.6681695220919748 0.17106314948041568 0.6659152389540126 0.16147082334132695 0.666366095581605 0.14548361310951238 0.6627592425608656 0.12949640287769784 0.6627592425608656 0.1167066346922462 0.6605049594229035 0.09832134292565947 0.6587015329125337 0.09272581934452438 0.6541929666366095 0.08713029576338929 0.6379621280432822 0.09272581934452438 0.6230838593327321 0.08792965627498003 0.6253381424706943 0.0959232613908873 0.6158701532912535 0.10231814548361312 0.6055004508566276 0.10391686650679458 0.5897204688908927 0.11270983213429257 0.584761045987376 0.1135091926458833 0.5802524797114518 0.1111111111111111 0.566726780883679 0.12070343725019984 0.5541027953110911 0.12070343725019984 0.5495942290351669 0.12470023980815349 0.5293056807935077 0.1310951239008793 0.5261496844003607 0.1342925659472422 0.5256988277727683 0.14068745003996805 0.5270513976555455 0.14388489208633096
0 0.3155996393146979 0.24300559552358114 0.32100991884580704 0.25259792166266987 0.33047790802524796 0.24300559552358114 0.33859332732191166 0.2414068745003997 0.34761045987376016 0.2334132693844924 0.37376014427412085 0.21902478017585933 0.37556357078449054 0.21662669864108713 0.37556357078449054 0.21183053557154277 0.37376014427412085 0.19744204636290968 0.36880072137060416 0.18784972022382096 0.3570784490532011 0.19664268585131894 0.3291253381424707 0.21183053557154277 0.3133453561767358 0.21742605915267785 0.31244364292155097 0.22621902478017586 0.3155996393146979 0.24300559552358114
0 0.9770063119927863 0.504396482813749 0.9792605951307485 0.5139888089528377 0.9842200180342651 0.5595523581135092 0.9878268710550046 0.5619504396482814 0.9995491433724076 0.5603517186250999 0.9995491433724076 0.4876099120703437 0.9941388638412986 0.486810551558753 0.9783588818755636 0.49640287769784175 0.9770063119927863 0.49880095923261397 0.9770063119927863 0.504396482813749
0 0.5559062218214608 0.8137490007993605 0.5599639314697926 0.818545163868905 0.5671776375112715 0.8177458033573143 0.5987376014427412 0.8049560351718625 0.6510369702434625 0.7777777777777778 0.6889089269612263 0.762589928057554 0.6956717763751128 0.7585931254996003 0.6974752028854824 0.7545963229416467 0.6979260595130748 0.7474020783373301 0.6929666366095582 0.7154276578737011 0.6889089269612263 0.7114308553157473 0.654643823264202 0.7290167865707434 0.6420198376916141 0.7322142286171064 0.6321009918845808 0.7386091127098321 0.5987376014427412 0.7513988808952838 0.5518485121731289 0.7745803357314149 0.5513976555455365 0.7889688249400479 0.5559062218214608 0.8137490007993605
0 0.351668169522092 0.3229416466826539 0.35888187556357076 0.3253397282174261 0.412082957619477 0.2973621103117506 0.41343552750225426 0.2901678657074341 0.40802524797114514 0.26538768984812156 0.40486925157799825 0.2613908872901679 0.4012623985572588 0.2613908872901679 0.3850315599639315 0.2685851318944844 0.3764652840396754 0.27737809752198245 0.3656447249774572 0.2789768185451639 0.3557258791704238 0.29096722621902477 0.348512173128945 0.29576338928856916 0.348512173128945 0.3069544364508393 0.351668169522092 0.3229416466826539
0 0.5816050495942291 0.8657074340527579 0.5739404869251578 0.8649080735411672 0.5725879170423805 0.8657074340527579 0.5816050495942291 0.8657074340527579
0 0.560414788097385 0.8481215027977619 0.5676284941388638 0.8633093525179857 0.5712353471596032 0.8641087130295764 0.5707844905320109 0.859312549960032 0.5739404869251578 0.8545163868904877 0.5802524797114518 0.853717026378897 0.5852119026149685 0.8545163868904877 0.5861136158701533 0.8569144684252599 0.5834084761045988 0.862509992006395 0.5856627592425608 0.8601119104716227 0.5856627592425608 0.8633093525179857 0.5865644724977458 0.8585131894484412 0.5892696122633003 0.862509992006395 0.5915238954012624 0.8585131894484412 0.6257889990982868 0.850519584332534 0.6618575293056808 0.8361310951239008 0.7024346257889991 0.8137490007993605 0.706492335437331 0.8105515587529977 0.7069431920649234 0.8025579536370904 0.7046889089269612 0.7849720223820944 0.700180342651037 0.7665867306155076 0.6983769161406672 0.7641886490807354 0.693868349864743 0.7641886490807354 0.6316501352569882 0.7945643485211831 0.5770964833183048 0.818545163868905 0.560414788097385 0.8233413269384493 0.5577096483318305 0.8265387689848122 0.5572587917042381 0.8313349320543566 0.560414788097385 0.8481215027977619