0 0.9440937781785392 0.11590727418065548 0.9747520288548243 0.11910471622701839 0.9779080252479712 0.11510791366906475 0.978809738503156 0.09192645883293366 0.9770063119927863 0.08473221422861711 0.9661857529305681 0.08633093525179857 0.9522091974752029 0.08233413269384492 0.9413886384129847 0.08553157474020784 0.9409377817853922 0.10951239008792966 0.9440937781785392 0.11590727418065548
0 0.7578899909828674 0.6874500399680257 0.7682596934174932 0.6866506794564349 0.770063119927863 0.6810551558752997 0.7687105500450856 0.6586730615507593 0.7619477006311993 0.6538768984812151 0.7578899909828674 0.6538768984812151 0.7556357078449053 0.657074340527578 0.7556357078449053 0.6850519584332534 0.7578899909828674 0.6874500399680257
0 0.8949504057709649 0.05195843325339729 0.9152389540126239 0.055155875299760196 0.9183949504057709 0.050359712230215826 0.9161406672678089 0.0319744204636291 0.9134355275022543 0.02717825739408473 0.8999098286744815 0.023980815347721826 0.8967538322813345 0.02557953637090328 0.8931469792605952 0.032773780975219824 0.8931469792605952 0.04796163069544365 0.8949504057709649 0.05195843325339729
0 0.8083859332732191 0.11270983213429257 0.8232642019837692 0.11590727418065548 0.8313796212804329 0.11590727418065548 0.8331830477908025 0.11270983213429257 0.833633904418395 0.10071942446043165 0.8327321911632102 0.09432454036770584 0.8309287646528404 0.09192645883293366 0.809287646528404 0.08952837729816147 0.8065825067628495 0.09352517985611512 0.806131650135257 0.10871302957633892 0.8083859332732191 0.11270983213429257
0 0.9174932371505862 0.026378896882494004 0.9224526600541028 0.032773780975219824 0.9287646528403968 0.03357314148681055 0.9319206492335438 0.031175059952038373 0.933273219116321 0.018385291766586733 0.9328223624887286 0.004796163069544364 0.9292155094679891 0 0.9170423805229937 0 0.9161406672678089 0.00639488409272582 0.9174932371505862 0.026378896882494004
0 0.7524797114517583 0.3069544364508393 0.7633002705139765 0.3077537969624301 0.7687105500450856 0.30135891286970423 0.7723174030658251 0.3045563549160672 0.7871956717763752 0.3069544364508393 0.7899008115419297 0.302158273381295 0.7903516681695222 0.2805755395683453 0.7853922452660055 0.27258193445243806 0.7614968440036068 0.26458832933653076 0.7515779981965736 0.26458832933653076 0.7475202885482417 0.26938449240607515 0.7475202885482417 0.30055955235811355 0.7524797114517583 0.3069544364508393
0 0.9296663660955816 0.3445243804956035 0.9418394950405771 0.34852118305355717 0.9504057709648331 0.34852118305355717 0.9526600541027953 0.34532374100719426 0.9526600541027953 0.32693844924060755 0.9477006311992787 0.31015187849720227 0.9328223624887286 0.3069544364508393 0.9278629395852119 0.3085531574740208 0.9274120829576196 0.3349320543565148 0.9296663660955816 0.3445243804956035
0 0.7240757439134355 0.7841726618705037 0.7267808836789902 0.7881694644284573 0.7344454463480614 0.7897681854516387 0.7371505861136158 0.7841726618705037 0.7371505861136158 0.7705835331734613 0.739404869251578 0.7617905675459633 0.7385031559963932 0.7513988808952838 0.7348963029756538 0.7490007993605117 0.7272317403065826 0.7498001598721024 0.7236248872858432 0.7633892885691447 0.7227231740306583 0.7737809752198243 0.7240757439134355 0.7841726618705037
0 0 0.4172661870503597 0.02660054102795311 0.4196642685851319 0.033363390441839495 0.4132693844924061 0.03291253381424707 0.39408473221422863 0.031109107303877368 0.3908872901678657 0.022993688007213707 0.3868904876099121 0.0018034265103697026 0.3844924060751399 0 0.3844924060751399 0 0.4172661870503597
0 0.7403065825067628 0.6498800959232613 0.7488728584310189 0.6530775379696243 0.7560865644724978 0.6530775379696243 0.7587917042380523 0.6506794564348523 0.7601442741208296 0.6290967226219025 0.757439134355275 0.6211031175059952 0.7443642921550947 0.6179056754596324 0.7389540126239856 0.6219024780175859 0.7385031559963932 0.642685851318945 0.7403065825067628 0.6498800959232613
0 0.9377817853922452 0.6530775379696243 0.9513074842200181 0.657074340527578 0.9567177637511272 0.6530775379696243 0.9589720468890893 0.6290967226219025 0.9580703336339044 0.6227018385291766 0.9558160504959423 0.6187050359712231 0.9504057709648331 0.6155075939248602 0.9386834986474301 0.6155075939248602 0.936429215509468 0.6179056754596324 0.9350766456266908 0.6235011990407675 0.9346257889990982 0.6442845723421263 0.9377817853922452 0.6530775379696243
0 0.9842200180342651 0.03836930455635491 0.9995491433724076 0.03916866506794565 0.9995491433724076 0.02158273381294964 0.996844003606853 0.023980815347721826 0.9810640216411182 0.026378896882494004 0.9810640216411182 0.0319744204636291 0.9842200180342651 0.03836930455635491
0 0.9508566275924257 0.18545163868904876 0.963931469792606 0.18465227817745802 0.967087466185753 0.1830535571542766 0.9688908926961226 0.17825739408473223 0.9684400360685302 0.16227018385291767 0.9666366095581606 0.15827338129496404 0.9558160504959423 0.1566746602717826 0.9522091974752029 0.15827338129496404 0.9490532010820559 0.16386890487609912 0.9490532010820559 0.18225419664268586 0.9508566275924257 0.18545163868904876
0 0 0.37969624300559557 0.02073940486925158 0.3836930455635492 0.029305680793507663 0.381294964028777 0.03291253381424707 0.3828936850519585 0.034265103697024346 0.38049560351718625 0.0351668169522092 0.3445243804956035 0.032461677186654644 0.3405275779376499 0.019837691614066726 0.33892885691446845 0 0.33892885691446845 0 0.37969624300559557
0 0.9905320108205591 0.5035971223021583 0.9995491433724076 0.5035971223021583 0.9995491433724076 0.45003996802557955 0.9977457168620378 0.45003996802557955 0.996844003606853 0.44364508393285373 0.9941388638412986 0.4420463629096723 0.9878268710550046 0.4508393285371703 0.9873760144274121 0.49800159872102323 0.9905320108205591 0.5035971223021583
0 0.6875563570784491 0.11191047162270185 0.6983769161406672 0.11830535571542766 0.7060414788097384 0.11750599520383694 0.7096483318304779 0.1047162270183853 0.7100991884580703 0.0783373301358913 0.6952209197475203 0.06874500399680256 0.6889089269612263 0.06794564348521183 0.6866546438232641 0.07913669064748202 0.6862037871956718 0.10391686650679458 0.6875563570784491 0.11191047162270185
0 0.6785392245266005 0.2813749000799361 0.6785392245266005 0.29896083133493206 0.6798917944093779 0.3069544364508393 0.6821460775473399 0.31254996003197444 0.6848512173128946 0.31414868105515587 0.693868349864743 0.3133493205435652 0.69702434625789 0.2797761790567546 0.6961226330027052 0.2741806554756195 0.6925157799819658 0.26538768984812156 0.6884580703336339 0.2621902478017586 0.6821460775473399 0.26059152677857716 0.6794409377817855 0.26458832933653076 0.6803426510369702 0.26938449240607515 0.6785392245266005 0.2813749000799361
0 0.6068530207394048 0.7513988808952838 0.6194770063119928 0.7561950439648283 0.6230838593327321 0.7561950439648283 0.6262398557258791 0.7513988808952838 0.627141568981064 0.7338129496402878 0.6244364292155096 0.7226219024780176 0.6199278629395851 0.7194244604316546 0.611361587015329 0.7194244604316546 0.6064021641118125 0.7218225419664269 0.6050495942290353 0.7258193445243806 0.6045987376014428 0.7426059152677859 0.6068530207394048 0.7513988808952838
0 0.8737601442741209 0.8105515587529977 0.8913435527502254 0.8137490007993605 0.9044183949504058 0.8129496402877698 0.9089269612263301 0.809752198241407 0.9120829576194771 0.8001598721023181 0.9120829576194771 0.7817745803357314 0.9084761045987376 0.7737809752198243 0.9080252479711453 0.7649880095923263 0.9048692515779982 0.762589928057554 0.9008115419296664 0.762589928057554 0.8976555455365194 0.7689848121502798 0.8773669972948602 0.771382893685052 0.8733092876465285 0.7753796962430056 0.8715058611361587 0.7817745803357314 0.8715058611361587 0.8041566746602719 0.8737601442741209 0.8105515587529977
0 0.8737601442741209 0.7529976019184652 0.8836789900811541 0.7545963229416467 0.8926961226330028 0.7450039968025579 0.888638412984671 0.7370103916866507 0.8872858431018936 0.7282174260591526 0.8845807033363391 0.7242206235011991 0.872858431018936 0.7234212629896084 0.8706041478809738 0.7298161470823342 0.869702434625789 0.7410071942446044 0.8737601442741209 0.7529976019184652
0 0.8913435527502254 0.3205435651478817 0.8922452660054103 0.33892885691446845 0.8935978358881875 0.3429256594724221 0.9089269612263301 0.3493205435651479 0.9197475202885483 0.3493205435651479 0.9224526600541028 0.34612310151878495 0.9233543733092877 0.31734612310151883 0.9220018034265104 0.2981614708233413 0.9206492335437331 0.2949640287769784 0.9098286744815148 0.29176658673061556 0.8931469792605952 0.2981614708233413 0.8913435527502254 0.2997601918465228 0.8913435527502254 0.3205435651478817
0 0.7975653742110009 0.9840127897681855 0.8097385031559965 0.991207034372502 0.8155996393146979 0.9880095923261392 0.8169522091974751 0.9840127897681855 0.8174030658250677 0.9712230215827339 0.8165013525698828 0.9552358113509193 0.8146979260595131 0.9520383693045564 0.8047790802524797 0.9488409272581935 0.796663660955816 0.9504396482813751 0.7957619477006312 0.973621103117506 0.7975653742110009 0.9840127897681855
0 0.8444544634806133 0.36211031175059955 0.8579801623083859 0.36530775379696245 0.8683498647430118 0.36530775379696245 0.8706041478809738 0.3629096722621903 0.871956717763751 0.3349320543565148 0.866546438232642 0.31734612310151883 0.8557258791704238 0.31414868105515587 0.8453561767357981 0.31414868105515587 0.8417493237150586 0.31734612310151883 0.8412984670874663 0.354916067146283 0.8444544634806133 0.36211031175059955
0 0.7132551848512173 0.32454036770583533 0.7312894499549144 0.32693844924060755 0.742560865644725 0.31734612310151883 0.7412082957619477 0.31175059952038375 0.7412082957619477 0.2813749000799361 0.7353471596032463 0.266986410871303 0.7168620378719567 0.26538768984812156 0.7137060414788097 0.2677857713828937 0.7123534715960325 0.27258193445243806 0.7114517583408476 0.31734612310151883 0.7132551848512173 0.32454036770583533
0 0.9314697926059514 0.7585931254996003 0.9431920649233544 0.7617905675459633 0.9467989179440939 0.7617905675459633 0.9490532010820559 0.7585931254996003 0.9504057709648331 0.7458033573141487 0.9495040577096483 0.7314148681055157 0.9413886384129847 0.7266187050359713 0.9341749323715058 0.7266187050359713 0.9287646528403968 0.7306155075939249 0.9283137962128044 0.7513988808952838 0.9314697926059514 0.7585931254996003
0 0.6686203787195673 0.7338129496402878 0.6776375112714157 0.7378097521982414 0.6866546438232641 0.7370103916866507 0.6880072137060416 0.7298161470823342 0.6857529305680793 0.7058353317346123 0.6789900811541929 0.7026378896882494 0.6708746618575293 0.7026378896882494 0.6672678088367898 0.7066346922462031 0.6668169522091975 0.7218225419664269 0.6686203787195673 0.7338129496402878
0 0.9458972046889089 0.8193445243804957 0.9558160504959423 0.8177458033573143 0.9571686203787195 0.809752198241407 0.9562669071235348 0.7897681854516387 0.9427412082957619 0.7897681854516387 0.9427412082957619 0.8169464428457234 0.9458972046889089 0.8193445243804957
0 0.8931469792605952 0.44604316546762596 0.903516681695221 0.44924060751398887 0.9111812443642923 0.44684252597921664 0.9147880973850315 0.434052757793765 0.9147880973850315 0.425259792166267 0.9111812443642923 0.4100719424460432 0.9044183949504058 0.4060751398880896 0.8913435527502254 0.4084732214228617 0.8904418394950405 0.42046362909672264 0.8931469792605952 0.44604316546762596
0 0.939585211902615 0.019984012789768184 0.9630297565374212 0.024780175859312553 0.967087466185753 0.024780175859312553 0.9688908926961226 0.02158273381294964 0.9684400360685302 0.007993605115907274 0.9598737601442742 0 0.9386834986474301 0.001598721023181455 0.9382326420198377 0.016786570743405275 0.939585211902615 0.019984012789768184
0 0.7894499549143373 0.6538768984812151 0.8034265103697025 0.6602717825739409 0.8187556357078449 0.6610711430855316 0.8210099188458071 0.6514788169464429 0.8210099188458071 0.6227018385291766 0.8151487826871056 0.6187050359712231 0.7944093778178539 0.6163069544364509 0.7908025247971145 0.6179056754596324 0.7885482416591524 0.6258992805755397 0.7871956717763752 0.6466826538768985 0.7894499549143373 0.6538768984812151
0 0.9463480613165013 0.13029576338928858 0.9580703336339044 0.13189448441247004 0.960775473399459 0.12949640287769784 0.960775473399459 0.12070343725019984 0.9589720468890893 0.11750599520383694 0.9535617673579802 0.11510791366906475 0.9445446348061317 0.11590727418065548 0.9445446348061317 0.12549960031974422 0.9463480613165013 0.13029576338928858
0 0.742560865644725 0.7593924860111911 0.7502254283137962 0.762589928057554 0.7628494138863842 0.7617905675459633 0.7646528403967539 0.7274180655475619 0.7614968440036068 0.7122302158273383 0.7533814247069431 0.7090327737809753 0.7430117222723175 0.7090327737809753 0.7407574391343553 0.7122302158273383 0.7403065825067628 0.7290167865707434 0.7398557258791705 0.7513988808952838 0.742560865644725 0.7593924860111911
0 0.7790802524797115 0.689048760991207 0.793507664562669 0.6922462030375699 0.7993688007213706 0.6906474820143885 0.8011722272317404 0.6874500399680257 0.8011722272317404 0.6778577138289369 0.796663660955816 0.6674660271782575 0.7817853922452661 0.6650679456434853 0.7763751127141569 0.6698641087130296 0.7763751127141569 0.6818545163868905 0.7790802524797115 0.689048760991207
0 0.7682596934174932 0.43645083932853723 0.7786293958521191 0.44684252597921664 0.7889990982867447 0.4532374100719425 0.7930568079350766 0.4508393285371703 0.7939585211902616 0.425259792166267 0.7926059513074842 0.4212629896083134 0.7741208295761948 0.4092725819344525 0.7682596934174932 0.4092725819344525 0.7642019837691614 0.41486810551558756 0.763751127141569 0.425259792166267 0.7682596934174932 0.43645083932853723
0 0.8435527502254283 0.6682653876898482 0.8507664562669072 0.6722621902478018 0.8557258791704238 0.6722621902478018 0.8566275924256087 0.6690647482014389 0.8588818755635708 0.6714628297362111 0.8566275924256087 0.6666666666666666 0.8588818755635708 0.6458832933653078 0.8525698827772769 0.6282973621103117 0.8449053201082056 0.6290967226219025 0.8408476104598738 0.6418864908073542 0.8399458972046889 0.6530775379696243 0.8435527502254283 0.6682653876898482
0 0.7614968440036068 0.09992006394884093 0.784941388638413 0.09672262190247803 0.7889990982867447 0.09192645883293366 0.7885482416591524 0.08633093525179857 0.7862939585211903 0.0815347721822542 0.757439134355275 0.08952837729816147 0.757439134355275 0.09752198241406874 0.7614968440036068 0.09992006394884093
0 0.6050495942290353 0.7929656274980017 0.6226330027051398 0.7937649880095924 0.627141568981064 0.7897681854516387 0.6262398557258791 0.7697841726618705 0.623985572587917 0.7601918465227818 0.6203787195671777 0.756994404476419 0.6077547339945897 0.7553956834532374 0.6045987376014428 0.7553956834532374 0.6014427412082958 0.7593924860111911 0.6018935978358882 0.78017585931255 0.6050495942290353 0.7929656274980017
0 0.8638412984670875 0.4356514788169465 0.8733092876465285 0.4372501998401279 0.8778178539224527 0.43165467625899284 0.8764652840396754 0.42286171063149486 0.872858431018936 0.416466826538769 0.869702434625789 0.4132693844924061 0.8624887285843102 0.41486810551558756 0.8620378719567178 0.43005595523581136 0.8638412984670875 0.4356514788169465
0 0.8489630297565375 0.03517186250999201 0.8651938683498648 0.0407673860911271 0.8805229936880072 0.042366107114308556 0.8881875563570785 0.03756994404476419 0.8904418394950405 0.026378896882494004 0.8881875563570785 0.01278976818545164 0.8836789900811541 0.007194244604316547 0.8543733092876465 0.004796163069544364 0.8512173128944995 0.007993605115907274 0.8498647430117223 0.014388489208633094 0.8480613165013525 0.02557953637090328 0.8489630297565375 0.03517186250999201
0 0.760595130748422 0.08393285371702638 0.7673579801623084 0.08393285371702638 0.7826871055004508 0.07993605115907274 0.7858431018935979 0.07673860911270983 0.7862939585211903 0.07274180655475619 0.784941388638413 0.06794564348521183 0.7790802524797115 0.06634692246203039 0.7642019837691614 0.07034372501998402 0.7596934174932372 0.07434052757793765 0.7592425608656448 0.0815347721822542 0.760595130748422 0.08393285371702638
0 0.5892696122633003 0.9944044764188649 0.59107303877367 0.9992006394884093 0.6235347159603246 0.9992006394884093 0.6262398557258791 0.9920063948840928 0.630297565374211 0.9920063948840928 0.6330027051397656 0.9880095923261392 0.6339044183949504 0.947242206235012 0.6293958521190262 0.9392486011191048 0.627141568981064 0.9272581934452439 0.6212804328223626 0.9240607513988809 0.5951307484220018 0.920863309352518 0.5915238954012624 0.9312549960031975 0.5901713255184852 0.9496402877697842 0.5906221821460775 0.9744204636290967 0.5892696122633003 0.9944044764188649
0 0.9806131650135257 0.6266986410871304 0.9914337240757439 0.6235011990407675 0.9932371505861136 0.6195043964828137 0.993688007213706 0.6115107913669064 0.9891794409377818 0.6051159072741806 0.9806131650135257 0.60431654676259 0.978809738503156 0.6091127098321344 0.9774571686203787 0.6171063149480416 0.9806131650135257 0.6266986410871304
0 0.8570784490532011 0.46442845723421267 0.8710550045085662 0.4684252597921663 0.8773669972948602 0.4684252597921663 0.8800721370604149 0.46522781774580335 0.8791704238052299 0.44604316546762596 0.866546438232642 0.44124700239808157 0.8552750225428314 0.4420463629096723 0.8548241659152389 0.4572342126298961 0.8570784490532011 0.46442845723421267
0 0.8692515779981966 0.7034372501998403 0.8791704238052299 0.7058353317346123 0.8890892696122633 0.701039168665068 0.8904418394950405 0.6658673061550759 0.8868349864743011 0.6554756195043965 0.8814247069431921 0.6514788169464429 0.871956717763751 0.6530775379696243 0.8688007213706042 0.6578737010391686 0.8674481514878268 0.6698641087130296 0.8674481514878268 0.697841726618705 0.8692515779981966 0.7034372501998403