0 0.6375112714156899 0.19744204636290968 0.6424706943192064 0.2014388489208633 0.6519386834986475 0.19904076738609114 0.6582506762849414 0.17985611510791366 0.657799819657349 0.17186250999200642 0.6541929666366095 0.17186250999200642 0.6442741208295762 0.16067146282973624 0.6375112714156899 0.1574740207833733 0.6330027051397656 0.16067146282973624 0.6293958521190262 0.17585931254996007 0.6293958521190262 0.18465227817745802 0.6375112714156899 0.19744204636290968
0 0.5779981965734896 0.31734612310151883 0.587917042380523 0.3181454836131095 0.5924256086564473 0.31254996003197444 0.5897204688908927 0.3053557154276579 0.584761045987376 0.302158273381295 0.5775473399458972 0.30055955235811355 0.5739404869251578 0.3053557154276579 0.5734896302975654 0.31414868105515587 0.5779981965734896 0.31734612310151883
0 0.8097385031559965 0.22462030375699443 0.8169522091974751 0.23181454836131096 0.8286744815148782 0.23501199040767387 0.8313796212804329 0.23181454836131096 0.8331830477908025 0.21742605915267785 0.8426510369702435 0.20223820943245407 0.8458070333633905 0.1918465227817746 0.8390441839495041 0.18145483613109514 0.836789900811542 0.16706634692246206 0.8210099188458071 0.15187849720223823 0.8169522091974751 0.15187849720223823 0.8137962128043282 0.1566746602717826 0.8020739404869252 0.19904076738609114 0.80297565374211 0.21342925659472425 0.8097385031559965 0.22462030375699443
0 0.7051397655545536 0.05115907274180656 0.7231740306582507 0.0671462829736211 0.7276825969341749 0.06794564348521183 0.7308385933273219 0.06155075939248601 0.7317403065825068 0.05115907274180656 0.7285843101893598 0.04476418864908074 0.7110009017132553 0.02877697841726619 0.7060414788097384 0.02877697841726619 0.7019837691614067 0.03836930455635491 0.7015329125338142 0.045563549160671464 0.7051397655545536 0.05115907274180656
0 0.573038773669973 0.3413269384492406 0.5856627592425608 0.34612310151878495 0.5933273219116322 0.34612310151878495 0.5973850315599639 0.34212629896083135 0.5955816050495942 0.33733013589128696 0.5883678990081154 0.32933653077537967 0.5752930568079351 0.32454036770583533 0.5707844905320109 0.32693844924060755 0.5703336339044184 0.3365307753796963 0.573038773669973 0.3413269384492406
0 0.8913435527502254 0.9680255795363709 0.9143372407574392 0.982414068745004 0.9188458070333634 0.9792166266986412 0.9215509467989179 0.9632294164668266 0.9215509467989179 0.9568345323741008 0.9197475202885483 0.9520383693045564 0.8958521190261496 0.9360511590727418 0.8935978358881875 0.9360511590727418 0.891794409377818 0.9392486011191048 0.8899909828674482 0.947242206235012 0.8895401262398558 0.9632294164668266 0.8913435527502254 0.9680255795363709
0 0.8868349864743011 0.6298960831334932 0.8999098286744815 0.6266986410871304 0.9044183949504058 0.6235011990407675 0.9062218214607755 0.6195043964828137 0.9048692515779982 0.6059152677857713 0.9012623985572588 0.5979216626698641 0.8859332732191163 0.6019184652278178 0.8805229936880072 0.6075139888089529 0.8827772768259693 0.6227018385291766 0.8868349864743011 0.6298960831334932
0 0.40802524797114514 0.4740207833733014 0.4143372407574391 0.48441247002398086 0.4188458070333634 0.48441247002398086 0.4224526600541028 0.47801758593125504 0.4224526600541028 0.47322142286171065 0.41118124436429215 0.44684252597921664 0.40486925157799825 0.4476418864908074 0.3999098286744815 0.45643485211830537 0.4003606853020739 0.4660271782573941 0.40802524797114514 0.4740207833733014
0 0.4806131650135257 0.7498001598721024 0.4855725879170424 0.7490007993605117 0.49368800721370604 0.7274180655475619 0.49233543733092877 0.7194244604316546 0.48782687105500455 0.7114308553157473 0.47745716862037874 0.7018385291766587 0.47385031559963936 0.7018385291766587 0.47024346257889993 0.7090327737809753 0.46934174932371503 0.7162270183852918 0.4688908926961226 0.7370103916866507 0.4806131650135257 0.7498001598721024
0 0.6789900811541929 0.2038369304556355 0.6848512173128946 0.20783373301358915 0.6889089269612263 0.20863309352517986 0.6929666366095582 0.2038369304556355 0.6929666366095582 0.19824140687450043 0.6911632100991884 0.19424460431654678 0.6740306582506763 0.18545163868904876 0.6681695220919748 0.18625099920063948 0.6654643823264202 0.19424460431654678 0.6659152389540126 0.2006394884092726 0.6789900811541929 0.2038369304556355
0 0.3841298467087466 0.44924060751398887 0.3904418394950406 0.45643485211830537 0.3967538322813345 0.4532374100719425 0.40486925157799825 0.43884892086330934 0.40486925157799825 0.434052757793765 0.39269612263300274 0.40447641886490815 0.3863841298467087 0.40367705835331735 0.3796212804328224 0.4180655475619504 0.38097385031559966 0.4396482813749001 0.3841298467087466 0.44924060751398887
0 0.31018935978358886 0.47242206235011996 0.31920649233543735 0.4924060751398881 0.32461677186654647 0.4940047961630696 0.33047790802524796 0.4836131095123901 0.3174030658250676 0.4588329336530776 0.3133453561767358 0.4596322941646683 0.30928764652840396 0.4668265387689848 0.31018935978358886 0.47242206235011996
0 0.43733092876465285 0.5467625899280576 0.4477006311992786 0.5571542765787371 0.4558160504959423 0.5691446842525979 0.45987376014427417 0.5683453237410072 0.4670874661857529 0.5499600319744204 0.4670874661857529 0.5395683453237411 0.4643823264201984 0.5331734612310152 0.445897204688909 0.5123900879296562 0.44183949504057707 0.5115907274180655 0.43507664562669074 0.5331734612310152 0.43507664562669074 0.542765787370104 0.43733092876465285 0.5467625899280576
0 0.36880072137060416 0.4748201438848921 0.37240757439134353 0.47801758593125504 0.37736699729486023 0.47801758593125504 0.38458070333633904 0.4684252597921663 0.38548241659152394 0.46203037569944044 0.3841298467087466 0.4572342126298961 0.37691614066726786 0.442845723421263 0.3629395852119026 0.42286171063149486 0.3557258791704238 0.4196642685851319 0.348512173128945 0.43085531574740216 0.348512173128945 0.44604316546762596 0.36880072137060416 0.4748201438848921
0 0.6109107303877367 0.3868904876099121 0.6321009918845808 0.4060751398880896 0.6370604147880974 0.40447641886490815 0.6469792605951307 0.3844924060751399 0.6460775473399459 0.3764988009592326 0.6384129846708747 0.36211031175059955 0.6298467087466186 0.35171862509992013 0.6203787195671777 0.34612310151878495 0.6163210099188459 0.3493205435651479 0.6086564472497746 0.3764988009592326 0.6086564472497746 0.3820943245403677 0.6109107303877367 0.3868904876099121
0 0.5658250676284942 0.06954436450839328 0.5685302073940487 0.07434052757793765 0.5748422001803427 0.0783373301358913 0.5816050495942291 0.0639488409272582 0.5825067628494138 0.049560351718625106 0.5779981965734896 0.042366107114308556 0.5721370604147881 0.03836930455635491 0.5676284941388638 0.0407673860911271 0.563570784490532 0.04876099120703437 0.5626690712353472 0.060751398880895285 0.5658250676284942 0.06954436450839328
0 0.5162308385933273 0.2821742605915268 0.5256988277727683 0.28617106314948043 0.5297565374211001 0.2853717026378897 0.5320108205590622 0.2821742605915268 0.5338142470694319 0.2685851318944844 0.5284039675383229 0.2541966426858513 0.5225428313796213 0.2478017585931255 0.5189359783588818 0.2478017585931255 0.5148782687105501 0.2549960031974421 0.5144274120829576 0.2789768185451639 0.5162308385933273 0.2821742605915268
0 0.239404869251578 0.35411670663469225 0.24346257889990983 0.3613109512390088 0.2484220018034265 0.36211031175059955 0.2651036970243463 0.33733013589128696 0.2655545536519387 0.33013589128697046 0.26149684400360684 0.3213429256594725 0.25473399458972046 0.3133493205435652 0.24030658250676284 0.3413269384492406 0.23760144274120829 0.34852118305355717 0.239404869251578 0.35411670663469225
0 0.9247069431920649 0.6930455635491607 0.9355275022542832 0.7058353317346123 0.9400360685302074 0.7058353317346123 0.9427412082957619 0.7018385291766587 0.9449954914337241 0.6922462030375699 0.9436429215509469 0.6690647482014389 0.9296663660955816 0.6562749800159873 0.9251577998196574 0.6594724220623502 0.9215509467989179 0.6786570743405277 0.9247069431920649 0.6930455635491607
0 0.7168620378719567 0.2214228617106315 0.7312894499549144 0.23421262989608316 0.7371505861136158 0.23421262989608316 0.7421100090171326 0.21183053557154277 0.7412082957619477 0.20623501199040767 0.7380522993688007 0.2006394884092726 0.7303877366997296 0.1918465227817746 0.7236248872858432 0.18784972022382096 0.7191163210099188 0.19024780175859313 0.7168620378719567 0.2006394884092726 0.7150586113615871 0.21342925659472425 0.7168620378719567 0.2214228617106315
0 0.5513976555455365 0.701039168665068 0.5536519386834987 0.7002398081534772 0.5568079350766456 0.6922462030375699 0.5626690712353472 0.6658673061550759 0.5581605049594229 0.657074340527578 0.5468890892696122 0.6466826538768985 0.542380522993688 0.645083932853717 0.5396753832281335 0.64828137490008 0.5338142470694319 0.6706634692246204 0.5324616771866546 0.6850519584332534 0.5513976555455365 0.701039168665068
0 0.44138863841298465 0.5515587529976019 0.4463480613165014 0.5539568345323741 0.45536519386834984 0.5363709032773781 0.45626690712353474 0.5259792166266987 0.4495040577096483 0.5163868904876099 0.44229035166816955 0.5123900879296562 0.43913435527502254 0.5179856115107914 0.4355275022542831 0.5315747402078338 0.43507664562669074 0.542765787370104 0.44138863841298465 0.5515587529976019
0 0.47385031559963936 0.2517985611510791 0.4806131650135257 0.25259792166266987 0.4842200180342651 0.24460431654676262 0.48647430117222723 0.23421262989608316 0.48647430117222723 0.2238209432454037 0.4806131650135257 0.2126298960831335 0.47024346257889993 0.20623501199040767 0.4670874661857529 0.2070343725019984 0.4594229035166817 0.23181454836131096 0.45987376014427417 0.23900879296562752 0.47385031559963936 0.2517985611510791
0 0.49098286744815145 0.2717825739408473 0.4977457168620379 0.27737809752198245 0.5094679891794409 0.27737809752198245 0.5121731289449956 0.2749800159872102 0.5130748422001803 0.25259792166266987 0.5094679891794409 0.24300559552358114 0.4945897204688909 0.24300559552358114 0.49008115419296666 0.2517985611510791 0.48963029756537424 0.26538768984812156 0.49098286744815145 0.2717825739408473
0 0.2935076645626691 0.2965627498001599 0.2894499549143373 0.3045563549160672 0.2862939585211903 0.302158273381295 0.2862939585211903 0.3085531574740208 0.2921550946798918 0.3213429256594725 0.29531109107303877 0.33812949640287776 0.29981965734896304 0.34372501998401284 0.30387736699729484 0.3413269384492406 0.3137962128043282 0.328537170263789 0.32191163210099194 0.3149480415667466 0.3237150586113616 0.3061550759392486 0.32146077547339946 0.28936850519584334 0.31424706943192066 0.2749800159872102 0.3106402164111813 0.2717825739408473 0.3065825067628494 0.2717825739408473 0.3007213706041479 0.27817745803357313 0.29305680793507666 0.293365307753797 0.2935076645626691 0.2965627498001599
0 0.4495040577096483 0.5611510791366906 0.4558160504959423 0.5691446842525979 0.4594229035166817 0.5691446842525979 0.4666366095581605 0.5523581135091926 0.4670874661857529 0.5403677058353318 0.4634806131650135 0.5315747402078338 0.45626690712353474 0.5275779376498801 0.45446348061316505 0.5371702637889688 0.44905320108205593 0.548361310951239 0.4477006311992786 0.5539568345323741 0.4495040577096483 0.5611510791366906
0 0.5342651036970244 0.33573141486810554 0.5441839495040577 0.33812949640287776 0.5532010820559062 0.33812949640287776 0.5572587917042381 0.3341326938449241 0.5572587917042381 0.31734612310151883 0.5536519386834987 0.30295763389288566 0.5387736699729486 0.2973621103117506 0.5320108205590622 0.2973621103117506 0.5288548241659152 0.30055955235811355 0.5293056807935077 0.3317346123101519 0.5342651036970244 0.33573141486810554
0 0.7727682596934174 0.6346922462030377 0.7822362488728585 0.6434852118305356 0.7876465284039675 0.645083932853717 0.7930568079350766 0.6314948041566747 0.7944093778178539 0.6163069544364509 0.7858431018935979 0.6051159072741806 0.7790802524797115 0.6035171862509993 0.7750225428313796 0.6115107913669064 0.7718665464382326 0.6243005595523582 0.7714156898106402 0.6314948041566747 0.7727682596934174 0.6346922462030377
0 0.6609558160504959 0.029576338928856916 0.6771866546438233 0.04716227018385292 0.690712353471596 0.05755395683453238 0.6956717763751128 0.05275779376498801 0.6965734896302976 0.045563549160671464 0.694770063119928 0.03597122302158274 0.6866546438232641 0.023980815347721826 0.6731289449954915 0.01598721023181455 0.6681695220919748 0.005595523581135092 0.6614066726780884 0.005595523581135092 0.657799819657349 0.013589128697042365 0.657799819657349 0.023181454836131096 0.6609558160504959 0.029576338928856916
0 0.30297565374211 0.460431654676259 0.30703336339044185 0.4612310151878497 0.3119927862939585 0.4556354916067146 0.3119927862939585 0.44924060751398887 0.3065825067628494 0.4348521183053557 0.3034265103697024 0.43325339728217427 0.2975653742110009 0.43884892086330934 0.29621280432822367 0.44604316546762596 0.30297565374211 0.460431654676259
0 0.6230838593327321 0.0407673860911271 0.639765554553652 0.055155875299760196 0.6438232642019839 0.049560351718625106 0.6456266907123535 0.03996802557953637 0.6438232642019839 0.03437250199840128 0.628043282236249 0.023181454836131096 0.6226330027051398 0.023980815347721826 0.6212804328223626 0.026378896882494004 0.6208295761947701 0.032773780975219824 0.6230838593327321 0.0407673860911271
0 0.9729486023444545 0.460431654676259 0.9806131650135257 0.469224620303757 0.9869251577998197 0.4716227018385292 0.9950405770964834 0.4804156674660272 0.9995491433724076 0.48121502797761795 0.9995491433724076 0.45483613109512394 0.9792605951307485 0.43645083932853723 0.9729486023444545 0.4372501998401279 0.9697926059513075 0.44364508393285373 0.9693417493237151 0.4532374100719425 0.9729486023444545 0.460431654676259
0 0.26465284039675385 0.41167066346922465 0.2651036970243463 0.42206235011990406 0.2687105500450857 0.4372501998401279 0.27547339945897203 0.45003996802557955 0.28088367899008115 0.45003996802557955 0.2867448151487827 0.4452438049560352 0.29260595130748424 0.43884892086330934 0.3002705139765554 0.425259792166267 0.3002705139765554 0.4180655475619504 0.28990081154192965 0.3868904876099121 0.2822362488728584 0.3733013589128697 0.27592425608656446 0.3661071143085532 0.2687105500450857 0.36930455635491605 0.25743913435527505 0.3868904876099121 0.2583408476104599 0.398880895283773 0.26465284039675385 0.41167066346922465
0 0.7497745716862038 0.24860111910471622 0.7520288548241659 0.2565947242206235 0.7646528403967539 0.2685851318944844 0.7691614066726781 0.2685851318944844 0.7750225428313796 0.2589928057553957 0.7795311091073039 0.2589928057553957 0.7835888187556357 0.2549960031974421 0.7889990982867447 0.23900879296562752 0.7835888187556357 0.22462030375699443 0.7614968440036068 0.20463629096722624 0.75834084761046 0.2030375699440448 0.7547339945897205 0.20623501199040767 0.7497745716862038 0.2238209432454037 0.7497745716862038 0.24860111910471622
0 0.936429215509468 0.407673860911271 0.9477006311992787 0.4132693844924061 0.9517583408476105 0.41167066346922465 0.9562669071235348 0.3996802557953637 0.957619477006312 0.3908872901678657 0.9580703336339044 0.3836930455635492 0.9567177637511272 0.3788968824940048 0.9504057709648331 0.37010391686650684 0.9454463480613166 0.3677058353317346 0.9418394950405771 0.37170263788968827 0.9386834986474301 0.3828936850519585 0.9359783588818756 0.4004796163069545 0.936429215509468 0.407673860911271
0 0.9733994589720468 0.8737010391686652 0.9855725879170424 0.8832933653077538 0.9900811541929667 0.8824940047961631 0.9927862939585211 0.8792965627498002 0.993688007213706 0.8609112709832134 0.9909828674481516 0.850519584332534 0.9878268710550046 0.8473221422861711 0.9774571686203787 0.8457234212629897 0.9743011722272317 0.8481215027977619 0.9729486023444545 0.8521183053557154 0.9706943192064924 0.8665067945643485 0.9733994589720468 0.8737010391686652
0 0.8904418394950405 0.5851318944844125 0.8967538322813345 0.5907274180655476 0.8994589720468892 0.5899280575539568 0.9012623985572588 0.5811350919264588 0.900360685302074 0.5603517186250999 0.8976555455365194 0.5547561950439649 0.89404869251578 0.5523581135091926 0.8904418394950405 0.5547561950439649 0.8881875563570785 0.5603517186250999 0.8872858431018936 0.5683453237410072 0.8904418394950405 0.5851318944844125
0 0.5 0.09112709832134293 0.5220919747520288 0.10311750599520383 0.5261496844003607 0.10231814548361312 0.5297565374211001 0.09112709832134293 0.5297565374211001 0.08473221422861711 0.5279531109107304 0.08073541167066348 0.5058611361587015 0.06634692246203039 0.5009017132551848 0.06874500399680256 0.4981965734896303 0.0815347721822542 0.4977457168620379 0.08792965627498003 0.5 0.09112709832134293
0 0.5748422001803427 0.3661071143085532 0.5843101893597836 0.36930455635491605 0.5897204688908927 0.3661071143085532 0.5897204688908927 0.3605115907274181 0.5865644724977458 0.354916067146283 0.5779981965734896 0.3493205435651479 0.5739404869251578 0.3493205435651479 0.5716862037871957 0.3525179856115108 0.5712353471596032 0.3605115907274181 0.5748422001803427 0.3661071143085532
0 0.5437330928764653 0.11270983213429257 0.5432822362488728 0.12390087929656275 0.5491433724075744 0.1310951239008793 0.563570784490532 0.1374900079936051 0.5676284941388638 0.13589128697042366 0.5712353471596032 0.12949640287769784 0.5793507664562669 0.1015187849720224 0.5788999098286746 0.09432454036770584 0.5721370604147881 0.07993605115907274 0.5509467989179441 0.06314948041566747 0.5495942290351669 0.0639488409272582 0.5405770964833183 0.09512390087929656 0.5401262398557259 0.1015187849720224 0.5437330928764653 0.11270983213429257
0 0.9283137962128044 0.4404476418864908 0.9549143372407575 0.4660271782573941 0.9616771866546439 0.46442845723421267 0.9684400360685302 0.442845723421263 0.967087466185753 0.4356514788169465 0.9540126239855725 0.42046362909672264 0.9454463480613166 0.41247002398081534 0.9368800721370605 0.4084732214228617 0.9305680793507665 0.41486810551558756 0.9260595130748422 0.42845723421262993 0.9251577998196574 0.4348521183053557 0.9283137962128044 0.4404476418864908
0 0.827321911632101 0.6930455635491607 0.8408476104598738 0.6994404476418865 0.8458070333633905 0.697841726618705 0.8485121731289451 0.6794564348521184 0.8485121731289451 0.6754596322941646 0.8462578899909828 0.6714628297362111 0.8399458972046889 0.6618705035971224 0.8340847610459874 0.657074340527578 0.827321911632101 0.6562749800159873 0.825067628494139 0.6642685851318945 0.8246167718665464 0.6858513189448442 0.827321911632101 0.6930455635491607
0 0.7664562669071235 0.6858513189448442 0.7754733994589721 0.6970423661071143 0.7804328223624887 0.697841726618705 0.7835888187556357 0.6930455635491607 0.7862939585211903 0.6834532374100719 0.7876465284039675 0.6674660271782575 0.7867448151487827 0.6618705035971224 0.7840396753832282 0.6586730615507593 0.7723174030658251 0.6554756195043965 0.7678088367899009 0.6714628297362111 0.7655545536519388 0.6810551558752997 0.7664562669071235 0.6858513189448442
0 0.5937781785392245 0.756994404476419 0.5982867448151488 0.7545963229416467 0.6032461677186655 0.7466027178257394 0.6073038773669973 0.7354116706634692 0.6095581605049595 0.7226219024780176 0.608205590622182 0.709832134292566 0.6014427412082958 0.6986410871302958 0.5829576194770063 0.6826538768984812 0.5752930568079351 0.6850519584332534 0.5640216411181245 0.7202238209432456 0.5640216411181245 0.7306155075939249 0.5937781785392245 0.756994404476419
0 0.7651036970243462 0.8840927258193446 0.7903516681695222 0.8912869704236611 0.7944093778178539 0.8832933653077538 0.7903516681695222 0.8553157474020784 0.7853922452660055 0.8473221422861711 0.7741208295761948 0.8433253397282174 0.7614968440036068 0.8433253397282174 0.75834084761046 0.8497202238209433 0.7551848512173129 0.8641087130295764 0.7551848512173129 0.8760991207034373 0.7651036970243462 0.8840927258193446
0 0.6438232642019839 0.15987210231814547 0.6510369702434625 0.16706634692246206 0.6596032461677187 0.16706634692246206 0.6632100991884582 0.15907274180655476 0.6618575293056808 0.15027977617905677 0.6451758340847611 0.13029576338928858 0.6406672678088369 0.13269384492406078 0.6352569882777277 0.14788169464428458 0.6357078449053201 0.15587529976019188 0.6438232642019839 0.15987210231814547
0 0.4003606853020739 0.6826538768984812 0.40396753832281335 0.6810551558752997 0.41027953110910736 0.6714628297362111 0.4143372407574391 0.6610711430855316 0.4116321009918846 0.6474820143884892 0.40712353471596036 0.6402877697841727 0.4012623985572588 0.636290967226219 0.3976555455365194 0.6386890487609912 0.38954012623985573 0.6538768984812151 0.38999098286744815 0.6618705035971224 0.4003606853020739 0.6826538768984812
0 0.7858431018935979 0.31254996003197444 0.796663660955816 0.31894484412470026 0.8106402164111812 0.3317346123101519 0.8174030658250677 0.32773780975219824 0.8192064923354373 0.31414868105515587 0.8133453561767359 0.30295763389288566 0.799819657348963 0.29576338928856916 0.7867448151487827 0.2829736211031175 0.7826871055004508 0.2829736211031175 0.7790802524797115 0.28936850519584334 0.7790802524797115 0.30055955235811355 0.7858431018935979 0.31254996003197444
0 0.694770063119928 0.4212629896083134 0.7091974752028855 0.4324540367705836 0.7132551848512173 0.43085531574740216 0.7164111812443643 0.42046362909672264 0.7150586113615871 0.41167066346922465 0.703336339044184 0.39728217426059154 0.6983769161406672 0.39728217426059154 0.6934174932371506 0.41247002398081534 0.6929666366095582 0.4180655475619504 0.694770063119928 0.4212629896083134
0 0.5410279531109107 0.8465227817745804 0.5590622182146078 0.844924060751399 0.5608656447249775 0.8377298161470824 0.5617673579801623 0.8161470823341327 0.5568079350766456 0.8033573141486812 0.5360685302073941 0.7985611510791367 0.5320108205590622 0.8105515587529977 0.5320108205590622 0.8425259792166268 0.5410279531109107 0.8465227817745804
0 0.40486925157799825 0.7306155075939249 0.4170423805229937 0.7513988808952838 0.4355275022542831 0.7689848121502798 0.43913435527502254 0.7697841726618705 0.4436429215509468 0.7617905675459633 0.445897204688909 0.7513988808952838 0.44138863841298465 0.7338129496402878 0.4188458070333634 0.7106314948041567 0.4147880973850316 0.7114308553157473 0.41118124436429215 0.7162270183852918 0.40486925157799825 0.7274180655475619 0.40486925157799825 0.7306155075939249