0 0.2146077547339946 0.9424460431654678 0.22046889089269614 0.9496402877697842 0.22723174030658252 0.9504396482813751 0.22948602344454463 0.9336530775379696 0.22633002705139765 0.920863309352518 0.22452660054102797 0.9176658673061552 0.2168620378719567 0.9144684252597922 0.21415689810640218 0.9176658673061552 0.21370604147880973 0.9256594724220625 0.21325518485121733 0.938449240607514 0.2146077547339946 0.9424460431654678
0 0.36384129846708746 0.7761790567545964 0.3669972948602344 0.7793764988009593 0.3764652840396754 0.7785771382893686 0.3782687105500451 0.7753796962430056 0.3796212804328224 0.7585931254996003 0.37781785392245265 0.7378097521982414 0.3764652840396754 0.7354116706634692 0.36834986474301173 0.7338129496402878 0.35978358881875566 0.7354116706634692 0.357980162308386 0.7378097521982414 0.35752930568079355 0.7545963229416467 0.36384129846708746 0.7761790567545964
0 0.5338142470694319 0.8561151079136692 0.5396753832281335 0.8521183053557154 0.539224526600541 0.844924060751399 0.5324616771866546 0.8281374900079936 0.5225428313796213 0.8265387689848122 0.521190261496844 0.8305355715427658 0.5216411181244364 0.8529176658673061 0.5338142470694319 0.8561151079136692
0 0.12263300270513977 0.6658673061550759 0.12939585211902616 0.6698641087130296 0.13706041478809738 0.6674660271782575 0.13796212804328223 0.6514788169464429 0.13345356176735798 0.6394884092725819 0.12398557258791705 0.6410871302957634 0.11947700631199279 0.6474820143884892 0.11902614968440037 0.6586730615507593 0.12263300270513977 0.6658673061550759
0 0.760595130748422 0.0959232613908873 0.7673579801623084 0.09992006394884093 0.7736699729486024 0.09992006394884093 0.7772768259693417 0.09672262190247803 0.7772768259693417 0.08792965627498003 0.7696122633002704 0.0671462829736211 0.7628494138863842 0.06474820143884892 0.7578899909828674 0.0671462829736211 0.7578899909828674 0.08872901678657075 0.760595130748422 0.0959232613908873
0 0.2903516681695221 0.9432454036770584 0.29260595130748424 0.9464428457234213 0.30748422001803427 0.9480415667466028 0.3106402164111813 0.9424460431654678 0.31109107303877365 0.920863309352518 0.30928764652840396 0.9136690647482014 0.29260595130748424 0.91207034372502 0.2903516681695221 0.9144684252597922 0.2894499549143373 0.9256594724220625 0.2889990982867448 0.9360511590727418 0.2903516681695221 0.9432454036770584
0 0.6519386834986475 0.26298960831334933 0.6609558160504959 0.2637889688249401 0.6627592425608656 0.25819344524380494 0.6627592425608656 0.24060751398880897 0.6609558160504959 0.2278177458033573 0.6510369702434625 0.21902478017585933 0.6438232642019839 0.22062350119904078 0.6429215509467989 0.2270183852917666 0.6438232642019839 0.2541966426858513 0.6519386834986475 0.26298960831334933
0 0.5649233543733093 0.16227018385291767 0.5671776375112715 0.16466826538768983 0.5761947700631199 0.1630695443645084 0.5779981965734896 0.15587529976019188 0.5779981965734896 0.1342925659472422 0.5712353471596032 0.13029576338928858 0.5662759242560865 0.13269384492406078 0.5640216411181245 0.1374900079936051 0.5649233543733093 0.16227018385291767
0 0.07168620378719567 0.37969624300559557 0.087917042380523 0.37969624300559557 0.09107303877366997 0.36930455635491605 0.09107303877366997 0.35411670663469225 0.08926961226330027 0.3501199040767386 0.08521190261496844 0.3477218225419665 0.07258791704238053 0.34852118305355717 0.07078449053201082 0.3525179856115108 0.06943192064923355 0.3645083932853717 0.06943192064923355 0.3764988009592326 0.07168620378719567 0.37969624300559557
0 0.7119026149684401 0.3924860111910472 0.7258791704238052 0.3932853717026379 0.7290351668169522 0.3844924060751399 0.7285843101893598 0.3788968824940048 0.7236248872858432 0.3749000799360512 0.7091974752028855 0.3733013589128697 0.7060414788097384 0.37729816147082335 0.706492335437331 0.38609112709832133 0.7119026149684401 0.3924860111910472
0 0.8043282236248873 0.0671462829736211 0.8237150586113616 0.06874500399680256 0.8282236248872858 0.0639488409272582 0.8286744815148782 0.0407673860911271 0.8246167718665464 0.032773780975219824 0.8196573489630298 0.030375699440447643 0.8106402164111812 0.032773780975219824 0.8074842200180342 0.03597122302158274 0.8056807935076646 0.04156674660271783 0.8034265103697025 0.055155875299760196 0.8043282236248873 0.0671462829736211
0 0.16952209197475201 0.1774580335731415 0.17853922452660054 0.17585931254996007 0.17853922452660054 0.16067146282973624 0.17538322813345356 0.14948041566746603 0.16050495942290352 0.14708233413269386 0.15734896302975654 0.15347721822541965 0.15734896302975654 0.17186250999200642 0.16952209197475201 0.1774580335731415
0 0.733092876465284 0.6266986410871304 0.7484220018034266 0.6306954436450839 0.7551848512173129 0.6306954436450839 0.7587917042380523 0.6266986410871304 0.760595130748422 0.5987210231814549 0.7578899909828674 0.5931254996003198 0.7407574391343553 0.5915267785771383 0.7357980162308386 0.5947242206235012 0.7326420198376916 0.60431654676259 0.7312894499549144 0.6227018385291766 0.733092876465284 0.6266986410871304
0 0.8268710550045085 0.9560351718625101 0.8480613165013525 0.9600319744204637 0.8561767357980163 0.9560351718625101 0.8575293056807936 0.9376498800959233 0.8557258791704238 0.9272581934452439 0.8498647430117223 0.9240607513988809 0.8381424706943192 0.9232613908872902 0.827321911632101 0.9232613908872902 0.8255184851217313 0.9256594724220625 0.825067628494139 0.9488409272581935 0.8268710550045085 0.9560351718625101
0 0.0793507664562669 0.1167066346922462 0.08521190261496844 0.12070343725019984 0.09377817853922453 0.12070343725019984 0.09693417493237151 0.1167066346922462 0.09693417493237151 0.10391686650679458 0.09242560865644725 0.0959232613908873 0.08160504959422904 0.0959232613908873 0.07889990982867448 0.09832134292565947 0.07754733994589721 0.10951239008792966 0.0793507664562669 0.1167066346922462
0 0.2610459873760144 0.701039168665068 0.27366997294860235 0.7018385291766587 0.2763751127141569 0.6994404476418865 0.2777276825969342 0.6882494004796164 0.2727682596934175 0.6714628297362111 0.2601442741208296 0.6746602717825739 0.25743913435527505 0.6786570743405277 0.25743913435527505 0.6938449240607514 0.2610459873760144 0.701039168665068
0 0.7506762849413887 0.22541966426858515 0.75834084761046 0.2278177458033573 0.7614968440036068 0.22462030375699443 0.7614968440036068 0.20623501199040767 0.7515779981965736 0.20463629096722624 0.7479711451758341 0.20783373301358915 0.7475202885482417 0.21742605915267785 0.7506762849413887 0.22541966426858515
0 0.06717763751127143 0.4756195043964829 0.08025247971145176 0.47641886490807356 0.08295761947700632 0.4748201438848921 0.08476104598737601 0.47002398081534774 0.08521190261496844 0.4556354916067146 0.08295761947700632 0.4532374100719425 0.07258791704238053 0.45163868904876103 0.06447249774571685 0.45483613109512394 0.06447249774571685 0.469224620303757 0.06717763751127143 0.4756195043964829
0 0.20243462578899912 0.504396482813749 0.20874661857529306 0.5075939248601119 0.22046889089269614 0.5051958433253397 0.218214607754734 0.4852118305355716 0.21415689810640218 0.47002398081534774 0.20694319206492334 0.4676258992805756 0.20423805229936878 0.469224620303757 0.20288548241659152 0.47322142286171065 0.20153291253381425 0.4908073541167067 0.20243462578899912 0.504396482813749
0 0.09693417493237151 0.6794564348521184 0.1145175834084761 0.6818545163868905 0.11812443642921551 0.6778577138289369 0.11767357980162309 0.6650679456434853 0.11541929666366096 0.6602717825739409 0.09873760144274121 0.6546762589928058 0.09558160504959423 0.6610711430855316 0.0951307484220018 0.6714628297362111 0.09693417493237151 0.6794564348521184
0 0.7903516681695222 0.8657074340527579 0.8002705139765555 0.8705035971223022 0.8115419296663661 0.8697042366107114 0.8137962128043282 0.8561151079136692 0.8133453561767359 0.8433253397282174 0.8115419296663661 0.8377298161470824 0.8011722272317404 0.8337330135891287 0.7930568079350766 0.8337330135891287 0.7894499549143373 0.8457234212629897 0.7889990982867447 0.862509992006395 0.7903516681695222 0.8657074340527579
0 0.0721370604147881 0.8425259792166268 0.09197475202885483 0.8433253397282174 0.09287646528403969 0.8313349320543566 0.0915238954012624 0.827338129496403 0.08340847610459873 0.8225419664268585 0.07303877366997295 0.82414068745004 0.07078449053201082 0.8313349320543566 0.0721370604147881 0.8425259792166268
0 0.3827772768259694 0.1542765787370104 0.3944995491433724 0.1574740207833733 0.4008115419296664 0.1566746602717826 0.40216411181244366 0.1542765787370104 0.4030658250676285 0.1334932054356515 0.4008115419296664 0.12230215827338131 0.3981064021641118 0.11830535571542766 0.3944995491433724 0.11590727418065548 0.3868349864743012 0.1167066346922462 0.38322813345356177 0.11990407673860913 0.3814247069431921 0.1278976818545164 0.38097385031559966 0.14788169464428458 0.3827772768259694 0.1542765787370104
0 0.8579801623083859 0.029576338928856916 0.8620378719567178 0.03996802557953637 0.869702434625789 0.042366107114308556 0.8773669972948602 0.0407673860911271 0.8868349864743011 0.045563549160671464 0.890892696122633 0.04316546762589928 0.891794409377818 0.029576338928856916 0.8904418394950405 0.014388489208633094 0.888638412984671 0.010391686650679457 0.866546438232642 0.004796163069544364 0.8584310189359784 0.00639488409272582 0.8570784490532011 0.007993605115907274 0.8579801623083859 0.029576338928856916
0 0.11947700631199279 0.20463629096722624 0.12308385933273219 0.20463629096722624 0.1266907123534716 0.19904076738609114 0.1284941388638413 0.18625099920063948 0.12714156898106402 0.16386890487609912 0.12308385933273219 0.15587529976019188 0.11902614968440037 0.15587529976019188 0.11632100991884581 0.15907274180655476 0.11541929666366096 0.16466826538768983 0.11541929666366096 0.19984012789768185 0.11947700631199279 0.20463629096722624
0 0.02885482416591524 0.8641087130295764 0.04057709648331831 0.8657074340527579 0.04824165915238954 0.862509992006395 0.04959422903516681 0.8385291766586731 0.04508566275924256 0.8209432454036771 0.03967538322813345 0.818545163868905 0.035617673579801626 0.8201438848920864 0.02885482416591524 0.8281374900079936 0.027502254283137965 0.8369304556354917 0.027502254283137965 0.859312549960032 0.02885482416591524 0.8641087130295764
0 0.32461677186654647 0.5723421262989609 0.33498647430117223 0.5731414868105515 0.3367899008115419 0.5699440447641887 0.33724075743913434 0.5499600319744204 0.32777276825969337 0.5467625899280576 0.3237150586113616 0.5523581135091926 0.32326420198376915 0.5691446842525979 0.32461677186654647 0.5723421262989609
0 0.04328223624887286 0.30135891286970423 0.04959422903516681 0.30055955235811355 0.05229936880072138 0.2965627498001599 0.05229936880072138 0.2701838529176659 0.0509467989179441 0.266986410871303 0.03651938683498648 0.26618705035971224 0.03291253381424707 0.2701838529176659 0.03201082055906222 0.27737809752198245 0.03201082055906222 0.2965627498001599 0.04328223624887286 0.30135891286970423
0 0.9535617673579802 0.7018385291766587 0.9688908926961226 0.7018385291766587 0.9702434625789 0.6970423661071143 0.9702434625789 0.6834532374100719 0.9675383228133454 0.6754596322941646 0.9499549143372408 0.6778577138289369 0.9517583408476105 0.6970423661071143 0.9535617673579802 0.7018385291766587
0 0.2750225428313796 0.8864908073541167 0.2903516681695221 0.8872901678657075 0.29260595130748424 0.8840927258193446 0.2917042380522994 0.8649080735411672 0.28539224526600543 0.8545163868904877 0.28268710550045084 0.8529176658673061 0.27592425608656446 0.8561151079136692 0.2723174030658251 0.86810551558753 0.27186654643823266 0.8816946442845724 0.2750225428313796 0.8864908073541167
0 0.4860234445446348 0.8465227817745804 0.4860234445446348 0.859312549960032 0.49008115419296666 0.8760991207034373 0.49639314697926057 0.8792965627498002 0.5085662759242561 0.8792965627498002 0.5112714156898106 0.871302957633893 0.5117222723174031 0.8521183053557154 0.5135256988277728 0.8433253397282174 0.5139765554553652 0.82414068745004 0.5121731289449956 0.806554756195044 0.5085662759242561 0.8089528377298163 0.4891794409377818 0.806554756195044 0.4837691614066727 0.8137490007993605 0.4837691614066727 0.8337330135891287 0.4860234445446348 0.8465227817745804
0 0.936429215509468 0.6474820143884892 0.939585211902615 0.6506794564348523 0.9477006311992787 0.64828137490008 0.9495040577096483 0.6442845723421263 0.9495040577096483 0.627498001598721 0.9481514878268711 0.6219024780175859 0.9458972046889089 0.6195043964828137 0.9386834986474301 0.6195043964828137 0.9359783588818756 0.6227018385291766 0.9346257889990982 0.6410871302957634 0.936429215509468 0.6474820143884892
0 0.1145175834084761 0.9360511590727418 0.11587015329125337 0.9456434852118306 0.11902614968440037 0.9496402877697842 0.1284941388638413 0.947242206235012 0.130297565374211 0.9432454036770584 0.12984670874661858 0.894484412470024 0.1266907123534716 0.8920863309352519 0.11406672678088368 0.8920863309352519 0.11045987376014427 0.8952837729816148 0.10865644724977458 0.9024780175859313 0.10865644724977458 0.920863309352518 0.1145175834084761 0.9360511590727418
0 0.15238954012623987 0.3844924060751399 0.16321009918845808 0.390087929656275 0.16862037871956717 0.3892885691446843 0.17177637511271418 0.3844924060751399 0.17177637511271418 0.3605115907274181 0.16862037871956717 0.35411670663469225 0.1650135256988278 0.35091926458832934 0.1568981064021641 0.35091926458832934 0.15058611361587015 0.354916067146283 0.1501352569882777 0.3749000799360512 0.15238954012623987 0.3844924060751399
0 0.09648331830477908 0.7242206235011991 0.11000901713255186 0.7250199840127898 0.11361587015329126 0.7210231814548362 0.1127141568981064 0.7114308553157473 0.109107303877367 0.7058353317346123 0.09783588818755636 0.704236610711431 0.09467989179440937 0.7066346922462031 0.09467989179440937 0.7202238209432456 0.09648331830477908 0.7242206235011991
0 0.09558160504959423 0.2765787370103917 0.1127141568981064 0.2789768185451639 0.11587015329125337 0.2749800159872102 0.11632100991884581 0.2597921662669864 0.11361587015329126 0.2470023980815348 0.10009017132551848 0.24380495603517185 0.09558160504959423 0.2470023980815348 0.09467989179440937 0.25099920063948844 0.09422903516681697 0.2717825739408473 0.09558160504959423 0.2765787370103917
0 0.6293958521190262 0.07274180655475619 0.6388638412984671 0.07513988808952839 0.6474301172227231 0.07274180655475619 0.6501352569882777 0.0639488409272582 0.6501352569882777 0.0319744204636291 0.6487826871055005 0.024780175859312553 0.6451758340847611 0.02158273381294964 0.6330027051397656 0.02158273381294964 0.6289449954914338 0.026378896882494004 0.628043282236249 0.03437250199840128 0.628043282236249 0.06155075939248601 0.6293958521190262 0.07274180655475619
0 0.08025247971145176 0.5843325339728218 0.087917042380523 0.5859312549960032 0.09242560865644725 0.5835331734612311 0.09332732191163211 0.577937649880096 0.09107303877366997 0.5643485211830536 0.08836789900811542 0.5619504396482814 0.08115419296663662 0.5627498001598722 0.07844905320108204 0.5667466027178258 0.07799819657348962 0.5803357314148682 0.08025247971145176 0.5843325339728218
0 0.5577096483318305 0.35171862509992013 0.563570784490532 0.3557154276578737 0.5712353471596032 0.35651478816946447 0.5743913435527502 0.3557154276578737 0.5757439134355276 0.3525179856115108 0.5766456266907123 0.3341326938449241 0.5743913435527502 0.32773780975219824 0.5631199278629396 0.3253397282174261 0.5586113615870153 0.32773780975219824 0.5563570784490532 0.3317346123101519 0.5563570784490532 0.3469224620303757 0.5577096483318305 0.35171862509992013
0 0.8485121731289451 0.24220623501199043 0.8575293056807936 0.2414068745003997 0.860234445446348 0.23181454836131096 0.860234445446348 0.21902478017585933 0.8521190261496844 0.21502797761790568 0.8480613165013525 0.21662669864108713 0.8471596032461677 0.23421262989608316 0.8485121731289451 0.24220623501199043
0 0.14697926059513075 0.49800159872102323 0.15734896302975654 0.49640287769784175 0.1587015329125338 0.4908073541167067 0.1582506762849414 0.46282973621103124 0.15419296663660956 0.45643485211830537 0.14743011722272317 0.45483613109512394 0.14472497745716864 0.4676258992805756 0.14517583408476106 0.4948041566746603 0.14697926059513075 0.49800159872102323
0 0.733092876465284 0.8952837729816148 0.7439134355275022 0.9000799360511591 0.7475202885482417 0.9000799360511591 0.7511271415689811 0.8952837729816148 0.7520288548241659 0.8896882494004797 0.7502254283137962 0.8760991207034373 0.7448151487826871 0.8729016786570745 0.7371505861136158 0.8729016786570745 0.7321911632100992 0.8760991207034373 0.7317403065825068 0.8880895283772982 0.733092876465284 0.8952837729816148
0 0.3507664562669071 0.9560351718625101 0.3647430117222723 0.959232613908873 0.369702434625789 0.9584332533972821 0.37060414788097384 0.9560351718625101 0.37150586113615874 0.9456434852118306 0.369702434625789 0.9352517985611511 0.35662759242560865 0.9312549960031975 0.3525698827772768 0.9312549960031975 0.3494138863841299 0.9344524380495605 0.3489630297565374 0.9512390087929657 0.3507664562669071 0.9560351718625101
0 0.8340847610459874 0.8145483613109513 0.8453561767357981 0.815347721822542 0.8467087466185753 0.8121502797761792 0.8467087466185753 0.800959232613909 0.8435527502254283 0.78017585931255 0.8381424706943192 0.7761790567545964 0.8309287646528404 0.7761790567545964 0.8277727682596934 0.7809752198241406 0.8277727682596934 0.8073541167066347 0.8340847610459874 0.8145483613109513
0 0.1902614968440036 0.3069544364508393 0.20513976555455368 0.31015187849720227 0.2096483318304779 0.3053557154276579 0.2096483318304779 0.2733812949640288 0.19927862939585214 0.266986410871303 0.19431920649233542 0.2677857713828937 0.19161406672678089 0.2701838529176659 0.18935978358881875 0.2813749000799361 0.18890892696122633 0.30055955235811355 0.1902614968440036 0.3069544364508393
0 0.07123534715960325 0.5611510791366906 0.07889990982867448 0.5611510791366906 0.08115419296663662 0.5547561950439649 0.07980162308385934 0.5323741007194245 0.07348963029756538 0.5299760191846523 0.06672678088367899 0.5355715427657874 0.06717763751127143 0.5571542765787371 0.07123534715960325 0.5611510791366906
0 0.004508566275924256 0.9456434852118306 0.009467989179440937 0.9488409272581935 0.01848512173128945 0.947242206235012 0.019837691614066726 0.9376498800959233 0.024346257889990983 0.9256594724220625 0.023895401262398558 0.915267785771383 0.012623985572587917 0.9096722621902479 0.007664562669071236 0.9096722621902479 0.0040577096483318306 0.9144684252597922 0.0031559963931469793 0.938449240607514 0.004508566275924256 0.9456434852118306
0 0.8642921550946799 0.07673860911270983 0.8751127141568981 0.07913669064748202 0.8805229936880072 0.07513988808952839 0.8809738503155997 0.06314948041566747 0.8742110009017132 0.04636290967226219 0.8688007213706042 0.04396482813749002 0.863390441839495 0.045563549160671464 0.8620378719567178 0.04876099120703437 0.8611361587015329 0.060751398880895285 0.8642921550946799 0.07673860911270983
0 0.9192966636609557 0.12390087929656275 0.9296663660955816 0.12549960031974422 0.9328223624887286 0.12390087929656275 0.9346257889990982 0.11990407673860913 0.9355275022542832 0.10791366906474821 0.933273219116321 0.1047162270183853 0.9278629395852119 0.1015187849720224 0.9192966636609557 0.1015187849720224 0.9165915238954013 0.10551558752997602 0.9161406672678089 0.1167066346922462 0.9192966636609557 0.12390087929656275
0 0.6235347159603246 0.8489208633093526 0.6325518485121732 0.850519584332534 0.6379621280432822 0.8457234212629897 0.636609558160505 0.8249400479616307 0.630297565374211 0.8225419664268585 0.6226330027051398 0.8249400479616307 0.6221821460775473 0.844924060751399 0.6235347159603246 0.8489208633093526
0 0.8002705139765555 0.23900879296562752 0.8137962128043282 0.23980815347721826 0.8192064923354373 0.23421262989608316 0.8196573489630298 0.2238209432454037 0.8160504959422903 0.2126298960831335 0.8011722272317404 0.21183053557154277 0.7975653742110009 0.21662669864108713 0.7975653742110009 0.2270183852917666 0.8002705139765555 0.23900879296562752
0 0.7123534715960325 0.2741806554756195 0.7182146077547341 0.2765787370103917 0.7308385933273219 0.2749800159872102 0.7308385933273219 0.2541966426858513 0.7209197475202885 0.2478017585931255 0.7110009017132553 0.24860111910471622 0.7100991884580703 0.2677857713828937 0.7123534715960325 0.2741806554756195
0 0.7357980162308386 0.5035971223021583 0.7466185752930569 0.5051958433253397 0.7520288548241659 0.5011990407673861 0.7524797114517583 0.48441247002398086 0.7502254283137962 0.48121502797761795 0.7376014427412083 0.4788169464428457 0.7344454463480614 0.4836131095123901 0.7339945897204688 0.4948041566746603 0.7357980162308386 0.5035971223021583
0 0.4657348963029757 0.2597921662669864 0.47385031559963936 0.25819344524380494 0.47385031559963936 0.24460431654676262 0.4715960324616772 0.2294164668265388 0.4688908926961226 0.22621902478017586 0.4634806131650135 0.22541966426858515 0.46167718665464386 0.22861710631494805 0.46077547339945896 0.2541966426858513 0.4657348963029757 0.2597921662669864
0 0.9630297565374212 0.23261390887290168 0.9720468890892696 0.23980815347721826 0.9779080252479712 0.23980815347721826 0.9819657348963029 0.2358113509192646 0.9842200180342651 0.2270183852917666 0.9846708746618575 0.21742605915267785 0.9833183047790803 0.20543565147881696 0.9688908926961226 0.19824140687450043 0.9634806131650135 0.19904076738609114 0.960775473399459 0.2030375699440448 0.960775473399459 0.22541966426858515 0.9630297565374212 0.23261390887290168
0 0.7398557258791705 0.8377298161470824 0.7434625788999099 0.8337330135891287 0.7434625788999099 0.8041566746602719 0.7267808836789902 0.7993605115907274 0.7240757439134355 0.8073541167066347 0.7245266005410279 0.8345323741007195 0.7398557258791705 0.8377298161470824
0 0.5477908025247972 0.3613109512390088 0.5504959422903517 0.3581135091926459 0.5504959422903517 0.3477218225419665 0.5464382326420198 0.3317346123101519 0.5396753832281335 0.33013589128697046 0.5360685302073941 0.3349320543565148 0.5365193868349865 0.35891286970423664 0.5477908025247972 0.3613109512390088
0 0.7272317403065826 0.22302158273381298 0.7312894499549144 0.21902478017585933 0.7317403065825068 0.20623501199040767 0.7294860234445446 0.19904076738609114 0.7209197475202885 0.1950439648281375 0.7132551848512173 0.19584332533972823 0.7114517583408476 0.19904076738609114 0.7119026149684401 0.21982414068745004 0.7272317403065826 0.22302158273381298
0 0.6789900811541929 0.9280575539568345 0.6789900811541929 0.9344524380495605 0.6816952209197475 0.9392486011191048 0.6875563570784491 0.9424460431654678 0.6988277727682598 0.9464428457234213 0.7028854824165914 0.9440447641886491 0.7055906221821461 0.9392486011191048 0.7069431920649234 0.9304556354916067 0.703336339044184 0.9040767386091128 0.6952209197475203 0.9008792965627499 0.6834986474301172 0.9008792965627499 0.6825969341749324 0.9168665067945644 0.6789900811541929 0.9280575539568345
0 0.7551848512173129 0.5603517186250999 0.7619477006311993 0.5611510791366906 0.7673579801623084 0.5531574740207834 0.7673579801623084 0.5459632294164669 0.7642019837691614 0.5379696243005596 0.7601442741208296 0.5347721822541966 0.7542831379621281 0.5347721822541966 0.7511271415689811 0.5379696243005596 0.7515779981965736 0.5571542765787371 0.7551848512173129 0.5603517186250999
0 0.07078449053201082 0.9456434852118306 0.07889990982867448 0.9456434852118306 0.08521190261496844 0.9432454036770584 0.08881875563570783 0.938449240607514 0.08972046889089269 0.9040767386091128 0.08836789900811542 0.8992805755395684 0.07078449053201082 0.8952837729816148 0.06672678088367899 0.9024780175859313 0.06717763751127143 0.9424460431654678 0.07078449053201082 0.9456434852118306
0 0.6275924256086564 0.8968824940047961 0.6352569882777277 0.8936850519584333 0.636609558160505 0.8800959232613909 0.6352569882777277 0.871302957633893 0.6230838593327321 0.871302957633893 0.6203787195671777 0.876898481215028 0.6199278629395851 0.894484412470024 0.6275924256086564 0.8968824940047961
0 0.5252479711451759 0.04476418864908074 0.5401262398557259 0.045563549160671464 0.5419296663660956 0.04316546762589928 0.5437330928764653 0.02797761790567546 0.5410279531109107 0.02158273381294964 0.5288548241659152 0.01598721023181455 0.5261496844003607 0.017585931254996006 0.5234445446348062 0.023181454836131096 0.5225428313796213 0.029576338928856916 0.5252479711451759 0.04476418864908074
0 0.1654643823264202 0.9424460431654678 0.1672678088367899 0.9528377298161471 0.1672678088367899 0.9648281374900081 0.172678088367899 0.9680255795363709 0.18530207394048692 0.9688249400479617 0.18755635707844906 0.9544364508393286 0.18800721370604148 0.9352517985611511 0.1834986474301172 0.9248601119104717 0.1834986474301172 0.9128697042366107 0.17493237150586113 0.9088729016786572 0.16952209197475201 0.9096722621902479 0.16771866546438233 0.9128697042366107 0.16771866546438233 0.9264588329336532 0.1654643823264202 0.9424460431654678
0 0.8412984670874663 0.48840927258193445 0.8530207394048693 0.48840927258193445 0.8584310189359784 0.4796163069544365 0.8588818755635708 0.4668265387689848 0.8557258791704238 0.460431654676259 0.8417493237150586 0.46203037569944044 0.8390441839495041 0.4668265387689848 0.8385933273219116 0.4804156674660272 0.8412984670874663 0.48840927258193445