0 0.6555455365193867 0.4556354916067146 0.6573489630297565 0.46442845723421267 0.6686203787195673 0.46282973621103124 0.6681695220919748 0.4476418864908074 0.6636609558160506 0.4452438049560352 0.6568981064021642 0.44604316546762596 0.6555455365193867 0.44844124700239807 0.6555455365193867 0.4556354916067146
0 0.8128944995491433 0.9256594724220625 0.8133453561767359 0.9336530775379696 0.8210099188458071 0.9544364508393286 0.825067628494139 0.9568345323741008 0.8444544634806133 0.9432454036770584 0.8412984670874663 0.9184652278177459 0.8358881875563571 0.9032773780975221 0.8246167718665464 0.8561151079136692 0.8214607754733995 0.8497202238209433 0.8174030658250677 0.844924060751399 0.8110910730387737 0.8497202238209433 0.8016230838593328 0.850519584332534 0.7984670874661858 0.853717026378897 0.7989179440937783 0.8697042366107114 0.8128944995491433 0.9256594724220625
0 0.6596032461677187 0.4860111910471623 0.6645626690712354 0.48920863309352525 0.6686203787195673 0.48920863309352525 0.6713255184851218 0.4860111910471623 0.6717763751127143 0.47641886490807356 0.6699729486023445 0.47242206235011996 0.6641118124436429 0.4684252597921663 0.6587015329125337 0.47002398081534774 0.6582506762849414 0.48201438848920863 0.6596032461677187 0.4860111910471623
0 0.8624887285843102 0.9944044764188649 0.8737601442741209 0.9856115107913669 0.8868349864743011 0.9792166266986412 0.897204688908927 0.9688249400479617 0.9337240757439135 0.9408473221422862 0.9377817853922452 0.9352517985611511 0.9355275022542832 0.9216626698641087 0.9328223624887286 0.9144684252597922 0.9287646528403968 0.915267785771383 0.8570784490532011 0.9728217426059154 0.8579801623083859 0.9856115107913669 0.8624887285843102 0.9944044764188649
0 0.6330027051397656 0.24220623501199043 0.636609558160505 0.2541966426858513 0.6393146979260594 0.25739408473221426 0.6532912533814247 0.24860111910471622 0.6668169522091975 0.24860111910471622 0.6753832281334536 0.24060751398880897 0.6744815148782687 0.2294164668265388 0.6650135256988278 0.19744204636290968 0.6370604147880974 0.21662669864108713 0.6307484220018034 0.2238209432454037 0.6298467087466186 0.2270183852917666 0.6330027051397656 0.24220623501199043
0 0.7826871055004508 0.9240607513988809 0.7889990982867447 0.9216626698641087 0.7993688007213706 0.91207034372502 0.796663660955816 0.897681854516387 0.793507664562669 0.8952837729816148 0.7795311091073039 0.8992805755395684 0.7772768259693417 0.9024780175859313 0.7781785392245266 0.915267785771383 0.7826871055004508 0.9240607513988809
0 0.8521190261496844 0.9544364508393286 0.8557258791704238 0.9608313349320544 0.9283137962128044 0.906474820143885 0.930117222723174 0.9040767386091128 0.9296663660955816 0.897681854516387 0.9251577998196574 0.8840927258193446 0.9211000901713255 0.8848920863309353 0.8521190261496844 0.9368505195843326 0.8489630297565375 0.9424460431654678 0.8521190261496844 0.9544364508393286
0 0.7876465284039675 0.9528377298161471 0.7912533814247069 0.9576338928856915 0.8002705139765555 0.9536370903277379 0.8038773669972948 0.9504396482813751 0.8056807935076646 0.9448441247002399 0.8043282236248873 0.9312549960031975 0.8002705139765555 0.9264588329336532 0.7944093778178539 0.9280575539568345 0.7862939585211903 0.9352517985611511 0.7858431018935979 0.9456434852118306 0.7876465284039675 0.9528377298161471
0 0.8557258791704238 0.9992006394884093 0.8557258791704238 0.9944044764188649 0.8521190261496844 0.9816147082334133 0.8471596032461677 0.9800159872102319 0.8408476104598738 0.9856115107913669 0.8345356176735799 0.9992006394884093 0.8557258791704238 0.9992006394884093
0 0.7714156898106402 0.2821742605915268 0.7718665464382326 0.2901678657074341 0.7768259693417493 0.3069544364508393 0.7786293958521191 0.32454036770583533 0.7880973850315599 0.3573141486810552 0.7930568079350766 0.3836930455635492 0.8002705139765555 0.40687450039968026 0.8043282236248873 0.4100719424460432 0.8210099188458071 0.3996802557953637 0.825067628494139 0.3908872901678657 0.8246167718665464 0.381294964028777 0.7894499549143373 0.2302158273381295 0.7862939585211903 0.2238209432454037 0.7826871055004508 0.2214228617106315 0.7790802524797115 0.22621902478017586 0.7705139765554554 0.2294164668265388 0.770063119927863 0.23741007194244604 0.7664562669071235 0.23900879296562752 0.7646528403967539 0.24300559552358114 0.7651036970243462 0.2565947242206235 0.7714156898106402 0.2821742605915268
0 0.6645626690712354 0.5099920063948842 0.675834084761046 0.5115907274180655 0.6785392245266005 0.5091926458832934 0.6785392245266005 0.5011990407673861 0.6753832281334536 0.4940047961630696 0.6677186654643824 0.4924060751398881 0.6636609558160506 0.495603517186251 0.6632100991884582 0.504396482813749 0.6645626690712354 0.5099920063948842
0 0.796663660955816 0.9880095923261392 0.8038773669972948 0.9880095923261392 0.8079350766456267 0.9840127897681855 0.8079350766456267 0.973621103117506 0.8038773669972948 0.9632294164668266 0.799819657348963 0.9624300559552359 0.7930568079350766 0.9680255795363709 0.7930568079350766 0.9784172661870505 0.796663660955816 0.9880095923261392