0 0.17493237150586113 0.5651478816946442 0.2060414788097385 0.5587529976019185 0.2091974752028855 0.5547561950439649 0.20649233543733095 0.5467625899280576 0.1708746618575293 0.5523581135091926 0.1708746618575293 0.5635491606714629 0.17493237150586113 0.5651478816946442
0 0.7339945897204688 0.6674660271782575 0.7439134355275022 0.7058353317346123 0.7475202885482417 0.7362110311750599 0.7493237150586113 0.7410071942446044 0.757439134355275 0.7426059152677859 0.7723174030658251 0.7370103916866507 0.7903516681695222 0.7266187050359713 0.793507664562669 0.7226219024780176 0.7948602344454464 0.7170263788968825 0.7944093778178539 0.709832134292566 0.7871956717763752 0.6642685851318945 0.7790802524797115 0.6306954436450839 0.7759242560865645 0.6290967226219025 0.7452660054102795 0.645083932853717 0.733092876465284 0.6490807354116707 0.7321911632100992 0.6554756195043965 0.7339945897204688 0.6674660271782575
0 0.21145175834084762 0.5531574740207834 0.215058611361587 0.5555555555555556 0.2479711451758341 0.5451638689048761 0.24932371505861137 0.5371702637889688 0.2479711451758341 0.5331734612310152 0.242560865644725 0.5323741007194245 0.21280432822362488 0.5435651478816946 0.21145175834084762 0.5459632294164669 0.21145175834084762 0.5531574740207834
0 0.17718665464382327 0.5811350919264588 0.21280432822362488 0.574740207833733 0.2146077547339946 0.5715427657873702 0.21325518485121733 0.5643485211830536 0.21009918845807032 0.5619504396482814 0.18394950405770966 0.565947242206235 0.17538322813345356 0.5707434052757794 0.17493237150586113 0.5755395683453238 0.17718665464382327 0.5811350919264588
0 0.2984670874661858 0.2501998401278977 0.3165013525698828 0.23820943245403678 0.31785392245266003 0.2358113509192646 0.31785392245266003 0.2294164668265388 0.3169522091974752 0.2270183852917666 0.31244364292155097 0.22621902478017586 0.2939585211902615 0.23661071143085532 0.2939585211902615 0.2478017585931255 0.2984670874661858 0.2501998401278977
0 0.20153291253381425 0.4292565947242206 0.2096483318304779 0.4292565947242206 0.23489630297565375 0.4156674660271783 0.23760144274120829 0.4132693844924061 0.23805229936880073 0.40527577937649883 0.23128944995491435 0.4020783373301359 0.2231740306582507 0.4028776978417266 0.21055004508566277 0.41247002398081534 0.20198376916140667 0.4108713029576339 0.19927862939585214 0.4132693844924061 0.19927862939585214 0.42206235011990406 0.20153291253381425 0.4292565947242206
0 0.12984670874661858 0.005595523581135092 0.14382326420198377 0.055155875299760196 0.14833183047790804 0.0583533173461231 0.18079350766456267 0.02797761790567546 0.18169522091974755 0.02158273381294964 0.1744815148782687 0 0.12984670874661858 0 0.12984670874661858 0.005595523581135092
0 0.3999098286744815 0.22861710631494805 0.4035166816952209 0.23421262989608316 0.415238954012624 0.23101518784972022 0.4188458070333634 0.22621902478017586 0.41794409377817854 0.21582733812949642 0.4012623985572588 0.22062350119904078 0.3999098286744815 0.22302158273381298 0.3999098286744815 0.22861710631494805
0 0.3146979260595131 0.2014388489208633 0.3345356176735798 0.19024780175859313 0.33498647430117223 0.18145483613109514 0.3322813345356177 0.1774580335731415 0.32416591523895405 0.17825739408473223 0.2889990982867448 0.19824140687450043 0.28990081154192965 0.20783373301358915 0.3146979260595131 0.2014388489208633
0 0.3196573489630297 0.31414868105515587 0.32777276825969337 0.31414868105515587 0.36158701532912535 0.2965627498001599 0.3656447249774572 0.29256594724220625 0.3660955816050496 0.28457234212629895 0.36158701532912535 0.2805755395683453 0.3183047790802525 0.30375699440447645 0.31785392245266003 0.3085531574740208 0.3196573489630297 0.31414868105515587
0 0.19612263300270513 0.042366107114308556 0.19747520288548243 0.04636290967226219 0.20018034265103696 0.04716227018385292 0.21370604147880973 0.03597122302158274 0.215058611361587 0.02797761790567546 0.21325518485121733 0.023980815347721826 0.2096483318304779 0.023980815347721826 0.1988277727682597 0.0319744204636291 0.19612263300270513 0.036770583533173466 0.19612263300270513 0.042366107114308556
0 0.28809738503155996 0.6658673061550759 0.3020739404869252 0.6578737010391686 0.3137962128043282 0.6458832933653078 0.3155996393146979 0.6402877697841727 0.3106402164111813 0.6219024780175859 0.3034265103697024 0.6035171862509993 0.2777276825969342 0.6258992805755397 0.27862939585211904 0.6370903277378098 0.28809738503155996 0.6658673061550759
0 0.4075743913435528 0.2685851318944844 0.42110009017132555 0.26458832933653076 0.4238052299368801 0.25819344524380494 0.42155094679891797 0.24940047961630699 0.40577096483318303 0.2557953637090328 0.4044183949504058 0.2621902478017586 0.4075743913435528 0.2685851318944844
0 0.4044183949504058 0.25099920063948844 0.4197475202885482 0.24620303756994405 0.42155094679891797 0.24060751398880897 0.42155094679891797 0.23741007194244604 0.4188458070333634 0.23261390887290168 0.4053201082055906 0.2358113509192646 0.402614968440036 0.23900879296562752 0.40216411181244366 0.2470023980815348 0.4044183949504058 0.25099920063948844
0 0.21866546438232642 0.4796163069544365 0.2249774571686204 0.4796163069544365 0.2515779981965735 0.47002398081534774 0.25428313796212804 0.4668265387689848 0.25428313796212804 0.46203037569944044 0.2520288548241659 0.45803357314148685 0.2407574391343553 0.4596322941646683 0.21731289449954916 0.47002398081534774 0.2164111812443643 0.4740207833733014 0.21866546438232642 0.4796163069544365
0 0.23760144274120829 0.6898481215027978 0.24436429215509467 0.6922462030375699 0.2655545536519387 0.6826538768984812 0.2723174030658251 0.6762589928057555 0.2727682596934175 0.6690647482014389 0.27006311992786297 0.6522781774580336 0.26194770063119927 0.6219024780175859 0.25428313796212804 0.6227018385291766 0.23174030658250674 0.636290967226219 0.23083859332732193 0.6418864908073542 0.23760144274120829 0.6898481215027978