0 0.5419296663660956 0.7106314948041567 0.5491433724075744 0.7122302158273383 0.5522993688007214 0.7026378896882494 0.5532010820559062 0.6914468425259792 0.5504959422903517 0.6850519584332534 0.5450856627592425 0.6842525979216627 0.539224526600541 0.7002398081534772 0.5387736699729486 0.7058353317346123 0.5419296663660956 0.7106314948041567
0 0.49188458070333635 0.9992006394884093 0.5139765554553652 0.9992006394884093 0.5157799819657348 0.9920063948840928 0.5121731289449956 0.9808153477218226 0.4995491433724076 0.9680255795363709 0.4945897204688909 0.9696243005595524 0.4905320108205591 0.9864108713029576 0.49008115419296666 0.9952038369304558 0.49188458070333635 0.9992006394884093
0 0.7082957619477006 0.2038369304556355 0.7231740306582507 0.21342925659472425 0.7272317403065826 0.2126298960831335 0.7294860234445446 0.20863309352517986 0.729936880072137 0.2014388489208633 0.7254283137962128 0.1894484412470024 0.7245266005410279 0.18225419664268586 0.7132551848512173 0.16946442845723422 0.7096483318304779 0.16946442845723422 0.7015329125338142 0.18545163868904876 0.7024346257889991 0.19584332533972823 0.7082957619477006 0.2038369304556355
0 0.65238954012624 0.3669064748201439 0.6708746618575293 0.3836930455635492 0.674932371505861 0.38609112709832133 0.6785392245266005 0.3836930455635492 0.6807935076645627 0.37010391686650684 0.675834084761046 0.3581135091926459 0.6587015329125337 0.34212629896083135 0.654643823264202 0.34372501998401284 0.6519386834986475 0.3525179856115108 0.6505861136158702 0.3629096722621903 0.65238954012624 0.3669064748201439
0 0.9229035166816953 0.016786570743405275 0.9283137962128044 0.023181454836131096 0.9319206492335438 0.02238209432454037 0.9346257889990982 0.018385291766586733 0.9359783588818756 0.007993605115907274 0.9359783588818756 0 0.9129846708746618 0 0.9116321009918846 0.003996802557953637 0.9111812443642923 0.01278976818545164 0.9229035166816953 0.016786570743405275
0 0.5085662759242561 0.7865707434052758 0.5121731289449956 0.797761790567546 0.5225428313796213 0.8081534772182254 0.5261496844003607 0.8081534772182254 0.5396753832281335 0.7681854516386891 0.5405770964833183 0.7545963229416467 0.5365193868349865 0.748201438848921 0.5297565374211001 0.7426059152677859 0.5256988277727683 0.7338129496402878 0.5189359783588818 0.7266187050359713 0.5112714156898106 0.7234212629896084 0.5081154192966637 0.7266187050359713 0.4981965734896303 0.7641886490807354 0.4981965734896303 0.7721822541966427 0.5085662759242561 0.7865707434052758
0 0.8742110009017132 0.7266187050359713 0.8818755635707846 0.7330135891286971 0.8836789900811541 0.7410071942446044 0.8868349864743011 0.7458033573141487 0.9030658250676284 0.7601918465227818 0.9107303877366997 0.7585931254996003 0.9152389540126239 0.7458033573141487 0.9152389540126239 0.7210231814548362 0.9080252479711453 0.7106314948041567 0.900360685302074 0.7058353317346123 0.8899909828674482 0.6946442845723421 0.8796212804328223 0.6898481215027978 0.8764652840396754 0.6962430055955237 0.872858431018936 0.7130295763389289 0.8724075743913436 0.7226219024780176 0.8742110009017132 0.7266187050359713
0 0.33588818755635713 0.9896083133493206 0.345356176735798 0.9992006394884093 0.3656447249774572 0.9992006394884093 0.3674481514878269 0.9944044764188649 0.3674481514878269 0.9808153477218226 0.3534715960324617 0.9656274980015987 0.3376916140667268 0.9560351718625101 0.3340847610459874 0.9664268585131894 0.3336339044183949 0.9784172661870505 0.33588818755635713 0.9896083133493206
0 0.7903516681695222 0.9288569144684253 0.8038773669972948 0.9408473221422862 0.8115419296663661 0.9440447641886491 0.8155996393146979 0.9400479616306955 0.8205590622182147 0.9232613908872902 0.8228133453561768 0.8992805755395684 0.8187556357078449 0.8904876099120704 0.796663660955816 0.8729016786570745 0.7930568079350766 0.8792965627498002 0.7899008115419297 0.8960831334932055 0.784941388638413 0.9104716227018386 0.7853922452660055 0.920863309352518 0.7903516681695222 0.9288569144684253
0 0.5126239855725879 0.6850519584332534 0.5180342651036971 0.6898481215027978 0.5256988277727683 0.6922462030375699 0.5320108205590622 0.6714628297362111 0.5320108205590622 0.6642685851318945 0.5293056807935077 0.6546762589928058 0.5216411181244364 0.6506794564348523 0.5144274120829576 0.6586730615507593 0.5108205590622182 0.6698641087130296 0.5103697024346258 0.6802557953637091 0.5126239855725879 0.6850519584332534
0 0.4174932371505861 0.9512390087929657 0.4278629395852119 0.9600319744204637 0.4310189359783589 0.959232613908873 0.44138863841298465 0.9360511590727418 0.44409377817853923 0.9248601119104717 0.44454463480613166 0.9136690647482014 0.4337240757439134 0.9008792965627499 0.42560865644724977 0.9000799360511591 0.4192966636609558 0.9184652278177459 0.4143372407574391 0.9400479616306955 0.4143372407574391 0.9456434852118306 0.4174932371505861 0.9512390087929657
0 0.8678990081154194 0.13908872901678657 0.8836789900811541 0.15267785771382894 0.8877366997294861 0.15267785771382894 0.890892696122633 0.14788169464428458 0.89404869251578 0.1278976818545164 0.891794409377818 0.12230215827338131 0.869702434625789 0.10551558752997602 0.8642921550946799 0.11990407673860913 0.863390441839495 0.13269384492406078 0.8678990081154194 0.13908872901678657
0 0.5915238954012624 0.8481215027977619 0.6018935978358882 0.8585131894484412 0.60595130748422 0.8585131894484412 0.6131650135256989 0.8409272581934453 0.6176735798016231 0.8209432454036771 0.6127141568981065 0.8113509192645884 0.6014427412082958 0.8041566746602719 0.5987376014427412 0.8073541167066347 0.5973850315599639 0.815347721822542 0.5906221821460775 0.8305355715427658 0.5897204688908927 0.8401278976818546 0.5915238954012624 0.8481215027977619
0 0.9147880973850315 0.6075139888089529 0.9341749323715058 0.6115107913669064 0.9458972046889089 0.6107114308553158 0.9504057709648331 0.6083133493205436 0.9526600541027953 0.6035171862509993 0.9549143372407575 0.5915267785771383 0.9549143372407575 0.5827338129496403 0.9490532010820559 0.574740207833733 0.9251577998196574 0.5707434052757794 0.9174932371505862 0.5763389288569145 0.9138863841298467 0.5907274180655476 0.9134355275022543 0.6051159072741806 0.9147880973850315 0.6075139888089529
0 0.3647430117222723 0.8824940047961631 0.3796212804328224 0.8968824940047961 0.38863841298467083 0.9024780175859313 0.3913435527502254 0.9016786570743406 0.39404869251577995 0.8968824940047961 0.40171325518485124 0.8705035971223022 0.4003606853020739 0.8649080735411672 0.38773669972948605 0.8481215027977619 0.37330928764652843 0.8377298161470824 0.369702434625789 0.8377298161470824 0.3660955816050496 0.844924060751399 0.36113615870153287 0.8673061550759393 0.36113615870153287 0.8760991207034373 0.3647430117222723 0.8824940047961631
0 0.5383228133453561 0.2613908872901679 0.5568079350766456 0.2805755395683453 0.5622182146077548 0.2797761790567546 0.566726780883679 0.2741806554756195 0.5712353471596032 0.25259792166266987 0.5707844905320109 0.24620303756994405 0.5680793507664563 0.23900879296562752 0.5500450856627592 0.21982414068745004 0.5432822362488728 0.2302158273381295 0.5365193868349865 0.2501998401278977 0.5360685302073941 0.2557953637090328 0.5383228133453561 0.2613908872901679
0 0.4454463480613165 0.6610711430855316 0.45311091073038773 0.6642685851318945 0.45626690712353474 0.6618705035971224 0.45852119026149685 0.6554756195043965 0.4580703336339044 0.6506794564348523 0.45626690712353474 0.64828137490008 0.44274120829576197 0.636290967226219 0.4386834986474301 0.6410871302957634 0.43913435527502254 0.6522781774580336 0.4454463480613165 0.6610711430855316
0 0.48782687105500455 0.5987210231814549 0.4882777276825969 0.6091127098321344 0.506311992786294 0.6266986410871304 0.5117222723174031 0.6298960831334932 0.5153291253381425 0.6290967226219025 0.521190261496844 0.6099120703437251 0.5207394048692516 0.6019184652278178 0.5076645626690712 0.577937649880096 0.49864743011722273 0.5715427657873702 0.49413886384129846 0.5739408473221423 0.4927862939585212 0.5835331734612311 0.48782687105500455 0.5987210231814549
0 0.7750225428313796 0.4588329336530776 0.7777276825969343 0.4676258992805756 0.7894499549143373 0.4788169464428457 0.8007213706041478 0.48201438848920863 0.8106402164111812 0.4932054356514788 0.8142470694319207 0.4924060751398881 0.8178539224526601 0.495603517186251 0.8354373309287646 0.5211830535571543 0.8412984670874663 0.5355715427657874 0.8485121731289451 0.5355715427657874 0.8588818755635708 0.5075939248601119 0.8624887285843102 0.4908073541167067 0.8606853020739406 0.4756195043964829 0.8557258791704238 0.4636290967226219 0.8485121731289451 0.4636290967226219 0.8417493237150586 0.460431654676259 0.8381424706943192 0.4508393285371703 0.8340847610459874 0.45483613109512394 0.827321911632101 0.4556354916067146 0.8133453561767359 0.44364508393285373 0.8047790802524797 0.43005595523581136 0.7957619477006312 0.42046362909672264 0.7885482416591524 0.4180655475619504 0.7844905320108205 0.4244604316546763 0.7813345356176735 0.4396482813749001 0.7750225428313796 0.4588329336530776
0 0.7200180342651037 0.014388489208633094 0.7335437330928765 0.032773780975219824 0.7389540126239856 0.036770583533173466 0.74165915238954 0.03597122302158274 0.7484220018034266 0.014388489208633094 0.7484220018034266 0.003996802557953637 0.7461677186654645 0 0.7186654643823265 0 0.7182146077547341 0.005595523581135092 0.7200180342651037 0.014388489208633094
0 0.7209197475202885 0.1486810551558753 0.7290351668169522 0.15827338129496404 0.7348963029756538 0.15907274180655476 0.74165915238954 0.1510791366906475 0.7452660054102795 0.13269384492406078 0.7421100090171326 0.12629896083133493 0.7326420198376916 0.11750599520383694 0.7240757439134355 0.11510791366906475 0.7218214607754734 0.11910471622701839 0.7168620378719567 0.13908872901678657 0.7173128944995492 0.14708233413269386 0.7209197475202885 0.1486810551558753
0 0.8841298467087467 0.2813749000799361 0.9008115419296664 0.28377298161470826 0.9039675383228134 0.2765787370103917 0.903516681695221 0.26618705035971224 0.8981064021641119 0.2541966426858513 0.8836789900811541 0.24860111910471622 0.8791704238052299 0.2589928057553957 0.8782687105500451 0.27258193445243806 0.8841298467087467 0.2813749000799361
0 0.9440937781785392 0.7897681854516387 0.9598737601442742 0.8081534772182254 0.963931469792606 0.8057553956834532 0.9733994589720468 0.78017585931255 0.9733994589720468 0.7753796962430056 0.967087466185753 0.7609912070343725 0.9630297565374212 0.7545963229416467 0.9589720468890893 0.7521982414068745 0.9531109107303878 0.7513988808952838 0.9495040577096483 0.753796962430056 0.9449954914337241 0.7681854516386891 0.9436429215509469 0.7785771382893686 0.9440937781785392 0.7897681854516387
0 0.8710550045085662 0.3309352517985612 0.8949504057709649 0.3317346123101519 0.9008115419296664 0.33013589128697046 0.9021641118124436 0.3261390887290168 0.8999098286744815 0.31015187849720227 0.897204688908927 0.3053557154276579 0.8899909828674482 0.3053557154276579 0.8841298467087467 0.31175059952038375 0.8660955816050496 0.3077537969624301 0.8651938683498648 0.3229416466826539 0.8710550045085662 0.3309352517985612
0 0.7470694319206492 0.2294164668265388 0.7601442741208296 0.23820943245403678 0.7759242560865645 0.2533972821742606 0.7799819657348963 0.25099920063948844 0.7853922452660055 0.23101518784972022 0.7844905320108205 0.21982414068745004 0.7808836789900812 0.2126298960831335 0.7551848512173129 0.19264588329336532 0.7497745716862038 0.19584332533972823 0.7457168620378719 0.21502797761790568 0.7443642921550947 0.22462030375699443 0.7470694319206492 0.2294164668265388
0 0.6474301172227231 0.7937649880095924 0.6681695220919748 0.809752198241407 0.6717763751127143 0.8073541167066347 0.6762849413886385 0.7985611510791367 0.6821460775473399 0.7721822541966427 0.6785392245266005 0.7593924860111911 0.6645626690712354 0.7442046362909672 0.6573489630297565 0.7402078337330137 0.6532912533814247 0.7466027178257394 0.6460775473399459 0.7737809752198243 0.6456266907123535 0.7889688249400479 0.6474301172227231 0.7937649880095924
0 0.5951307484220018 0.09192645883293366 0.6194770063119928 0.09752198241406874 0.6235347159603246 0.09432454036770584 0.6253381424706943 0.0671462829736211 0.6226330027051398 0.05675459632294165 0.6118124436429215 0.04636290967226219 0.60595130748422 0.04396482813749002 0.5951307484220018 0.04636290967226219 0.5924256086564473 0.05675459632294165 0.5928764652840397 0.07753796962430057 0.5951307484220018 0.09192645883293366
0 0.9774571686203787 0.3149480415667466 0.9891794409377818 0.32214228617106316 0.9918845807033364 0.32214228617106316 0.9950405770964834 0.3181454836131095 0.9977457168620378 0.3053557154276579 0.9972948602344455 0.29256594724220625 0.9954914337240758 0.2885691446842526 0.9878268710550046 0.2813749000799361 0.9806131650135257 0.2797761790567546 0.9756537421100091 0.29256594724220625 0.9747520288548243 0.3077537969624301 0.9774571686203787 0.3149480415667466
0 0.6776375112714157 0.8193445243804957 0.694770063119928 0.8377298161470824 0.6997294860234445 0.8393285371702638 0.7037871956717764 0.8337330135891287 0.706492335437331 0.8217426059152678 0.7087466185752931 0.8017585931254997 0.7082957619477006 0.7897681854516387 0.7042380522993689 0.7809752198241406 0.6889089269612263 0.7689848121502798 0.6839495040577097 0.7745803357314149 0.674932371505861 0.806554756195044 0.6744815148782687 0.8137490007993605 0.6776375112714157 0.8193445243804957
0 0.45626690712353474 0.7378097521982414 0.46393146979260597 0.7418065547561951 0.4666366095581605 0.7346123101518786 0.4670874661857529 0.7274180655475619 0.4643823264201984 0.7178257394084733 0.46077547339945896 0.7114308553157473 0.4571686203787196 0.709832134292566 0.4558160504959423 0.7058353317346123 0.4526600541027953 0.7058353317346123 0.4472497745716862 0.7210231814548362 0.4481514878268711 0.7306155075939249 0.45626690712353474 0.7378097521982414
0 0.7470694319206492 0.5611510791366906 0.7651036970243462 0.5755395683453238 0.770063119927863 0.5707434052757794 0.7741208295761948 0.5555555555555556 0.7727682596934174 0.548361310951239 0.7682596934174932 0.5395683453237411 0.7560865644724978 0.5275779376498801 0.7515779981965736 0.5307753796962431 0.7466185752930569 0.5443645083932854 0.7457168620378719 0.5579536370903277 0.7470694319206492 0.5611510791366906
0 0.6158701532912535 0.915267785771383 0.6253381424706943 0.9248601119104717 0.6298467087466186 0.9264588329336532 0.6352569882777277 0.9184652278177459 0.639765554553652 0.894484412470024 0.6343552750225429 0.8816946442845724 0.6262398557258791 0.8760991207034373 0.6217312894499549 0.8816946442845724 0.6149684400360685 0.9016786570743406 0.6145175834084761 0.9112709832134293 0.6158701532912535 0.915267785771383
0 0.9675383228133454 0.39728217426059154 0.9693417493237151 0.4004796163069545 0.9837691614066727 0.41247002398081534 0.9905320108205591 0.4100719424460432 0.9941388638412986 0.40367705835331735 0.9950405770964834 0.390087929656275 0.9923354373309288 0.38049560351718625 0.9873760144274121 0.37250199840127896 0.9756537421100091 0.36370903277378097 0.9729486023444545 0.3661071143085532 0.9693417493237151 0.37729816147082335 0.9675383228133454 0.3932853717026379 0.9675383228133454 0.39728217426059154
0 0.8485121731289451 0.9240607513988809 0.8557258791704238 0.920863309352518 0.8593327321911632 0.9040767386091128 0.8579801623083859 0.8920863309352519 0.8476104598737602 0.8816946442845724 0.8444544634806133 0.8816946442845724 0.8376916140667268 0.8992805755395684 0.8376916140667268 0.91207034372502 0.8485121731289451 0.9240607513988809