0 0.9287646528403968 0.27577937649880097 0.9355275022542832 0.2805755395683453 0.9400360685302074 0.2805755395683453 0.9427412082957619 0.2765787370103917 0.9436429215509469 0.24460431654676262 0.9409377817853922 0.23421262989608316 0.9251577998196574 0.22621902478017586 0.9215509467989179 0.24620303756994405 0.9211000901713255 0.2621902478017586 0.9287646528403968 0.27577937649880097
0 0.09648331830477908 0.7769784172661871 0.09918845807033362 0.7817745803357314 0.10279531109107304 0.7785771382893686 0.10865644724977458 0.7617905675459633 0.10955816050495942 0.7513988808952838 0.10144274120829576 0.7402078337330137 0.09467989179440937 0.7386091127098321 0.09107303877366997 0.7434052757793765 0.08611361587015329 0.7585931254996003 0.08701532912533815 0.7689848121502798 0.09648331830477908 0.7769784172661871
0 0.03967538322813345 0.5259792166266987 0.043733092876465283 0.5323741007194245 0.0509467989179441 0.533972821742606 0.05365193868349865 0.5307753796962431 0.058611361587015326 0.5067945643485212 0.05004508566275924 0.4876099120703437 0.045987376014427414 0.4860111910471623 0.04328223624887286 0.48920863309352525 0.03787195671776375 0.5091926458832934 0.03742110009017133 0.5187849720223822 0.03967538322813345 0.5259792166266987
0 0.3340847610459874 0.40687450039968026 0.3376916140667268 0.41167066346922465 0.34265103697024346 0.4132693844924061 0.34580703336339047 0.4108713029576339 0.3494138863841299 0.4004796163069545 0.351668169522092 0.37969624300559557 0.3467087466185753 0.37090327737809753 0.33859332732191166 0.36530775379696245 0.3345356176735798 0.3749000799360512 0.3322813345356177 0.38609112709832133 0.3313796212804328 0.39408473221422863 0.3340847610459874 0.40687450039968026
0 0.004508566275924256 0.36211031175059955 0.011722272317403066 0.36850519584332536 0.015779981965734897 0.36930455635491605 0.019386834986474304 0.3557154276578737 0.020288548241659154 0.3405275779376499 0.016681695220919748 0.3333333333333333 0.01036970243462579 0.3309352517985612 0.003606853020739405 0.34852118305355717 0.002705139765554554 0.35891286970423664 0.004508566275924256 0.36211031175059955
0 0.9535617673579802 0.5187849720223822 0.9738503155996393 0.5371702637889688 0.9806131650135257 0.5371702637889688 0.9860234445446348 0.5267785771382895 0.9864743011722273 0.5171862509992007 0.9842200180342651 0.5115907274180655 0.9603246167718665 0.5011990407673861 0.9522091974752029 0.5019984012789769 0.9513074842200181 0.5123900879296562 0.9535617673579802 0.5187849720223822
0 0.1587015329125338 0.6714628297362111 0.17718665464382327 0.6826538768984812 0.18169522091974755 0.6778577138289369 0.1812443642921551 0.6658673061550759 0.175834084761046 0.6538768984812151 0.16275924256086563 0.6442845723421263 0.15915238954012625 0.6474820143884892 0.15779981965734896 0.6546762589928058 0.1587015329125338 0.6714628297362111
0 0 0.6962430055955237 0.009017132551848512 0.7026378896882494 0.016230838593327322 0.7034372501998403 0.022993688007213707 0.6898481215027978 0.024797114517583405 0.6826538768984812 0.024346257889990983 0.6778577138289369 0.014878268710550046 0.6578737010391686 0.005861136158701533 0.6490807354116707 0 0.6490807354116707 0 0.6962430055955237
0 0.9220018034265104 0.6522781774580336 0.9319206492335438 0.657074340527578 0.936429215509468 0.6554756195043965 0.9391343552750226 0.6330935251798562 0.9355275022542832 0.6235011990407675 0.9323715058611362 0.6211031175059952 0.9256086564472498 0.6227018385291766 0.9211000901713255 0.6370903277378098 0.9206492335437331 0.6498800959232613 0.9220018034265104 0.6522781774580336
0 0.34039675383228135 0.3085531574740208 0.3494138863841299 0.3149480415667466 0.351668169522092 0.31414868105515587 0.3557258791704238 0.3069544364508393 0.3557258791704238 0.2877697841726619 0.3462578899909829 0.27577937649880097 0.3417493237150586 0.2749800159872102 0.33859332732191166 0.27817745803357313 0.3363390441839495 0.2885691446842526 0.3363390441839495 0.30055955235811355 0.34039675383228135 0.3085531574740208
0 0.31154192966636607 0.4012789768185452 0.31785392245266003 0.40527577937649883 0.32100991884580704 0.40447641886490815 0.3237150586113616 0.4004796163069545 0.32461677186654647 0.3892885691446843 0.31920649233543735 0.3749000799360512 0.3119927862939585 0.3669064748201439 0.30703336339044185 0.36930455635491605 0.3056807935076645 0.3733013589128697 0.30477908025247974 0.3868904876099121 0.31154192966636607 0.4012789768185452
0 0.05680793507664563 0.8425259792166268 0.06086564472497746 0.8401278976818546 0.06582506762849415 0.8257394084732215 0.06627592425608657 0.806554756195044 0.0545536519386835 0.7953637090327739 0.049143372407574396 0.7953637090327739 0.042380522993688004 0.8105515587529977 0.04057709648331831 0.82414068745004 0.05680793507664563 0.8425259792166268
0 0.00721370604147881 0.16147082334132695 0.029305680793507663 0.1830535571542766 0.03381424706943192 0.1830535571542766 0.03967538322813345 0.1750599520383693 0.04057709648331831 0.1542765787370104 0.03381424706943192 0.14388489208633096 0.01848512173128945 0.12949640287769784 0.01442741208295762 0.12869704236610713 0.013074842200180344 0.1310951239008793 0.011722272317403066 0.13908872901678657 0.005861136158701533 0.15347721822541965 0.005410279531109108 0.1574740207833733 0.00721370604147881 0.16147082334132695
0 0.11045987376014427 0.8912869704236611 0.11496844003606854 0.894484412470024 0.11767357980162309 0.894484412470024 0.12082957619477007 0.8904876099120704 0.12623985572587917 0.8705035971223022 0.12623985572587917 0.8657074340527579 0.12443642921550947 0.8617106314948043 0.11316501352569883 0.8545163868904877 0.10865644724977458 0.8569144684252599 0.10504959422903516 0.8673061550759393 0.10414788097385032 0.8792965627498002 0.11045987376014427 0.8912869704236611
0 0.37691614066726786 0.5971223021582733 0.3818755635707845 0.5899280575539568 0.3836789900811542 0.5739408473221423 0.37736699729486023 0.5627498001598722 0.3701532912533814 0.5611510791366906 0.3647430117222723 0.5811350919264588 0.3651938683498648 0.5963229416466826 0.37691614066726786 0.5971223021582733
0 0.8881875563570785 0.442845723421263 0.9012623985572588 0.4508393285371703 0.9075743913435527 0.45163868904876103 0.9102795311091073 0.44844124700239807 0.9111812443642923 0.434052757793765 0.9080252479711453 0.4212629896083134 0.8872858431018936 0.407673860911271 0.8836789900811541 0.4100719424460432 0.8823264201983769 0.4156674660271783 0.8832281334535618 0.43165467625899284 0.8881875563570785 0.442845723421263
0 0.5955816050495942 0.577937649880096 0.6032461677186655 0.5795363709032775 0.6064021641118125 0.5739408473221423 0.6055004508566276 0.5595523581135092 0.5996393146979261 0.5531574740207834 0.5924256086564473 0.5523581135091926 0.5892696122633003 0.5603517186250999 0.5897204688908927 0.5707434052757794 0.5955816050495942 0.577937649880096
0 0.9558160504959423 0.6211031175059952 0.9612263300270514 0.6330935251798562 0.9675383228133454 0.636290967226219 0.9720468890892696 0.6235011990407675 0.9738503155996393 0.6051159072741806 0.9643823264201984 0.5939248601119105 0.9571686203787195 0.592326139088729 0.954463480613165 0.5947242206235012 0.9531109107303878 0.6123101518784972 0.9558160504959423 0.6211031175059952
0 0.15058611361587015 0.4908073541167067 0.1636609558160505 0.49880095923261397 0.16907123534715962 0.4948041566746603 0.17222723174030657 0.4804156674660272 0.16816952209197475 0.47322142286171065 0.15779981965734896 0.46282973621103124 0.1510369702434626 0.47002398081534774 0.1496844003606853 0.47322142286171065 0.15058611361587015 0.4908073541167067
0 0 0.19824140687450043 0.019837691614066726 0.21582733812949642 0.02254283137962128 0.21662669864108713 0.02614968440036069 0.2126298960831335 0.029305680793507663 0.2038369304556355 0.02885482416591524 0.18864908073541167 0.013525698827772768 0.1830535571542766 0.008566275924256087 0.17585931254996007 0.0031559963931469793 0.17665867306155078 0 0.17825739408473223 0 0.19824140687450043
0 0.4508566275924256 0.390087929656275 0.4540126239855726 0.38848920863309355 0.46393146979260597 0.3661071143085532 0.45626690712353474 0.3525179856115108 0.4495040577096483 0.34852118305355717 0.4472497745716862 0.35091926458832934 0.44454463480613166 0.3605115907274181 0.44454463480613166 0.3788968824940048 0.4508566275924256 0.390087929656275
0 0.13931469792605952 0.7961630695443646 0.1442741208295762 0.7905675459632294 0.1478809738503156 0.7769784172661871 0.14697926059513075 0.7689848121502798 0.13480613165013525 0.7577937649880097 0.130297565374211 0.7577937649880097 0.12578899909828675 0.7705835331734613 0.12578899909828675 0.7857713828936851 0.13931469792605952 0.7961630695443646
0 0.936429215509468 0.3629096722621903 0.9625788999098286 0.3733013589128697 0.967087466185753 0.37250199840127896 0.9688908926961226 0.36850519584332536 0.9679891794409378 0.3581135091926459 0.963931469792606 0.35411670663469225 0.9463480613165013 0.34532374100719426 0.9346257889990982 0.3445243804956035 0.9337240757439135 0.3581135091926459 0.936429215509468 0.3629096722621903
0 0.22407574391343554 0.4772182254196643 0.2344454463480613 0.47801758593125504 0.23715058611361586 0.4756195043964829 0.239404869251578 0.469224620303757 0.23895401262398558 0.46442845723421267 0.23128944995491435 0.45483613109512394 0.22091974752028853 0.44924060751398887 0.2164111812443643 0.4532374100719425 0.2168620378719567 0.4660271782573941 0.22407574391343554 0.4772182254196643
0 0.1834986474301172 0.3892885691446843 0.1848512173128945 0.3996802557953637 0.18890892696122633 0.40367705835331735 0.19612263300270513 0.3996802557953637 0.20198376916140667 0.3836930455635492 0.19296663660955815 0.37090327737809753 0.18620378719567177 0.3661071143085532 0.1825969341749324 0.3677058353317346 0.18079350766456267 0.3733013589128697 0.17989179440937783 0.3820943245403677 0.1834986474301172 0.3892885691446843