0 0.80297565374211 0.8001598721023181 0.805229936880072 0.8081534772182254 0.8133453561767359 0.8145483613109513 0.824165915238954 0.8089528377298163 0.8349864743011722 0.8137490007993605 0.8385933273219116 0.809752198241407 0.8435527502254283 0.7929656274980017 0.8435527502254283 0.7873701039168666 0.8349864743011722 0.7633892885691447 0.8277727682596934 0.7601918465227818 0.8146979260595131 0.7450039968025579 0.8115419296663661 0.7442046362909672 0.8097385031559965 0.7466027178257394 0.806131650135257 0.765787370103917 0.8079350766456267 0.7833733013589129 0.80297565374211 0.8001598721023181
0 0.05500450856627593 0.02557953637090328 0.05590622182146077 0.032773780975219824 0.0739404869251578 0.03996802557953637 0.07889990982867448 0.03756994404476419 0.08160504959422904 0.032773780975219824 0.0825067628494139 0 0.05680793507664563 0 0.05680793507664563 0.01598721023181455 0.05500450856627593 0.02557953637090328
0 0.15058611361587015 0.513189448441247 0.15779981965734896 0.5107913669064749 0.16095581605049597 0.49800159872102323 0.15960324616771868 0.48441247002398086 0.15779981965734896 0.48201438848920863 0.14697926059513075 0.48121502797761795 0.14517583408476106 0.486810551558753 0.14562669071235346 0.5091926458832934 0.15058611361587015 0.513189448441247
0 0.2511271415689811 0.06474820143884892 0.2484220018034265 0.0671462829736211 0.2497745716862038 0.07434052757793765 0.25247971145175835 0.0783373301358913 0.2578899909828674 0.07993605115907274 0.2660054102795311 0.08073541167066348 0.2709648331830478 0.0783373301358913 0.2727682596934175 0.07434052757793765 0.2723174030658251 0.05355715427657874 0.2750225428313796 0.03597122302158274 0.27412082957619477 0.02238209432454037 0.26916140667267807 0.018385291766586733 0.25743913435527505 0.017585931254996006 0.25473399458972046 0.018385291766586733 0.25247971145175835 0.024780175859312553 0.2515779981965735 0.060751398880895285 0.2511271415689811 0.06474820143884892
0 0 0.6970423661071143 0.015329125338142471 0.695443645083933 0.017132551848512173 0.689048760991207 0.015779981965734897 0.6754596322941646 0.011722272317403066 0.6666666666666666 0.0040577096483318306 0.6658673061550759 0 0.6666666666666666 0 0.6970423661071143
0 0.11587015329125337 0.42046362909672264 0.1266907123534716 0.42206235011990406 0.1284941388638413 0.4188649080735412 0.1280432822362489 0.4108713029576339 0.12623985572587917 0.40687450039968026 0.11632100991884581 0.40527577937649883 0.1145175834084761 0.407673860911271 0.11406672678088368 0.4180655475619504 0.11587015329125337 0.42046362909672264
0 0.11136158701532912 0.1542765787370104 0.1212804328223625 0.1566746602717826 0.13255184851217314 0.14948041566746603 0.13345356176735798 0.1366906474820144 0.13210099188458072 0.11910471622701839 0.130297565374211 0.11430855315747403 0.12353471596032461 0.10711430855315748 0.11902614968440037 0.10631494804156676 0.11677186654643823 0.10231814548361312 0.11226330027051398 0.10391686650679458 0.11000901713255186 0.09832134292565947 0.10595130748422002 0.10791366906474821 0.10685302073940486 0.1398880895283773 0.11136158701532912 0.1542765787370104
0 0.9571686203787195 0.7769784172661871 0.9684400360685302 0.7865707434052758 0.9765554553651938 0.7897681854516387 0.9837691614066727 0.7969624300559552 0.9873760144274121 0.7929656274980017 0.9923354373309288 0.7761790567545964 0.9914337240757439 0.7697841726618705 0.9815148782687105 0.753796962430056 0.9634806131650135 0.7354116706634692 0.9594229035166817 0.7346123101518786 0.9558160504959423 0.7386091127098321 0.9508566275924257 0.7633892885691447 0.9504057709648331 0.7681854516386891 0.9571686203787195 0.7769784172661871
0 0.9075743913435527 0.7577937649880097 0.9179440937781785 0.7649880095923263 0.9287646528403968 0.7689848121502798 0.9328223624887286 0.7641886490807354 0.9323715058611362 0.7601918465227818 0.9265103697024346 0.7545963229416467 0.9116321009918846 0.7450039968025579 0.9071235347159603 0.7474020783373301 0.9062218214607755 0.7553956834532374 0.9075743913435527 0.7577937649880097
0 0.9526600541027953 0.5851318944844125 0.9625788999098286 0.5947242206235012 0.9666366095581606 0.595523581135092 0.9706943192064924 0.5883293365307755 0.9706943192064924 0.5811350919264588 0.967087466185753 0.574740207833733 0.9612263300270514 0.5699440447641887 0.9562669071235348 0.5699440447641887 0.9517583408476105 0.577937649880096 0.9513074842200181 0.5819344524380495 0.9526600541027953 0.5851318944844125
0 0.7380522993688007 0.9752198241406874 0.7412082957619477 0.9760191846522782 0.7434625788999099 0.973621103117506 0.7497745716862038 0.9536370903277379 0.7502254283137962 0.9448441247002399 0.7488728584310189 0.9400479616306955 0.7407574391343553 0.929656274980016 0.7281334535617674 0.9200639488409273 0.7236248872858432 0.9192645883293366 0.7191163210099188 0.9264588329336532 0.7191163210099188 0.9528377298161471 0.7380522993688007 0.9752198241406874
0 0 0.7234212629896084 0.031109107303877368 0.7290167865707434 0.04328223624887286 0.7282174260591526 0.044634806131650134 0.7250199840127898 0.044634806131650134 0.7050359712230216 0.04328223624887286 0.6994404476418865 0.03967538322813345 0.6946442845723421 0.020288548241659154 0.6914468425259792 0.012173128944995492 0.6970423661071143 0.0031559963931469793 0.695443645083933 0 0.6962430055955237 0 0.7234212629896084
0 0.05365193868349865 0.1342925659472422 0.07529305680793508 0.13908872901678657 0.09017132551848513 0.13908872901678657 0.09242560865644725 0.1342925659472422 0.09332732191163211 0.11590727418065548 0.08881875563570783 0.1047162270183853 0.08476104598737601 0.1015187849720224 0.06717763751127143 0.10071942446043165 0.06086564472497746 0.09672262190247803 0.0563570784490532 0.09672262190247803 0.05229936880072138 0.1015187849720224 0.05049594229035167 0.11191047162270185 0.05049594229035167 0.13029576338928858 0.05365193868349865 0.1342925659472422
0 0.059963931469792606 0.6898481215027978 0.08476104598737601 0.6938449240607514 0.10279531109107304 0.6938449240607514 0.10595130748422002 0.6898481215027978 0.10640216411181244 0.6674660271782575 0.10279531109107304 0.6594724220623502 0.06402164111812444 0.6538768984812151 0.05365193868349865 0.6554756195043965 0.05320108205590622 0.6754596322941646 0.059963931469792606 0.6898481215027978
0 0.9147880973850315 0.9456434852118306 0.9287646528403968 0.9576338928856915 0.9341749323715058 0.9568345323741008 0.936429215509468 0.9536370903277379 0.9427412082957619 0.9288569144684253 0.9422903516681695 0.9216626698641087 0.9391343552750226 0.9136690647482014 0.9278629395852119 0.9008792965627499 0.9220018034265104 0.897681854516387 0.9201983769161407 0.9000799360511591 0.9161406672678089 0.9176658673061552 0.9129846708746618 0.9216626698641087 0.9125338142470695 0.9320543565147882 0.9147880973850315 0.9456434852118306
0 0.9044183949504058 0.7785771382893686 0.9152389540126239 0.7841726618705037 0.9188458070333634 0.7841726618705037 0.9215509467989179 0.78017585931255 0.9215509467989179 0.7761790567545964 0.9197475202885483 0.7729816147082335 0.9125338142470695 0.7673860911270984 0.9039675383228134 0.7649880095923263 0.9021641118124436 0.7681854516386891 0.9017132551848512 0.7737809752198243 0.9044183949504058 0.7785771382893686
0 0.1411181244364292 0.35891286970423664 0.15554553651938682 0.36211031175059955 0.16140667267808836 0.35891286970423664 0.1618575293056808 0.3365307753796963 0.1587015329125338 0.328537170263789 0.14337240757439135 0.3261390887290168 0.14021641118124437 0.3309352517985612 0.13976555455365194 0.354916067146283 0.1411181244364292 0.35891286970423664
0 0.9174932371505862 0.5323741007194245 0.9413886384129847 0.5499600319744204 0.9467989179440939 0.5459632294164669 0.9495040577096483 0.5331734612310152 0.9499549143372408 0.5187849720223822 0.9463480613165013 0.5059952038369305 0.9427412082957619 0.5011990407673861 0.9215509467989179 0.48441247002398086 0.9174932371505862 0.4924060751398881 0.9143372407574392 0.5139888089528377 0.9138863841298467 0.5267785771382895 0.9174932371505862 0.5323741007194245
0 0.03606853020739405 0.6722621902478018 0.042380522993688004 0.6834532374100719 0.045536519386834985 0.6818545163868905 0.047790802524797116 0.6722621902478018 0.046889089269612265 0.645083932853717 0.044634806131650134 0.642685851318945 0.03877366997294861 0.6434852118305356 0.03606853020739405 0.645083932853717 0.034715960324616775 0.6498800959232613 0.034265103697024346 0.6618705035971224 0.03606853020739405 0.6722621902478018
0 0.012173128944995492 0.33253397282174263 0.029305680793507663 0.33892885691446845 0.03606853020739405 0.33892885691446845 0.03967538322813345 0.33253397282174263 0.04012623985572588 0.3133493205435652 0.03651938683498648 0.30055955235811355 0.013976555455365193 0.2997601918465228 0.01127141568981064 0.302158273381295 0.009467989179440937 0.31015187849720227 0.009467989179440937 0.3261390887290168 0.012173128944995492 0.33253397282174263
0 0.8967538322813345 0.5027977617905676 0.9030658250676284 0.5099920063948842 0.9075743913435527 0.5083932853717026 0.9120829576194771 0.4940047961630696 0.9129846708746618 0.4796163069544365 0.9116321009918846 0.4708233413269384 0.9080252479711453 0.4660271782573941 0.9008115419296664 0.46282973621103124 0.8967538322813345 0.4748201438848921 0.89404869251578 0.4860111910471623 0.8967538322813345 0.5027977617905676
0 0.8025247971145176 0.6386890487609912 0.827321911632101 0.6594724220623502 0.8313796212804329 0.6594724220623502 0.8327321911632102 0.657074340527578 0.8376916140667268 0.6402877697841727 0.8372407574391344 0.6298960831334932 0.8313796212804329 0.6179056754596324 0.824165915238954 0.6099120703437251 0.8214607754733995 0.6099120703437251 0.8155996393146979 0.60431654676259 0.8106402164111812 0.6051159072741806 0.8070333633904418 0.6091127098321344 0.8047790802524797 0.6131095123900879 0.8016230838593328 0.6290967226219025 0.8011722272317404 0.6346922462030377 0.8025247971145176 0.6386890487609912
0 0.9454463480613166 0.8497202238209433 0.9634806131650135 0.8657074340527579 0.9666366095581606 0.8649080735411672 0.9743011722272317 0.8489208633093526 0.9765554553651938 0.8385291766586731 0.9765554553651938 0.8345323741007195 0.9720468890892696 0.8257394084732215 0.9738503155996393 0.8105515587529977 0.9706943192064924 0.7929656274980017 0.9675383228133454 0.7873701039168666 0.963931469792606 0.7857713828936851 0.9562669071235348 0.7897681854516387 0.9413886384129847 0.8289368505195844 0.9409377817853922 0.841726618705036 0.9454463480613166 0.8497202238209433
0 0.04328223624887286 0.4804156674660272 0.06447249774571685 0.4788169464428457 0.07258791704238053 0.4836131095123901 0.07754733994589721 0.4828137490007994 0.07889990982867448 0.4804156674660272 0.07980162308385934 0.47002398081534774 0.07844905320108204 0.46203037569944044 0.0721370604147881 0.4540367705835332 0.07258791704238053 0.42845723421262993 0.0703336339044184 0.4140687450039968 0.05275022542831379 0.4060751398880896 0.04283137962128043 0.40527577937649883 0.03967538322813345 0.4100719424460432 0.03787195671776375 0.442845723421263 0.03832281334535618 0.4772182254196643 0.04328223624887286 0.4804156674660272
0 0.8800721370604149 0.3876898481215028 0.8868349864743011 0.39568345323741005 0.89404869251578 0.3996802557953637 0.9107303877366997 0.37729816147082335 0.9129846708746618 0.36850519584332536 0.9053201082055906 0.35171862509992013 0.8904418394950405 0.3413269384492406 0.8863841298467088 0.34852118305355717 0.8791704238052299 0.37729816147082335 0.8787195671776376 0.3836930455635492 0.8800721370604149 0.3876898481215028
0 0.933273219116321 0.39408473221422863 0.9323715058611362 0.3924860111910472 0.9319206492335438 0.39728217426059154 0.933273219116321 0.39408473221422863
0 0.9382326420198377 0.40447641886490815 0.9562669071235348 0.42206235011990406 0.9598737601442742 0.42206235011990406 0.9634806131650135 0.4156674660271783 0.9666366095581606 0.40367705835331735 0.9666366095581606 0.3980815347721823 0.9630297565374212 0.3820943245403677 0.9598737601442742 0.3828936850519585 0.9562669071235348 0.3788968824940048 0.9436429215509469 0.3756994404476419 0.939585211902615 0.3764988009592326 0.9368800721370605 0.381294964028777 0.9355275022542832 0.3876898481215028 0.9382326420198377 0.40447641886490815
0 0 0.797761790567546 0.016681695220919748 0.800959232613909 0.018935978358881875 0.797761790567546 0.02073940486925158 0.7873701039168666 0.019837691614066726 0.7673860911270984 0.016681695220919748 0.7617905675459633 0.008566275924256087 0.7617905675459633 0 0.7665867306155076 0 0.797761790567546
0 0.9625788999098286 0.5579536370903277 0.9743011722272317 0.5723421262989609 0.9783588818755636 0.5675459632294165 0.9815148782687105 0.5579536370903277 0.9855725879170424 0.5411670663469225 0.9855725879170424 0.5355715427657874 0.9801623083859333 0.5235811350919265 0.9697926059513075 0.5203836930455635 0.9657348963029756 0.525179856115108 0.9616771866546439 0.5443645083932854 0.9612263300270514 0.5515587529976019 0.9625788999098286 0.5579536370903277
0 0.8471596032461677 0.8729016786570745 0.8588818755635708 0.8904876099120704 0.8629395852119026 0.8888888888888888 0.866546438232642 0.8832933653077538 0.871956717763751 0.8697042366107114 0.8742110009017132 0.859312549960032 0.8706041478809738 0.8409272581934453 0.8593327321911632 0.8337330135891287 0.8552750225428314 0.8473221422861711 0.8485121731289451 0.8561151079136692 0.8467087466185753 0.8657074340527579 0.8471596032461677 0.8729016786570745
0 0.04869251577998197 0.7394084732214229 0.06492335437330929 0.7434052757793765 0.07439134355275022 0.7426059152677859 0.0757439134355275 0.7178257394084733 0.07348963029756538 0.7130295763389289 0.06402164111812444 0.7058353317346123 0.05049594229035167 0.7066346922462031 0.049143372407574396 0.709832134292566 0.04643823264201984 0.7290167865707434 0.04869251577998197 0.7394084732214229
0 0.18079350766456267 0.3237410071942446 0.2060414788097385 0.32773780975219824 0.2168620378719567 0.3261390887290168 0.21866546438232642 0.31254996003197444 0.21866546438232642 0.29256594724220625 0.2168620378719567 0.28617106314948043 0.20649233543733095 0.2813749000799361 0.1825969341749324 0.2797761790567546 0.17808836789900812 0.28936850519584334 0.17853922452660054 0.3181454836131095 0.18079350766456267 0.3237410071942446
0 0.1510369702434626 0.14068745003996805 0.1587015329125338 0.14228617106314947 0.18079350766456267 0.1398880895283773 0.18214607754733994 0.11430855315747403 0.1812443642921551 0.10551558752997602 0.178990081154193 0.1015187849720224 0.15374211000901714 0.0959232613908873 0.14878268710550044 0.09832134292565947 0.14743011722272317 0.12949640287769784 0.1510369702434626 0.14068745003996805
0 0.013525698827772768 0.03836930455635491 0.04192966636609558 0.04156674660271783 0.05049594229035167 0.03996802557953637 0.05320108205590622 0.03597122302158274 0.0545536519386835 0.016786570743405275 0.05184851217312895 0.010391686650679457 0.046889089269612265 0.007993605115907274 0.025247971145175834 0.00639488409272582 0.014878268710550046 0.007194244604316547 0.011722272317403066 0.011990407673860913 0.010820559062218215 0.03437250199840128 0.013525698827772768 0.03836930455635491
0 0.7110009017132553 0.6282973621103117 0.7272317403065826 0.6378896882494005 0.7421100090171326 0.6514788169464429 0.7448151487826871 0.6514788169464429 0.7466185752930569 0.64828137490008 0.7466185752930569 0.6434852118305356 0.7443642921550947 0.6378896882494005 0.7191163210099188 0.6163069544364509 0.7123534715960325 0.6155075939248602 0.7096483318304779 0.6187050359712231 0.7091974752028855 0.6258992805755397 0.7110009017132553 0.6282973621103117
0 0.23850315599639313 0.12549960031974422 0.27412082957619477 0.12869704236610713 0.2889990982867448 0.1342925659472422 0.2921550946798918 0.13029576338928858 0.2921550946798918 0.11990407673860913 0.28990081154192965 0.11031175059952039 0.28268710550045084 0.10311750599520383 0.23760144274120829 0.09832134292565947 0.23354373309287646 0.10071942446043165 0.23128944995491435 0.10791366906474821 0.23128944995491435 0.11910471622701839 0.23850315599639313 0.12549960031974422
0 0.8381424706943192 0.7130295763389289 0.8516681695220919 0.7282174260591526 0.8557258791704238 0.7282174260591526 0.8620378719567178 0.7106314948041567 0.8624887285843102 0.7018385291766587 0.8606853020739406 0.6938449240607514 0.8494138863841298 0.6778577138289369 0.8453561767357981 0.6778577138289369 0.8417493237150586 0.6842525979216627 0.8394950405770965 0.6930455635491607 0.8376916140667268 0.7034372501998403 0.8381424706943192 0.7130295763389289
0 0.8701532912533815 0.5195843325339728 0.8800721370604149 0.5299760191846523 0.8868349864743011 0.5315747402078338 0.8899909828674482 0.5267785771382895 0.8949504057709649 0.5091926458832934 0.8954012623985572 0.49960031974420466 0.8913435527502254 0.486810551558753 0.8800721370604149 0.4748201438848921 0.8764652840396754 0.4740207833733014 0.8742110009017132 0.4772182254196643 0.8678990081154194 0.5027977617905676 0.8678990081154194 0.5139888089528377 0.8701532912533815 0.5195843325339728
0 0.042380522993688004 0.7849720223820944 0.05725879170423805 0.7841726618705037 0.07078449053201082 0.7897681854516387 0.08881875563570783 0.7921662669864108 0.0915238954012624 0.7921662669864108 0.09422903516681697 0.7873701039168666 0.09467989179440937 0.7753796962430056 0.09197475202885483 0.7665867306155076 0.0915238954012624 0.7585931254996003 0.08566275924256087 0.748201438848921 0.045536519386834985 0.7426059152677859 0.04147880973850316 0.7466027178257394 0.03877366997294861 0.762589928057554 0.03877366997294861 0.78017585931255 0.042380522993688004 0.7849720223820944
0 0.12939585211902616 0.5203836930455635 0.13345356176735798 0.5243804956035172 0.14382326420198377 0.5235811350919265 0.14517583408476106 0.5211830535571543 0.14292155094679893 0.5003996802557954 0.13796212804328223 0.4828137490007994 0.13255184851217314 0.4828137490007994 0.12714156898106402 0.4948041566746603 0.1266907123534716 0.5075939248601119 0.12939585211902616 0.5203836930455635