0 0.024797114517583405 0.14548361310951238 0.04643823264201984 0.16786570743405277 0.05184851217312895 0.16626698641087131 0.05725879170423805 0.1510791366906475 0.05770964833183048 0.14148681055155876 0.05590622182146077 0.1374900079936051 0.03606853020739405 0.12150279776179057 0.029305680793507663 0.12230215827338131 0.024346257889990983 0.13509192645883294 0.023444544634806132 0.14068745003996805 0.024797114517583405 0.14548361310951238
0 0.4314697926059513 0.1342925659472422 0.44409377817853923 0.1486810551558753 0.4499549143372408 0.1486810551558753 0.4558160504959423 0.13589128697042366 0.4540126239855726 0.13029576338928858 0.44003606853020744 0.11750599520383694 0.4355275022542831 0.11750599520383694 0.43192064923354373 0.12390087929656275 0.43056807935076646 0.12869704236610713 0.4314697926059513 0.1342925659472422
0 0.13210099188458072 0.015187849720223821 0.13976555455365194 0.023980815347721826 0.14472497745716864 0.023181454836131096 0.151487826871055 0.007194244604316547 0.151487826871055 0 0.13255184851217314 0 0.13074842200180342 0.007194244604316547 0.13210099188458072 0.015187849720223821
0 0.5117222723174031 0.40527577937649883 0.5193868349864743 0.4108713029576339 0.5275022542831379 0.41247002398081534 0.5333633904418394 0.3996802557953637 0.5360685302073941 0.3868904876099121 0.5220919747520288 0.3669064748201439 0.5166816952209198 0.3733013589128697 0.5099188458070334 0.3892885691446843 0.5094679891794409 0.3996802557953637 0.5117222723174031 0.40527577937649883
0 0.6911632100991884 0.2358113509192646 0.69702434625789 0.24460431654676262 0.7069431920649234 0.24620303756994405 0.7132551848512173 0.23181454836131096 0.7137060414788097 0.2222222222222222 0.7100991884580703 0.2126298960831335 0.6992786293958522 0.19984012789768185 0.6952209197475203 0.2070343725019984 0.6916140667267809 0.21982414068745004 0.6902614968440036 0.2270183852917666 0.6911632100991884 0.2358113509192646
0 0.09693417493237151 0.5851318944844125 0.12984670874661858 0.6187050359712231 0.1339044183949504 0.6195043964828137 0.13796212804328223 0.6115107913669064 0.13841298467087468 0.6059152677857713 0.13615870153291254 0.5947242206235012 0.13119927862939584 0.586730615507594 0.11587015329125337 0.5707434052757794 0.10955816050495942 0.5675459632294165 0.10595130748422002 0.5627498001598722 0.10279531109107304 0.5627498001598722 0.09783588818755636 0.5707434052757794 0.09603246167718665 0.5771382893685052 0.09558160504959423 0.5819344524380495 0.09693417493237151 0.5851318944844125
0 0.4075743913435528 0.6035171862509993 0.4129846708746619 0.6075139888089529 0.4174932371505861 0.6075139888089529 0.42155094679891797 0.6035171862509993 0.42290351668169524 0.5899280575539568 0.4161406672678088 0.5739408473221423 0.4075743913435528 0.5675459632294165 0.4035166816952209 0.5707434052757794 0.4008115419296664 0.5771382893685052 0.3999098286744815 0.5883293365307755 0.4075743913435528 0.6035171862509993
0 0.10099188458070334 0.03756994404476419 0.109107303877367 0.04716227018385292 0.11587015329125337 0.050359712230215826 0.12263300270513977 0.045563549160671464 0.12623985572587917 0.03916866506794565 0.1280432822362489 0.02238209432454037 0.12353471596032461 0.011990407673860913 0.11632100991884581 0.004796163069544364 0.11226330027051398 0.004796163069544364 0.10550045085662758 0.019184652278177457 0.10099188458070334 0.032773780975219824 0.10099188458070334 0.03756994404476419
0 0.36203787195671777 0.3828936850519585 0.369702434625789 0.3868904876099121 0.3751127141568981 0.3828936850519585 0.37781785392245265 0.37010391686650684 0.3764652840396754 0.3661071143085532 0.366546438232642 0.3573141486810552 0.3629395852119026 0.3573141486810552 0.36113615870153287 0.3613109512390088 0.35978358881875566 0.3764988009592326 0.36203787195671777 0.3828936850519585
0 0 0.22062350119904078 0.011722272317403066 0.2278177458033573 0.015329125338142471 0.2238209432454037 0.019386834986474304 0.21342925659472425 0.020288548241659154 0.2030375699440448 0.0063119927862939585 0.18465227817745802 0.001352569882777277 0.18145483613109514 0 0.18145483613109514 0 0.22062350119904078
0 0.4824165915238954 0.636290967226219 0.49323715058611367 0.6442845723421263 0.49504057709648336 0.6442845723421263 0.4995491433724076 0.6370903277378098 0.5009017132551848 0.6290967226219025 0.4990982867448151 0.6211031175059952 0.4914337240757439 0.6115107913669064 0.4842200180342651 0.6107114308553158 0.4806131650135257 0.6171063149480416 0.47971145175834085 0.6322941646682655 0.4824165915238954 0.636290967226219
0 0.25022542831379624 0.6298960831334932 0.25022542831379624 0.6338928856914469 0.24752028854824168 0.642685851318945 0.2484220018034265 0.6506794564348523 0.2578899909828674 0.6682653876898482 0.2687105500450857 0.6778577138289369 0.2723174030658251 0.6770583533173462 0.2781785392245266 0.6602717825739409 0.2781785392245266 0.6474820143884892 0.27141568981064024 0.6370903277378098 0.25969341749323716 0.6250999200639489 0.2551848512173129 0.6219024780175859 0.24887285843101895 0.6227018385291766 0.24752028854824168 0.6266986410871304 0.25022542831379624 0.6298960831334932
0 0.21009918845807032 0.7617905675459633 0.2236248872858431 0.7705835331734613 0.22723174030658252 0.7641886490807354 0.23174030658250674 0.7474020783373301 0.2339945897204689 0.7290167865707434 0.22407574391343554 0.7162270183852918 0.22091974752028853 0.7162270183852918 0.21550946798917944 0.7250199840127898 0.20829576194770064 0.7513988808952838 0.20784490532010821 0.7561950439648283 0.21009918845807032 0.7617905675459633
0 0.3534715960324617 0.2302158273381295 0.3606853020739405 0.2302158273381295 0.3660955816050496 0.21662669864108713 0.3674481514878269 0.2094324540367706 0.366546438232642 0.19904076738609114 0.35888187556357076 0.1838529176658673 0.35211902614968443 0.17825739408473223 0.3489630297565374 0.17985611510791366 0.34580703336339047 0.18545163868904876 0.34220018034265104 0.21103117505995203 0.3534715960324617 0.2302158273381295
0 0.45626690712353474 0.03996802557953637 0.4661857529305681 0.04716227018385292 0.47024346257889993 0.045563549160671464 0.47475202885482415 0.036770583533173466 0.47565374211000905 0.02557953637090328 0.478809738503156 0.015187849720223821 0.4792605951307485 0.004796163069544364 0.47339945897204694 0 0.45852119026149685 0 0.4486023444544635 0.02557953637090328 0.4481514878268711 0.029576338928856916 0.45626690712353474 0.03996802557953637
0 0.2060414788097385 0.6027178257394085 0.2231740306582507 0.6203037569944045 0.22768259693417492 0.6203037569944045 0.2321911632100992 0.6123101518784972 0.23354373309287646 0.6059152677857713 0.2285843101893598 0.592326139088729 0.2146077547339946 0.5763389288569145 0.2091974752028855 0.5723421262989609 0.20649233543733095 0.5739408473221423 0.20288548241659152 0.5811350919264588 0.20243462578899912 0.5963229416466826 0.2060414788097385 0.6027178257394085
0 0.6402164111812444 0.4100719424460432 0.6478809738503156 0.4180655475619504 0.6514878268710551 0.4188649080735412 0.6596032461677187 0.4108713029576339 0.6650135256988278 0.390087929656275 0.657799819657349 0.37090327737809753 0.6510369702434625 0.3669064748201439 0.6460775473399459 0.37250199840127896 0.6438232642019839 0.3836930455635492 0.6393146979260594 0.3932853717026379 0.6375112714156899 0.4012789768185452 0.6402164111812444 0.4100719424460432
0 0.6018935978358882 0.49000799360511593 0.609107303877367 0.4932054356514788 0.6154192966636609 0.4804156674660272 0.6172227231740307 0.4668265387689848 0.6131650135256989 0.4572342126298961 0.6055004508566276 0.4532374100719425 0.5978358881875564 0.4716227018385292 0.5978358881875564 0.48441247002398086 0.6018935978358882 0.49000799360511593
0 0.3633904418394951 0.1574740207833733 0.3660955816050496 0.15907274180655476 0.3692515779981966 0.1566746602717826 0.37376014427412085 0.14388489208633096 0.37240757439134353 0.13828936850519585 0.35888187556357076 0.12150279776179057 0.35121731289449953 0.11830535571542766 0.3462578899909829 0.12629896083133493 0.34490532010820557 0.13908872901678657 0.3633904418394951 0.1574740207833733
0 0.545536519386835 0.3077537969624301 0.5513976555455365 0.31414868105515587 0.5572587917042381 0.3133493205435652 0.560414788097385 0.2965627498001599 0.5577096483318305 0.2821742605915268 0.5518485121731289 0.2749800159872102 0.5473399458972047 0.2749800159872102 0.5428313796212805 0.28936850519584334 0.5410279531109107 0.2965627498001599 0.545536519386835 0.3077537969624301
0 0.37556357078449054 0.1342925659472422 0.38097385031559966 0.1334932054356515 0.38773669972948605 0.1135091926458833 0.3872858431018936 0.10551558752997602 0.38322813345356177 0.09672262190247803 0.36834986474301173 0.07993605115907274 0.3651938683498648 0.08073541167066348 0.35843101893597834 0.10551558752997602 0.35888187556357076 0.11590727418065548 0.37556357078449054 0.1342925659472422
0 0.6149684400360685 0.6962430055955237 0.6140667267808837 0.7082334132693845 0.6226330027051398 0.7202238209432456 0.6293958521190262 0.7250199840127898 0.6330027051397656 0.7234212629896084 0.6411181244364292 0.7058353317346123 0.6460775473399459 0.6858513189448442 0.6447249774571686 0.6722621902478018 0.6420198376916141 0.6650679456434853 0.6316501352569882 0.657074340527578 0.6257889990982868 0.657074340527578 0.6194770063119928 0.6690647482014389 0.6167718665464382 0.6802557953637091 0.6172227231740307 0.689048760991207 0.6149684400360685 0.6962430055955237
0 0.44183949504057707 0.3237410071942446 0.4526600541027953 0.32933653077537967 0.45761947700631195 0.31974420463629094 0.45987376014427417 0.2997601918465228 0.45446348061316505 0.2901678657074341 0.4504057709648332 0.28936850519584334 0.4409377817853923 0.31254996003197444 0.44048692515779986 0.3205435651478817 0.44183949504057707 0.3237410071942446
0 0.47339945897204694 0.4588329336530776 0.4810640216411181 0.4668265387689848 0.48782687105500455 0.46522781774580335 0.49098286744815145 0.4588329336530776 0.49323715058611367 0.4476418864908074 0.49233543733092877 0.4404476418864908 0.48467087466185754 0.43085531574740216 0.4806131650135257 0.43085531574740216 0.4765554553651939 0.4348521183053557 0.4715960324616772 0.4444444444444444 0.4711451758340848 0.45003996802557955 0.47339945897204694 0.4588329336530776
0 0.44183949504057707 0.08633093525179857 0.45626690712353474 0.09992006394884093 0.46077547339945896 0.1015187849720224 0.46393146979260597 0.09912070343725021 0.46934174932371503 0.08792965627498003 0.4679891794409378 0.07753796962430057 0.4540126239855726 0.05275779376498801 0.4454463480613165 0.050359712230215826 0.44003606853020744 0.06874500399680256 0.43958521190261496 0.0783373301358913 0.44183949504057707 0.08633093525179857
0 0.18890892696122633 0.7306155075939249 0.19386834986474302 0.7330135891286971 0.19972948602344456 0.7322142286171064 0.20153291253381425 0.7290167865707434 0.20649233543733095 0.7154276578737011 0.20784490532010821 0.7058353317346123 0.20784490532010821 0.6986410871302958 0.20649233543733095 0.695443645083933 0.19431920649233542 0.6818545163868905 0.1830477908025248 0.6730615507593926 0.17763751127141567 0.6770583533173462 0.172678088367899 0.6962430055955237 0.17177637511271418 0.7138289368505196 0.18890892696122633 0.7306155075939249
0 0.5658250676284942 0.328537170263789 0.5716862037871957 0.3333333333333333 0.5752930568079351 0.33013589128697046 0.5811541929666366 0.3133493205435652 0.5811541929666366 0.3085531574740208 0.5743913435527502 0.29416466826538773 0.5640216411181245 0.302158273381295 0.560414788097385 0.31175059952038375 0.560414788097385 0.31974420463629094 0.5658250676284942 0.328537170263789
0 0.327321911632101 0.7162270183852918 0.33498647430117223 0.7178257394084733 0.33814247069431924 0.7162270183852918 0.34220018034265104 0.7058353317346123 0.34490532010820557 0.6898481215027978 0.3376916140667268 0.6762589928057555 0.33047790802524796 0.6706634692246204 0.32777276825969337 0.6730615507593926 0.3223624887285843 0.6962430055955237 0.3223624887285843 0.7026378896882494 0.327321911632101 0.7162270183852918