0 0.799819657348963 0.11590727418065548 0.8124436429215509 0.12230215827338131 0.8178539224526601 0.1278976818545164 0.8205590622182147 0.12709832134292565 0.8246167718665464 0.11990407673860913 0.8277727682596934 0.10711430855315748 0.8282236248872858 0.09832134292565947 0.8106402164111812 0.07993605115907274 0.8070333633904418 0.07913669064748202 0.8034265103697025 0.08553157474020784 0.7989179440937783 0.10551558752997602 0.7984670874661858 0.11270983213429257 0.799819657348963 0.11590727418065548
0 0.47339945897204694 0.6970423661071143 0.4927862939585212 0.7170263788968825 0.4981965734896303 0.718625099920064 0.5013525698827773 0.7138289368505196 0.5018034265103697 0.6930455635491607 0.4959422903516682 0.6850519584332534 0.4743011722272317 0.6650679456434853 0.4697926059513075 0.6658673061550759 0.4661857529305681 0.6762589928057555 0.4661857529305681 0.6810551558752997 0.47339945897204694 0.6970423661071143
0 0.5324616771866546 0.7330135891286971 0.542380522993688 0.748201438848921 0.5522993688007214 0.7553956834532374 0.5568079350766456 0.7545963229416467 0.5608656447249775 0.7490007993605117 0.5640216411181245 0.7306155075939249 0.5608656447249775 0.7226219024780176 0.5504959422903517 0.7122302158273383 0.5383228133453561 0.7066346922462031 0.5315599639314699 0.7202238209432456 0.5306582506762849 0.7250199840127898 0.5324616771866546 0.7330135891286971
0 0.5644724977457168 0.3876898481215028 0.5779981965734896 0.3980815347721823 0.5883678990081154 0.39728217426059154 0.5928764652840397 0.38848920863309355 0.5924256086564473 0.38529176658673064 0.5861136158701533 0.3756994404476419 0.5743913435527502 0.3645083932853717 0.5676284941388638 0.3661071143085532 0.563570784490532 0.3749000799360512 0.5631199278629396 0.3836930455635492 0.5644724977457168 0.3876898481215028
0 0 0.6131095123900879 0.015779981965734897 0.6139088729016786 0.020288548241659154 0.6107114308553158 0.022091974752028856 0.6059152677857713 0.01848512173128945 0.6003197442046363 0.005410279531109108 0.5979216626698641 0 0.6003197442046363 0 0.6131095123900879
0 0 0.2965627498001599 0.004959422903516681 0.2981614708233413 0.004959422903516681 0.29576338928856916 0.0018034265103697026 0.293365307753797 0 0.293365307753797 0 0.2965627498001599
0 0.8376916140667268 0.04876099120703437 0.8417493237150586 0.04876099120703437 0.8480613165013525 0.03437250199840128 0.8480613165013525 0.02557953637090328 0.8453561767357981 0.011990407673860913 0.8381424706943192 0.005595523581135092 0.830477908025248 0.008792965627498003 0.8259693417493238 0.026378896882494004 0.8264201983769162 0.03756994404476419 0.8376916140667268 0.04876099120703437
0 0.7646528403967539 0.045563549160671464 0.7732191163210099 0.050359712230215826 0.7790802524797115 0.0407673860911271 0.7831379621280433 0.026378896882494004 0.7835888187556357 0.018385291766586733 0.7759242560865645 0.016786570743405275 0.7723174030658251 0.011191047162270184 0.7655545536519388 0.02877697841726619 0.7642019837691614 0.03597122302158274 0.7646528403967539 0.045563549160671464
0 0.6816952209197475 0.8345323741007195 0.6839495040577097 0.8345323741007195 0.6862037871956718 0.8313349320543566 0.6848512173128946 0.8289368505195844 0.6798917944093779 0.8313349320543566 0.6816952209197475 0.8345323741007195
0 0.6925157799819658 0.7545963229416467 0.6992786293958522 0.7577937649880097 0.7046889089269612 0.748201438848921 0.7042380522993689 0.7338129496402878 0.6992786293958522 0.7250199840127898 0.6925157799819658 0.7242206235011991 0.6866546438232641 0.7322142286171064 0.6880072137060416 0.7466027178257394 0.6925157799819658 0.7545963229416467
0 0.5270513976555455 0.4748201438848921 0.542380522993688 0.48920863309352525 0.5473399458972047 0.48840927258193445 0.5518485121731289 0.47801758593125504 0.5509467989179441 0.4716227018385292 0.548692515779982 0.4684252597921663 0.5338142470694319 0.45483613109512394 0.5302073940486925 0.45643485211830537 0.5261496844003607 0.4676258992805756 0.5256988277727683 0.47242206235011996 0.5270513976555455 0.4748201438848921
0 0.18890892696122633 0.019184652278177457 0.19251577998196576 0.02797761790567546 0.19837691614066724 0.03597122302158274 0.20333633904418397 0.03517186250999201 0.21280432822362488 0.015187849720223821 0.21100090171325517 0.00639488409272582 0.20649233543733095 0 0.18530207394048692 0 0.18890892696122633 0.019184652278177457
0 0.6609558160504959 0.31414868105515587 0.6717763751127143 0.3229416466826539 0.6780883678990081 0.3317346123101519 0.6821460775473399 0.33253397282174263 0.6853020739404869 0.32933653077537967 0.6871055004508567 0.3085531574740208 0.6844003606853021 0.2965627498001599 0.6686203787195673 0.2813749000799361 0.6627592425608656 0.2821742605915268 0.657799819657349 0.293365307753797 0.6559963931469793 0.302158273381295 0.6609558160504959 0.31414868105515587
0 0.5960324616771866 0.8705035971223022 0.5991884580703336 0.8729016786570745 0.6041478809738504 0.8697042366107114 0.608205590622182 0.859312549960032 0.6064021641118125 0.8473221422861711 0.5987376014427412 0.8353317346123101 0.5946798917944094 0.8337330135891287 0.5915238954012624 0.8393285371702638 0.587917042380523 0.8553157474020784 0.5960324616771866 0.8705035971223022
0 0.284941388638413 0.19904076738609114 0.28990081154192965 0.20463629096722624 0.29531109107303877 0.20623501199040767 0.30162308385933273 0.20223820943245407 0.3043282236248873 0.19984012789768185 0.30703336339044185 0.19264588329336532 0.29621280432822367 0.16706634692246206 0.29080252479711455 0.16466826538768983 0.2871956717763751 0.16626698641087131 0.2844905320108206 0.17825739408473223 0.28313796212804326 0.19264588329336532 0.284941388638413 0.19904076738609114
0 0.009467989179440937 0.6346922462030377 0.023895401262398558 0.6330935251798562 0.02614968440036069 0.6266986410871304 0.02614968440036069 0.6195043964828137 0.02254283137962128 0.6163069544364509 0.011722272317403066 0.6171063149480416 0.006762849413886384 0.6227018385291766 0.006762849413886384 0.6298960831334932 0.009467989179440937 0.6346922462030377
0 0.23174030658250674 0.6298960831334932 0.24706943192064923 0.6442845723421263 0.25247971145175835 0.6442845723421263 0.2587917042380523 0.6266986410871304 0.2583408476104599 0.6211031175059952 0.2538322813345356 0.6123101518784972 0.25247971145175835 0.6051159072741806 0.24211000901713256 0.5939248601119105 0.23760144274120829 0.5947242206235012 0.2344454463480613 0.6027178257394085 0.23083859332732193 0.6250999200639489 0.23174030658250674 0.6298960831334932
0 0.022091974752028856 0.7058353317346123 0.02614968440036069 0.709832134292566 0.029305680793507663 0.7106314948041567 0.035617673579801626 0.7066346922462031 0.04057709648331831 0.7026378896882494 0.042380522993688004 0.6970423661071143 0.03967538322813345 0.6858513189448442 0.0351668169522092 0.6818545163868905 0.03291253381424707 0.6810551558752997 0.024797114517583405 0.6906474820143885 0.022091974752028856 0.6986410871302958 0.022091974752028856 0.7058353317346123
0 0.23715058611361586 0.060751398880895285 0.2556357078449053 0.07753796962430057 0.2583408476104599 0.07753796962430057 0.26194770063119927 0.07194244604316548 0.2633002705139766 0.0639488409272582 0.2610459873760144 0.05915267785771383 0.24211000901713256 0.03836930455635491 0.23669972948602347 0.03756994404476419 0.23264201983769162 0.04316546762589928 0.2321911632100992 0.05355715427657874 0.23715058611361586 0.060751398880895285
0 0.38863841298467083 0.6019184652278178 0.40396753832281335 0.6163069544364509 0.40802524797114514 0.6147082334132695 0.41118124436429215 0.6083133493205436 0.41027953110910736 0.6011191047162271 0.3963029756537421 0.5843325339728218 0.39314697926059516 0.5835331734612311 0.3868349864743012 0.5899280575539568 0.3863841298467087 0.5979216626698641 0.38863841298467083 0.6019184652278178
0 0.5757439134355276 0.5475619504396483 0.5870153291253382 0.5531574740207834 0.5919747520288549 0.5499600319744204 0.5919747520288549 0.5331734612310152 0.5870153291253382 0.5243804956035172 0.5788999098286746 0.5203836930455635 0.5734896302975654 0.5307753796962431 0.573038773669973 0.5403677058353318 0.5757439134355276 0.5475619504396483
0 0.8823264201983769 0.7378097521982414 0.8904418394950405 0.7402078337330137 0.8935978358881875 0.7378097521982414 0.8958521190261496 0.7306155075939249 0.8958521190261496 0.7266187050359713 0.8935978358881875 0.7218225419664269 0.8832281334535618 0.7122302158273383 0.8791704238052299 0.7130295763389289 0.8751127141568981 0.7202238209432456 0.876014427412083 0.7306155075939249 0.8823264201983769 0.7378097521982414
0 0.42110009017132555 0.3133493205435652 0.4269612263300271 0.3165467625899281 0.4355275022542831 0.32693844924060755 0.44183949504057707 0.3261390887290168 0.4463480613165014 0.3165467625899281 0.4463480613165014 0.31095123900879296 0.44274120829576197 0.302158273381295 0.4359783588818755 0.302158273381295 0.42831379621280435 0.293365307753797 0.42110009017132555 0.2949640287769784 0.4188458070333634 0.30375699440447645 0.418394950405771 0.3069544364508393 0.42110009017132555 0.3133493205435652
0 0.4580703336339044 0.3828936850519585 0.47339945897204694 0.39728217426059154 0.4806131650135257 0.398880895283773 0.4842200180342651 0.39408473221422863 0.47520288548241657 0.37729816147082335 0.4634806131650135 0.36530775379696245 0.4558160504959423 0.37090327737809753 0.45536519386834984 0.3756994404476419 0.4580703336339044 0.3828936850519585
0 0.8548241659152389 0.7937649880095924 0.8575293056807936 0.7937649880095924 0.8629395852119026 0.7857713828936851 0.8642921550946799 0.771382893685052 0.8584310189359784 0.7617905675459633 0.8516681695220919 0.7593924860111911 0.8476104598737602 0.7761790567545964 0.8480613165013525 0.7865707434052758 0.8548241659152389 0.7937649880095924
0 0.27592425608656446 0.29176658673061556 0.28268710550045084 0.30055955235811355 0.28764652840396754 0.30135891286970423 0.29305680793507666 0.28457234212629895 0.29305680793507666 0.2701838529176659 0.28313796212804326 0.2589928057553957 0.2781785392245266 0.26059152677857716 0.2750225428313796 0.26938449240607515 0.27412082957619477 0.2829736211031175 0.27592425608656446 0.29176658673061556
0 0.44679891794409377 0.42206235011990406 0.45987376014427417 0.4324540367705836 0.4634806131650135 0.4324540367705836 0.4697926059513075 0.4212629896083134 0.46934174932371503 0.41486810551558756 0.4594229035166817 0.3932853717026379 0.45626690712353474 0.390087929656275 0.45130748422001804 0.39408473221422863 0.4449954914337241 0.41167066346922465 0.4449954914337241 0.4188649080735412 0.44679891794409377 0.42206235011990406
0 0.03922452660054102 0.19904076738609114 0.04733994589720469 0.2070343725019984 0.05770964833183048 0.20623501199040767 0.061316501352569885 0.1806554756195044 0.060414788097385035 0.1654676258992806 0.04418394950405771 0.16227018385291767 0.04057709648331831 0.1574740207833733 0.03877366997294861 0.1574740207833733 0.03606853020739405 0.1630695443645084 0.03606853020739405 0.18625099920063948 0.03922452660054102 0.19904076738609114
0 0.9684400360685302 0.6986410871302958 0.9724977457168621 0.6970423661071143 0.9783588818755636 0.6842525979216627 0.9774571686203787 0.6770583533173462 0.9711451758340848 0.6706634692246204 0.967087466185753 0.6714628297362111 0.9612263300270514 0.6818545163868905 0.9621280432822362 0.6922462030375699 0.9684400360685302 0.6986410871302958
0 0.2583408476104599 0.8840927258193446 0.26645626690712354 0.8832933653077538 0.2727682596934175 0.8665067945643485 0.2723174030658251 0.8609112709832134 0.2660054102795311 0.8481215027977619 0.25473399458972046 0.8361310951239008 0.2515779981965735 0.8353317346123101 0.2479711451758341 0.850519584332534 0.2484220018034265 0.8729016786570745 0.2583408476104599 0.8840927258193446
0 0.5428313796212805 0.9328537170263789 0.5568079350766456 0.947242206235012 0.5743913435527502 0.959232613908873 0.5793507664562669 0.9576338928856915 0.5852119026149685 0.9408473221422862 0.5856627592425608 0.9280575539568345 0.5843101893597836 0.9248601119104717 0.5779981965734896 0.915267785771383 0.5694319206492335 0.9104716227018386 0.5626690712353472 0.8968824940047961 0.5545536519386834 0.894484412470024 0.5504959422903517 0.8960831334932055 0.542380522993688 0.9200639488409273 0.5414788097385032 0.9288569144684253 0.5428313796212805 0.9328537170263789
0 0.8620378719567178 0.8824940047961631 0.8660955816050496 0.8824940047961631 0.8724075743913436 0.8657074340527579 0.8688007213706042 0.8553157474020784 0.8629395852119026 0.8513189448441247 0.8588818755635708 0.853717026378897 0.8548241659152389 0.8641087130295764 0.8548241659152389 0.8729016786570745 0.8620378719567178 0.8824940047961631
0 0.015329125338142471 0.7761790567545964 0.02885482416591524 0.7961630695443646 0.035617673579801626 0.800959232613909 0.04012623985572588 0.8001598721023181 0.04192966636609558 0.7777777777777778 0.0369702434625789 0.7585931254996003 0.029305680793507663 0.7585931254996003 0.019837691614066726 0.7498001598721024 0.015779981965734897 0.7505995203836932 0.013976555455365193 0.7577937649880097 0.013525698827772768 0.7681854516386891 0.015329125338142471 0.7761790567545964
0 0.08836789900811542 0.04716227018385292 0.09693417493237151 0.05755395683453238 0.10865644724977458 0.0671462829736211 0.1127141568981064 0.06474820143884892 0.11722272317403065 0.05755395683453238 0.11992786293958521 0.04316546762589928 0.11722272317403065 0.03357314148681055 0.11361587015329126 0.02797761790567546 0.09197475202885483 0.008792965627498003 0.08746618575293057 0.009592326139088728 0.08476104598737601 0.017585931254996006 0.08431018935978359 0.03836930455635491 0.08836789900811542 0.04716227018385292
0 0.47339945897204694 0.14708233413269386 0.4842200180342651 0.15507593924860114 0.48512173128945 0.15347721822541965 0.48647430117222723 0.13908872901678657 0.4810640216411181 0.12629896083133493 0.47385031559963936 0.12470023980815349 0.46934174932371503 0.1366906474820144 0.4688908926961226 0.14148681055155876 0.47339945897204694 0.14708233413269386
0 0.19116321009918846 0.2294164668265388 0.19792605951307485 0.23741007194244604 0.2060414788097385 0.23820943245403678 0.20784490532010821 0.23501199040767387 0.2096483318304779 0.2238209432454037 0.20874661857529306 0.21103117505995203 0.19612263300270513 0.20223820943245407 0.19251577998196576 0.2038369304556355 0.19161406672678089 0.2094324540367706 0.1902614968440036 0.22541966426858515 0.19116321009918846 0.2294164668265388
0 0.2060414788097385 0.701039168665068 0.21370604147880973 0.709832134292566 0.21731289449954916 0.7106314948041567 0.23083859332732193 0.689048760991207 0.2344454463480613 0.6762589928057555 0.2344454463480613 0.6642685851318945 0.2290351668169522 0.6538768984812151 0.21956717763751127 0.6466826538768985 0.2164111812443643 0.6466826538768985 0.21145175834084762 0.6626698641087131 0.20649233543733095 0.6714628297362111 0.20243462578899912 0.6858513189448442 0.20198376916140667 0.6930455635491607 0.2060414788097385 0.701039168665068
0 0.7962128043282236 0.9528377298161471 0.8043282236248873 0.9536370903277379 0.8074842200180342 0.9456434852118306 0.8070333633904418 0.938449240607514 0.8002705139765555 0.9248601119104717 0.7930568079350766 0.9232613908872902 0.7885482416591524 0.9336530775379696 0.7876465284039675 0.9432454036770584 0.7962128043282236 0.9528377298161471
0 0.345356176735798 0.3077537969624301 0.351668169522092 0.3149480415667466 0.35617673579801623 0.31574740207833735 0.3624887285843102 0.3045563549160672 0.3651938683498648 0.28617106314948043 0.3534715960324617 0.27577937649880097 0.3462578899909829 0.2741806554756195 0.3412984670874662 0.29096722621902477 0.3412984670874662 0.2997601918465228 0.345356176735798 0.3077537969624301
0 0.5870153291253382 0.5115907274180655 0.5951307484220018 0.5187849720223822 0.6055004508566276 0.5227817745803358 0.6095581605049595 0.5099920063948842 0.6109107303877367 0.4948041566746603 0.6064021641118125 0.4836131095123901 0.5951307484220018 0.4740207833733014 0.59107303877367 0.4788169464428457 0.5834084761045988 0.5003996802557954 0.5838593327321911 0.5075939248601119 0.5870153291253382 0.5115907274180655
0 0 0.3445243804956035 0.004959422903516681 0.3493205435651479 0.009017132551848512 0.3445243804956035 0.009017132551848512 0.328537170263789 0.012623985572587917 0.3133493205435652 0.008566275924256087 0.2981614708233413 0.002705139765554554 0.29256594724220625 0 0.29256594724220625 0 0.3445243804956035
0 0.4824165915238954 0.37090327737809753 0.4860234445446348 0.381294964028777 0.4945897204688909 0.3836930455635492 0.4981965734896303 0.3788968824940048 0.5 0.37170263788968827 0.4995491433724076 0.3669064748201439 0.4905320108205591 0.35331734612310156 0.47790802524797116 0.34372501998401284 0.47339945897204694 0.34372501998401284 0.4715960324616772 0.34852118305355717 0.4720468890892696 0.35891286970423664 0.4824165915238954 0.37090327737809753
0 0.8381424706943192 0.8960831334932055 0.8417493237150586 0.8960831334932055 0.8458070333633905 0.8904876099120704 0.8494138863841298 0.8752997601918465 0.8485121731289451 0.8689048760991207 0.8385933273219116 0.8553157474020784 0.8340847610459874 0.8561151079136692 0.8268710550045085 0.8729016786570745 0.8268710550045085 0.8840927258193446 0.8381424706943192 0.8960831334932055
0 0.01442741208295762 0.1366906474820144 0.019386834986474304 0.14148681055155876 0.02254283137962128 0.14148681055155876 0.023895401262398558 0.13908872901678657 0.030207394048692517 0.12070343725019984 0.030207394048692517 0.11590727418065548 0.02614968440036069 0.10551558752997602 0.018935978358881875 0.09912070343725021 0.013976555455365193 0.1047162270183853 0.010820559062218215 0.11590727418065548 0.010820559062218215 0.12949640287769784 0.01442741208295762 0.1366906474820144
0 0.32867448151487827 0.8409272581934453 0.33543733092876465 0.8433253397282174 0.33859332732191166 0.8409272581934453 0.34220018034265104 0.8305355715427658 0.3467087466185753 0.815347721822542 0.3467087466185753 0.8105515587529977 0.3440036068530208 0.8033573141486812 0.33859332732191166 0.7969624300559552 0.3313796212804328 0.7945643485211831 0.3237150586113616 0.8209432454036771 0.3237150586113616 0.8353317346123101 0.32867448151487827 0.8409272581934453
0 0.4499549143372408 0.9696243005595524 0.4630297565374211 0.9856115107913669 0.4666366095581605 0.9880095923261392 0.47024346257889993 0.9864108713029576 0.4743011722272317 0.9784172661870505 0.4783588818755636 0.9488409272581935 0.4688908926961226 0.9376498800959233 0.4612263300270514 0.9344524380495605 0.45761947700631195 0.9368505195843326 0.4499549143372408 0.9632294164668266 0.4499549143372408 0.9696243005595524
0 0.5761947700631199 0.5883293365307755 0.5919747520288549 0.6067146282973622 0.5951307484220018 0.6075139888089529 0.5996393146979261 0.6035171862509993 0.6018935978358882 0.595523581135092 0.5996393146979261 0.586730615507594 0.584761045987376 0.5715427657873702 0.5770964833183048 0.5715427657873702 0.5752930568079351 0.5811350919264588 0.5761947700631199 0.5883293365307755
0 0.3805229936880072 0.11590727418065548 0.3868349864743012 0.12230215827338131 0.39404869251577995 0.12470023980815349 0.4008115419296664 0.10791366906474821 0.40396753832281335 0.09112709832134293 0.3976555455365194 0.07913669064748202 0.39404869251577995 0.07593924860111911 0.38999098286744815 0.07593924860111911 0.38458070333633904 0.08473221422861711 0.3796212804328224 0.10391686650679458 0.37917042380523 0.11031175059952039 0.3805229936880072 0.11590727418065548
0 0.89404869251578 0.12470023980815349 0.903516681695221 0.1334932054356515 0.9084761045987376 0.13269384492406078 0.9125338142470695 0.1167066346922462 0.9111812443642923 0.10871302957633892 0.8985572587917042 0.09432454036770584 0.8954012623985572 0.0959232613908873 0.8913435527502254 0.10871302957633892 0.890892696122633 0.1167066346922462 0.89404869251578 0.12470023980815349
0 0.7348963029756538 0.7881694644284573 0.7443642921550947 0.7945643485211831 0.7488728584310189 0.7889688249400479 0.7511271415689811 0.7721822541966427 0.7470694319206492 0.7641886490807354 0.7403065825067628 0.7601918465227818 0.7376014427412083 0.7617905675459633 0.7339945897204688 0.7689848121502798 0.7326420198376916 0.7825739408473221 0.7348963029756538 0.7881694644284573
0 0.5428313796212805 0.636290967226219 0.5559062218214608 0.6474820143884892 0.560414788097385 0.6474820143884892 0.5680793507664563 0.6298960831334932 0.5676284941388638 0.6250999200639489 0.5613165013525699 0.6123101518784972 0.5541027953110911 0.6059152677857713 0.5477908025247972 0.6083133493205436 0.5410279531109107 0.6235011990407675 0.5405770964833183 0.6314948041566747 0.5428313796212805 0.636290967226219
0 0.5924256086564473 0.9664268585131894 0.5991884580703336 0.9656274980015987 0.6073038773669973 0.9424460431654678 0.6055004508566276 0.9344524380495605 0.5933273219116322 0.9256594724220625 0.5901713255184852 0.9288569144684253 0.5874661857529305 0.938449240607514 0.5865644724977458 0.9504396482813751 0.5924256086564473 0.9664268585131894
0 0.05725879170423805 0.7026378896882494 0.06853020739404869 0.7074340527577938 0.07303877366997295 0.697841726618705 0.07258791704238053 0.6866506794564349 0.06402164111812444 0.6778577138289369 0.05680793507664563 0.6762589928057555 0.05184851217312895 0.6810551558752997 0.05139765554553652 0.6922462030375699 0.05725879170423805 0.7026378896882494
0 0.6952209197475203 0.645083932853717 0.7015329125338142 0.645083932853717 0.7060414788097384 0.6338928856914469 0.7046889089269612 0.6219024780175859 0.6956717763751128 0.6131095123900879 0.6893597835888188 0.6131095123900879 0.6844003606853021 0.6227018385291766 0.6853020739404869 0.636290967226219 0.6952209197475203 0.645083932853717
0 0.38999098286744815 0.3996802557953637 0.39720468890892696 0.4012789768185452 0.42110009017132555 0.42286171063149486 0.4260595130748422 0.42206235011990406 0.4292155094679892 0.41486810551558756 0.4292155094679892 0.40687450039968026 0.4238052299368801 0.39728217426059154 0.4044183949504058 0.3788968824940048 0.39720468890892696 0.3756994404476419 0.3872858431018936 0.3828936850519585 0.3859332732191163 0.38609112709832133 0.3859332732191163 0.39168665067945646 0.38999098286744815 0.3996802557953637
0 0.2533814247069432 0.03517186250999201 0.26375112714156895 0.04476418864908074 0.2673579801623084 0.04476418864908074 0.27006311992786297 0.04316546762589928 0.2750225428313796 0.03357314148681055 0.2763751127141569 0.02797761790567546 0.27592425608656446 0.017585931254996006 0.2745716862037872 0.01278976818545164 0.26916140667267807 0.005595523581135092 0.2583408476104599 0 0.25473399458972046 0.013589128697042365 0.2520288548241659 0.02877697841726619 0.2533814247069432 0.03517186250999201
0 0.47339945897204694 0.8737010391686652 0.4810640216411181 0.8808952837729817 0.48782687105500455 0.8824940047961631 0.4959422903516682 0.8601119104716227 0.49639314697926057 0.8553157474020784 0.4882777276825969 0.841726618705036 0.4810640216411181 0.8385291766586731 0.4765554553651939 0.8457234212629897 0.47294860234445446 0.859312549960032 0.4715960324616772 0.8673061550759393 0.47339945897204694 0.8737010391686652
0 0.5135256988277728 0.2733812949640288 0.5288548241659152 0.2853717026378897 0.5324616771866546 0.2797761790567546 0.5297565374211001 0.26538768984812156 0.5184851217312895 0.24860111910471622 0.5049594229035167 0.23820943245403678 0.5013525698827773 0.23900879296562752 0.4981965734896303 0.24860111910471622 0.4981965734896303 0.2557953637090328 0.5135256988277728 0.2733812949640288
0 0.13300270513976556 0.959232613908873 0.1375112714156898 0.9648281374900081 0.14201983769161408 0.9656274980015987 0.1478809738503156 0.9560351718625101 0.15058611361587015 0.9464428457234213 0.1510369702434626 0.9376498800959233 0.1478809738503156 0.9304556354916067 0.14156898106402163 0.9280575539568345 0.13435527502254285 0.9352517985611511 0.1316501352569883 0.9432454036770584 0.13074842200180342 0.9496402877697842 0.13300270513976556 0.959232613908873
0 0.628043282236249 0.39408473221422863 0.6375112714156899 0.4020783373301359 0.6438232642019839 0.41167066346922465 0.6483318304779081 0.4132693844924061 0.6528403967538323 0.4092725819344525 0.654643823264202 0.40367705835331735 0.6550946798917944 0.39408473221422863 0.6510369702434625 0.38609112709832133 0.6298467087466186 0.3669064748201439 0.6266907123534716 0.3677058353317346 0.6248872858431019 0.37250199840127896 0.6244364292155096 0.38609112709832133 0.628043282236249 0.39408473221422863
0 0.34039675383228135 0.09992006394884093 0.34580703336339047 0.10071942446043165 0.34986474301172227 0.08792965627498003 0.34761045987376016 0.0783373301358913 0.33904418394950403 0.0671462829736211 0.3345356176735798 0.0671462829736211 0.3336339044183949 0.07194244604316548 0.3340847610459874 0.0903277378097522 0.34039675383228135 0.09992006394884093
0 0.10504959422903516 0.9848121502797762 0.11000901713255186 0.9864108713029576 0.11226330027051398 0.9904076738609113 0.11902614968440037 0.9888089528377298 0.1248872858431019 0.9816147082334133 0.12714156898106402 0.9616306954436452 0.12353471596032461 0.9520383693045564 0.11767357980162309 0.947242206235012 0.1127141568981064 0.947242206235012 0.1073038773669973 0.9544364508393286 0.10144274120829576 0.9720223820943246 0.10099188458070334 0.9784172661870505 0.10504959422903516 0.9848121502797762
0 0.7452660054102795 0.9248601119104717 0.7538322813345357 0.9352517985611511 0.7592425608656448 0.9368505195843326 0.7651036970243462 0.9248601119104717 0.763751127141569 0.915267785771383 0.7565374211000901 0.9056754596322941 0.7511271415689811 0.9032773780975221 0.7461677186654645 0.9112709832134293 0.7443642921550947 0.9176658673061552 0.7452660054102795 0.9248601119104717