0 0.2146077547339946 0.7282174260591526 0.2412082957619477 0.7378097521982414 0.2479711451758341 0.7386091127098321 0.2511271415689811 0.7338129496402878 0.2484220018034265 0.7258193445243806 0.2407574391343553 0.7218225419664269 0.2168620378719567 0.7154276578737011 0.21325518485121733 0.7218225419664269 0.21280432822362488 0.7266187050359713 0.2146077547339946 0.7282174260591526
0 0.7019837691614067 0.19824140687450043 0.7114517583408476 0.2030375699440448 0.7168620378719567 0.20223820943245407 0.7168620378719567 0.19744204636290968 0.7132551848512173 0.19024780175859313 0.7015329125338142 0.1838529176658673 0.6956717763751128 0.1838529176658673 0.6956717763751128 0.19104716227018384 0.7019837691614067 0.19824140687450043
0 0.42560865644724977 0.973621103117506 0.44229035166816955 0.9944044764188649 0.4486023444544635 0.9992006394884093 0.45536519386834984 0.9928057553956835 0.45987376014427417 0.9776179056754596 0.45852119026149685 0.9696243005595524 0.4341749323715059 0.9416466826538769 0.4278629395852119 0.9440447641886491 0.4247069431920649 0.9624300559552359 0.42425608656447256 0.9704236610711432 0.42560865644724977 0.973621103117506
0 0.6929666366095582 0.20783373301358915 0.7060414788097384 0.21662669864108713 0.7141568981064021 0.22062350119904078 0.7182146077547341 0.22062350119904078 0.7204688908926962 0.21742605915267785 0.7186654643823265 0.21103117505995203 0.7123534715960325 0.20543565147881696 0.69702434625789 0.19744204636290968 0.6925157799819658 0.19984012789768185 0.6916140667267809 0.2030375699440448 0.6929666366095582 0.20783373301358915
0 0.08881875563570783 0.2238209432454037 0.11902614968440037 0.2557953637090328 0.1266907123534716 0.2589928057553957 0.130297565374211 0.2533972821742606 0.1316501352569883 0.23661071143085532 0.12714156898106402 0.2270183852917666 0.10234445446348062 0.20463629096722624 0.08926961226330027 0.19584332533972823 0.08431018935978359 0.19424460431654678 0.08070333633904418 0.19904076738609114 0.08070333633904418 0.21342925659472425 0.08881875563570783 0.2238209432454037
0 0.5464382326420198 0.3397282174260592 0.5522993688007214 0.34532374100719426 0.5689810640216412 0.35331734612310156 0.5721370604147881 0.35331734612310156 0.5743913435527502 0.3501199040767386 0.5770964833183048 0.3349320543565148 0.5703336339044184 0.3213429256594725 0.5545536519386834 0.31175059952038375 0.5504959422903517 0.31175059952038375 0.5459873760144275 0.3181454836131095 0.5437330928764653 0.3317346123101519 0.5464382326420198 0.3397282174260592
0 0.8534715960324617 0.6546762589928058 0.8715058611361587 0.6754596322941646 0.8787195671776376 0.6866506794564349 0.8845807033363391 0.6906474820143885 0.890892696122633 0.6882494004796164 0.891794409377818 0.6818545163868905 0.8904418394950405 0.6714628297362111 0.8854824165915239 0.6658673061550759 0.8742110009017132 0.6562749800159873 0.8557258791704238 0.6346922462030377 0.8512173128944995 0.6354916067146283 0.8480613165013525 0.642685851318945 0.8485121731289451 0.6522781774580336 0.8534715960324617 0.6546762589928058
0 0.004959422903516681 0.4348521183053557 0.02073940486925158 0.44364508393285373 0.033363390441839495 0.44684252597921664 0.035617673579801626 0.442845723421263 0.034715960324616775 0.43804956035171866 0.028403967538322816 0.43165467625899284 0.009017132551848512 0.4212629896083134 0.002705139765554554 0.4260591526778577 0.002705139765554554 0.43165467625899284 0.004959422903516681 0.4348521183053557
0 0.7754733994589721 0.293365307753797 0.7826871055004508 0.2949640287769784 0.7876465284039675 0.28936850519584334 0.7871956717763752 0.2797761790567546 0.7844905320108205 0.27577937649880097 0.7772768259693417 0.2749800159872102 0.7727682596934174 0.2789768185451639 0.7723174030658251 0.28617106314948043 0.7754733994589721 0.293365307753797
0 0.9549143372407575 0.0639488409272582 0.9594229035166817 0.07114308553157474 0.9761045987376015 0.08872901678657075 0.9887285843101894 0.09912070343725021 0.9954914337240758 0.08792965627498003 0.9963931469792606 0.07354116706634693 0.9810640216411182 0.05435651478816946 0.9761045987376015 0.05115907274180656 0.9675383228133454 0.03836930455635491 0.9616771866546439 0.03836930455635491 0.9567177637511272 0.050359712230215826 0.9549143372407575 0.05675459632294165 0.9549143372407575 0.0639488409272582
0 0.9495040577096483 0.9992006394884093 0.9706943192064924 0.9992006394884093 0.9729486023444545 0.991207034372502 0.9729486023444545 0.9808153477218226 0.9706943192064924 0.9760191846522782 0.9526600541027953 0.9608313349320544 0.9490532010820559 0.9600319744204637 0.9413886384129847 0.9792166266986412 0.9418394950405771 0.9904076738609113 0.9495040577096483 0.9992006394884093
0 0.805229936880072 0.27098321342925663 0.8079350766456267 0.2701838529176659 0.8101893597835889 0.26538768984812156 0.809287646528404 0.25739408473221426 0.8047790802524797 0.2517985611510791 0.7984670874661858 0.2501998401278977 0.7962128043282236 0.25259792166266987 0.7957619477006312 0.26538768984812156 0.805229936880072 0.27098321342925663
0 0.008566275924256087 0.4588329336530776 0.02614968440036069 0.4676258992805756 0.0351668169522092 0.4684252597921663 0.03832281334535618 0.4636290967226219 0.03651938683498648 0.45803357314148685 0.029756537421100092 0.45163868904876103 0.013074842200180344 0.4444444444444444 0.006762849413886384 0.44604316546762596 0.0063119927862939585 0.4556354916067146 0.008566275924256087 0.4588329336530776
0 0.3841298467087466 0.5179856115107914 0.40396753832281335 0.5371702637889688 0.41118124436429215 0.5395683453237411 0.4147880973850316 0.5331734612310152 0.4143372407574391 0.5259792166266987 0.40937781785392247 0.5179856115107914 0.3990081154192967 0.5115907274180655 0.3904418394950406 0.5019984012789769 0.3868349864743012 0.5019984012789769 0.38322813345356177 0.5083932853717026 0.3827772768259694 0.5155875299760192 0.3841298467087466 0.5179856115107914
0 0.16411181244364292 0.7841726618705037 0.16050495942290352 0.8033573141486812 0.16095581605049597 0.8105515587529977 0.16456266907123535 0.818545163868905 0.1704238052299369 0.8257394084732215 0.17538322813345356 0.8257394084732215 0.17944093778178538 0.8201438848920864 0.18620378719567177 0.797761790567546 0.18665464382326422 0.7817745803357314 0.175834084761046 0.7673860911270984 0.16816952209197475 0.7609912070343725 0.16230838593327324 0.7577937649880097 0.1582506762849414 0.7601918465227818 0.15779981965734896 0.7729816147082335 0.16411181244364292 0.7841726618705037
0 0.2339945897204689 0.5179856115107914 0.2556357078449053 0.5331734612310152 0.26194770063119927 0.5331734612310152 0.2660054102795311 0.5227817745803358 0.2660054102795311 0.5091926458832934 0.2587917042380523 0.4940047961630696 0.2551848512173129 0.4908073541167067 0.2412082957619477 0.4852118305355716 0.23715058611361586 0.4908073541167067 0.23309287646528404 0.504396482813749 0.2321911632100992 0.5147881694644285 0.2339945897204689 0.5179856115107914
0 0.5315599639314699 0.6474820143884892 0.5365193868349865 0.64828137490008 0.5401262398557259 0.6402877697841727 0.5414788097385032 0.6306954436450839 0.539224526600541 0.6235011990407675 0.5238954012623985 0.6059152677857713 0.5180342651036971 0.6035171862509993 0.5135256988277728 0.6131095123900879 0.5139765554553652 0.6266986410871304 0.5315599639314699 0.6474820143884892
0 0.9490532010820559 0.8089528377298163 0.9616771866546439 0.8137490007993605 0.9702434625789 0.8105515587529977 0.9684400360685302 0.8001598721023181 0.9634806131650135 0.7937649880095924 0.9526600541027953 0.7929656274980017 0.9481514878268711 0.7961630695443646 0.9467989179440939 0.8049560351718625 0.9490532010820559 0.8089528377298163
0 0.9143372407574392 0.8992805755395684 0.9183949504057709 0.9072741806554757 0.9256086564472498 0.9096722621902479 0.930117222723174 0.9016786570743406 0.9314697926059514 0.8872901678657075 0.9296663660955816 0.8800959232613909 0.9256086564472498 0.8729016786570745 0.9179440937781785 0.871302957633893 0.9125338142470695 0.8808952837729817 0.9120829576194771 0.885691446842526 0.9143372407574392 0.8992805755395684
0 0.6789900811541929 0.4356514788169465 0.6997294860234445 0.45483613109512394 0.7028854824165914 0.4524380495603517 0.7069431920649234 0.4420463629096723 0.7155094679891795 0.4108713029576339 0.7060414788097384 0.39728217426059154 0.6889089269612263 0.3844924060751399 0.6853020739404869 0.390087929656275 0.6762849413886385 0.4172661870503597 0.675834084761046 0.4276578737010392 0.6789900811541929 0.4356514788169465
0 0.5387736699729486 0.05355715427657874 0.5568079350766456 0.07274180655475619 0.5613165013525699 0.07274180655475619 0.5680793507664563 0.05675459632294165 0.5685302073940487 0.05195843325339729 0.5649233543733093 0.03756994404476419 0.5577096483318305 0.02797761790567546 0.5459873760144275 0.017585931254996006 0.5410279531109107 0.017585931254996006 0.5356176735798016 0.03437250199840128 0.5356176735798016 0.04636290967226219 0.5387736699729486 0.05355715427657874
0 0.5459873760144275 0.39488409272581937 0.5608656447249775 0.4092725819344525 0.5644724977457168 0.4092725819344525 0.5707844905320109 0.39488409272581937 0.5743913435527502 0.3828936850519585 0.5743913435527502 0.3764988009592326 0.5694319206492335 0.3677058353317346 0.5568079350766456 0.35651478816946447 0.5532010820559062 0.3557154276578737 0.5500450856627592 0.3581135091926459 0.542380522993688 0.3828936850519585 0.542380522993688 0.38848920863309355 0.5459873760144275 0.39488409272581937
0 0.12984670874661858 0.07354116706634693 0.13570784490532012 0.08473221422861711 0.14562669071235346 0.09512390087929656 0.1510369702434626 0.09352517985611512 0.15554553651938682 0.0815347721822542 0.15599639314697925 0.07114308553157474 0.15464382326420198 0.0639488409272582 0.14652840396753833 0.05275779376498801 0.1406672678088368 0.05355715427657874 0.13134941388638413 0.0668800959232614 0.12939585211902616 0.07034372501998402 0.12984670874661858 0.07354116706634693
0 0.45536519386834984 0.19344524380495606 0.4661857529305681 0.20543565147881696 0.47069431920649235 0.2038369304556355 0.47385031559963936 0.19264588329336532 0.4711451758340848 0.18705035971223025 0.46032461677186653 0.17585931254996007 0.4526600541027953 0.17585931254996007 0.4522091974752029 0.18625099920063948 0.45536519386834984 0.19344524380495606
0 0.4188458070333634 0.5651478816946442 0.4346257889990983 0.5651478816946442 0.44003606853020744 0.5555555555555556 0.4355275022542831 0.5411670663469225 0.430117222723174 0.5347721822541966 0.42515779981965734 0.5371702637889688 0.4170423805229937 0.5539568345323741 0.4165915238954013 0.5611510791366906 0.4188458070333634 0.5651478816946442
0 0.9706943192064924 0.7665867306155076 0.9770063119927863 0.7705835331734613 0.9819657348963029 0.7617905675459633 0.9824165915238955 0.7505995203836932 0.9747520288548243 0.7370103916866507 0.9666366095581606 0.7314148681055157 0.9634806131650135 0.7402078337330137 0.9630297565374212 0.753796962430056 0.9706943192064924 0.7665867306155076
0 0.3205590622182146 0.8697042366107114 0.32822362488728585 0.8697042366107114 0.3322813345356177 0.8649080735411672 0.3340847610459874 0.8585131894484412 0.3313796212804328 0.8497202238209433 0.3133453561767358 0.827338129496403 0.30522993688007216 0.82414068745004 0.3011722272317403 0.8345323741007195 0.30162308385933273 0.8441247002398081 0.3205590622182146 0.8697042366107114
0 0.7790802524797115 0.2478017585931255 0.7930568079350766 0.2478017585931255 0.7980162308385934 0.24460431654676262 0.8007213706041478 0.23741007194244604 0.7989179440937783 0.23421262989608316 0.7912533814247069 0.2334132693844924 0.7786293958521191 0.23421262989608316 0.7759242560865645 0.23820943245403678 0.7754733994589721 0.24380495603517185 0.7790802524797115 0.2478017585931255
0 0.9752028854824166 0.6498800959232613 0.9909828674481516 0.6682653876898482 0.9959422903516681 0.6666666666666666 0.9977457168620378 0.6578737010391686 0.9995491433724076 0.657074340527578 0.9995491433724076 0.6434852118305356 0.9918845807033364 0.6330935251798562 0.9806131650135257 0.6235011990407675 0.9770063119927863 0.6314948041566747 0.9743011722272317 0.6410871302957634 0.9752028854824166 0.6498800959232613
0 0.8237150586113616 0.14148681055155876 0.8385933273219116 0.14548361310951238 0.8403967538322813 0.14068745003996805 0.8408476104598738 0.1366906474820144 0.8381424706943192 0.13269384492406078 0.8210099188458071 0.12869704236610713 0.8205590622182147 0.1366906474820144 0.8237150586113616 0.14148681055155876
0 0.3660955816050496 0.6674660271782575 0.3764652840396754 0.6778577138289369 0.3800721370604148 0.6770583533173462 0.3859332732191163 0.6578737010391686 0.3850315599639315 0.6466826538768985 0.3818755635707845 0.6402877697841727 0.3751127141568981 0.6370903277378098 0.3719567177637511 0.6402877697841727 0.369702434625789 0.64828137490008 0.3656447249774572 0.6634692246203038 0.3660955816050496 0.6674660271782575
0 0.611361587015329 0.7593924860111911 0.6190261496844004 0.7641886490807354 0.6284941388638413 0.7769784172661871 0.636609558160505 0.7793764988009593 0.6402164111812444 0.7761790567545964 0.6438232642019839 0.7681854516386891 0.6438232642019839 0.7577937649880097 0.6411181244364292 0.7498001598721024 0.633453561767358 0.7338129496402878 0.6235347159603246 0.7242206235011991 0.6194770063119928 0.7234212629896084 0.6104598737601443 0.7474020783373301 0.6095581605049595 0.7545963229416467 0.611361587015329 0.7593924860111911
0 0.37285843101893595 0.22462030375699443 0.4044183949504058 0.2557953637090328 0.40892696122633004 0.2541966426858513 0.4147880973850316 0.23980815347721826 0.415238954012624 0.2270183852917666 0.412082957619477 0.21902478017585933 0.3841298467087466 0.19104716227018384 0.3800721370604148 0.19264588329336532 0.3764652840396754 0.19904076738609114 0.3719567177637511 0.21342925659472425 0.37150586113615874 0.22062350119904078 0.37285843101893595 0.22462030375699443
0 0.4792605951307485 0.7378097521982414 0.49413886384129846 0.7529976019184652 0.4981965734896303 0.7529976019184652 0.5 0.7505995203836932 0.5045085662759243 0.7338129496402878 0.5036068530207394 0.7266187050359713 0.5004508566275925 0.7194244604316546 0.4882777276825969 0.7074340527577938 0.4833183047790803 0.7122302158273383 0.478809738503156 0.7266187050359713 0.47790802524797116 0.7346123101518786 0.4792605951307485 0.7378097521982414
0 0.9878268710550046 0.1310951239008793 0.9941388638412986 0.13509192645883294 0.9995491433724076 0.13509192645883294 0.9995491433724076 0.1167066346922462 0.9905320108205591 0.11191047162270185 0.9869251577998197 0.11910471622701839 0.9860234445446348 0.12629896083133493 0.9878268710550046 0.1310951239008793
0 0.5982867448151488 0.05675459632294165 0.609107303877367 0.06634692246203039 0.6131650135256989 0.0639488409272582 0.6149684400360685 0.049560351718625106 0.6109107303877367 0.042366107114308556 0.6023444544634806 0.03517186250999201 0.5982867448151488 0.03517186250999201 0.5946798917944094 0.04636290967226219 0.594229035166817 0.049560351718625106 0.5982867448151488 0.05675459632294165
0 0.23760144274120829 0.8792965627498002 0.24706943192064923 0.8840927258193446 0.25653742110009015 0.8840927258193446 0.2587917042380523 0.8816946442845724 0.2601442741208296 0.862509992006395 0.25653742110009015 0.8497202238209433 0.24481514878268712 0.844924060751399 0.23760144274120829 0.844924060751399 0.23354373309287646 0.8521183053557154 0.23354373309287646 0.86810551558753 0.23760144274120829 0.8792965627498002
0 0.8381424706943192 0.7641886490807354 0.8525698827772769 0.7665867306155076 0.8539224526600542 0.762589928057554 0.8534715960324617 0.7585931254996003 0.8485121731289451 0.7529976019184652 0.8408476104598738 0.7505995203836932 0.8340847610459874 0.7521982414068745 0.833633904418395 0.7601918465227818 0.8381424706943192 0.7641886490807354
0 0.4981965734896303 0.3341326938449241 0.5256988277727683 0.35891286970423664 0.5293056807935077 0.35651478816946447 0.5329125338142471 0.3469224620303757 0.5338142470694319 0.3365307753796963 0.5324616771866546 0.32773780975219824 0.5293056807935077 0.3205435651478817 0.5058611361587015 0.3053557154276579 0.5013525698827773 0.3053557154276579 0.496844003606853 0.31254996003197444 0.4945897204688909 0.32693844924060755 0.4981965734896303 0.3341326938449241
0 0.6438232642019839 0.02238209432454037 0.674932371505861 0.050359712230215826 0.6789900811541929 0.04876099120703437 0.6825969341749324 0.03996802557953637 0.6830477908025249 0.032773780975219824 0.6812443642921551 0.019184652278177457 0.6717763751127143 0.005595523581135092 0.6654643823264202 0 0.6442741208295762 0 0.6406672678088369 0.011990407673860913 0.6406672678088369 0.018385291766586733 0.6438232642019839 0.02238209432454037
0 0.6771866546438233 0.5571542765787371 0.6992786293958522 0.5811350919264588 0.7091974752028855 0.5819344524380495 0.7141568981064021 0.5707434052757794 0.7150586113615871 0.5627498001598722 0.7100991884580703 0.5459632294164669 0.6893597835888188 0.5267785771382895 0.6857529305680793 0.5259792166266987 0.6834986474301172 0.5291766586730615 0.6780883678990081 0.5443645083932854 0.6762849413886385 0.5507593924860112 0.6771866546438233 0.5571542765787371
0 0.4526600541027953 0.3405275779376499 0.4661857529305681 0.35331734612310156 0.4697926059513075 0.35891286970423664 0.47024346257889993 0.3629096722621903 0.47385031559963936 0.36211031175059955 0.47700631199278626 0.3581135091926459 0.48512173128945 0.33812949640287776 0.48512173128945 0.33013589128697046 0.46393146979260597 0.30055955235811355 0.45897204688908927 0.2997601918465228 0.4540126239855726 0.31175059952038375 0.4522091974752029 0.32454036770583533 0.4526600541027953 0.3405275779376499
0 0.7515779981965736 0.12869704236610713 0.7565374211000901 0.12709832134292565 0.7601442741208296 0.11830535571542766 0.760595130748422 0.10951239008792966 0.7443642921550947 0.0903277378097522 0.7389540126239856 0.0903277378097522 0.736248872858431 0.10071942446043165 0.736248872858431 0.11031175059952039 0.7515779981965736 0.12869704236610713
0 0.1289449954914337 0.42845723421262993 0.14201983769161408 0.4396482813749001 0.14472497745716864 0.4396482813749001 0.1478809738503156 0.4348521183053557 0.14833183047790804 0.42206235011990406 0.13706041478809738 0.40527577937649883 0.12939585211902616 0.4012789768185452 0.12623985572587917 0.40527577937649883 0.1248872858431019 0.41167066346922465 0.1248872858431019 0.4212629896083134 0.1289449954914337 0.42845723421262993
0 0.9797114517583408 0.32454036770583533 0.9797114517583408 0.3317346123101519 0.9851217312894499 0.33812949640287776 0.9945897204688909 0.3445243804956035 0.9995491433724076 0.34532374100719426 0.9995491433724076 0.29096722621902477 0.9909828674481516 0.2821742605915268 0.9878268710550046 0.2829736211031175 0.9815148782687105 0.293365307753797 0.9806131650135257 0.302158273381295 0.9819657348963029 0.3181454836131095 0.9797114517583408 0.32454036770583533
0 0 0.7290167865707434 0 0.7545963229416467 0.035617673579801626 0.7865707434052758 0.03967538322813345 0.7865707434052758 0.04102795311091073 0.7841726618705037 0.04643823264201984 0.7689848121502798 0.04328223624887286 0.756994404476419 0.031109107303877368 0.7458033573141487 0.02614968440036069 0.7362110311750599 0.015329125338142471 0.7250199840127898 0.008566275924256087 0.7194244604316546 0.004508566275924256 0.7202238209432456 0.002705139765554554 0.7234212629896084 0.002254283137962128 0.7274180655475619 0 0.7290167865707434
0 0.09107303877366997 0.9552358113509193 0.10955816050495942 0.9704236610711432 0.11316501352569883 0.9648281374900081 0.11722272317403065 0.9496402877697842 0.11812443642921551 0.9360511590727418 0.1127141568981064 0.9248601119104717 0.10595130748422002 0.9160671462829737 0.10144274120829576 0.9136690647482014 0.09467989179440937 0.9240607513988809 0.08836789900811542 0.9456434852118306 0.087917042380523 0.9496402877697842 0.09107303877366997 0.9552358113509193
0 0.958521190261497 0.9400479616306955 0.9688908926961226 0.9512390087929657 0.9756537421100091 0.9552358113509193 0.9806131650135257 0.9528377298161471 0.9810640216411182 0.9488409272581935 0.9779080252479712 0.9416466826538769 0.9657348963029756 0.9280575539568345 0.9598737601442742 0.9256594724220625 0.9535617673579802 0.9280575539568345 0.9535617673579802 0.9320543565147882 0.958521190261497 0.9400479616306955
0 0.7096483318304779 0.46522781774580335 0.7222723174030657 0.4772182254196643 0.729936880072137 0.4788169464428457 0.7357980162308386 0.4636290967226219 0.7357980162308386 0.4572342126298961 0.733092876465284 0.4476418864908074 0.7339945897204688 0.42845723421262993 0.7326420198376916 0.4212629896083134 0.7272317403065826 0.416466826538769 0.7200180342651037 0.4172661870503597 0.7119026149684401 0.4348521183053557 0.706492335437331 0.4524380495603517 0.7055906221821461 0.4588329336530776 0.7096483318304779 0.46522781774580335
0 0.48963029756537424 0.9992006394884093 0.49008115419296666 0.9952038369304558 0.4860234445446348 0.9840127897681855 0.4743011722272317 0.973621103117506 0.4688908926961226 0.9760191846522782 0.4625788999098287 0.9896083133493206 0.4625788999098287 0.9992006394884093 0.48963029756537424 0.9992006394884093
0 0.793507664562669 0.29176658673061556 0.8002705139765555 0.293365307753797 0.8043282236248873 0.28936850519584334 0.8043282236248873 0.2789768185451639 0.8002705139765555 0.2717825739408473 0.7930568079350766 0.2701838529176659 0.7903516681695222 0.2733812949640288 0.7908025247971145 0.28617106314948043 0.793507664562669 0.29176658673061556
0 0.45671776375112716 0.02158273381294964 0.45987376014427417 0.023980815347721826 0.4679891794409378 0.02238209432454037 0.47339945897204694 0.01278976818545164 0.47249774571686204 0 0.4526600541027953 0.001598721023181455 0.4526600541027953 0.01278976818545164 0.45671776375112716 0.02158273381294964
0 0.7718665464382326 0.26618705035971224 0.7903516681695222 0.266986410871303 0.7944093778178539 0.2621902478017586 0.7944093778178539 0.25819344524380494 0.7903516681695222 0.2533972821742606 0.7687105500450856 0.2549960031974421 0.7682596934174932 0.26298960831334933 0.7718665464382326 0.26618705035971224
0 0.9008115419296664 0.07913669064748202 0.9062218214607755 0.0783373301358913 0.9102795311091073 0.06474820143884892 0.9102795311091073 0.060751398880895285 0.9084761045987376 0.05755395683453238 0.8981064021641119 0.049560351718625106 0.891794409377818 0.060751398880895285 0.8913435527502254 0.0671462829736211 0.9008115419296664 0.07913669064748202
0 0.6293958521190262 0.5499600319744204 0.6325518485121732 0.5539568345323741 0.65238954012624 0.5627498001598722 0.657799819657349 0.5635491606714629 0.6614066726780884 0.5587529976019185 0.6632100991884582 0.5403677058353318 0.6618575293056808 0.533972821742606 0.6582506762849414 0.5291766586730615 0.6456266907123535 0.521982414068745 0.636609558160505 0.5203836930455635 0.6293958521190262 0.5323741007194245 0.6284941388638413 0.5451638689048761 0.6293958521190262 0.5499600319744204
0 0.584761045987376 0.8289368505195844 0.5924256086564473 0.8313349320543566 0.5955816050495942 0.8281374900079936 0.5960324616771866 0.8177458033573143 0.5937781785392245 0.8137490007993605 0.587917042380523 0.809752198241407 0.584761045987376 0.809752198241407 0.5829576194770063 0.8137490007993605 0.5825067628494138 0.8225419664268585 0.584761045987376 0.8289368505195844
0 0.4666366095581605 0.17186250999200642 0.47024346257889993 0.17346123101518784 0.47385031559963936 0.16786570743405277 0.47475202885482415 0.15507593924860114 0.4715960324616772 0.15027977617905677 0.45987376014427417 0.1398880895283773 0.45626690712353474 0.14148681055155876 0.4540126239855726 0.14788169464428458 0.45356176735798015 0.1566746602717826 0.4666366095581605 0.17186250999200642
0 0.9084761045987376 0.4836131095123901 0.9111812443642923 0.49000799360511593 0.9305680793507665 0.5091926458832934 0.9359783588818756 0.5091926458832934 0.9427412082957619 0.48840927258193445 0.9386834986474301 0.4756195043964829 0.9341749323715058 0.47002398081534774 0.9188458070333634 0.4588329336530776 0.9147880973850315 0.4588329336530776 0.9111812443642923 0.4676258992805756 0.9080252479711453 0.4772182254196643 0.9084761045987376 0.4836131095123901
0 0.8449053201082056 0.7298161470823342 0.8485121731289451 0.7338129496402878 0.8620378719567178 0.7386091127098321 0.8656447249774571 0.7338129496402878 0.863390441839495 0.7266187050359713 0.8530207394048693 0.7218225419664269 0.8458070333633905 0.7218225419664269 0.8444544634806133 0.7242206235011991 0.8449053201082056 0.7298161470823342
0 0.40802524797114514 0.1342925659472422 0.42155094679891797 0.14708233413269386 0.42651036970243467 0.14548361310951238 0.4278629395852119 0.13509192645883294 0.42560865644724977 0.12470023980815349 0.42200180342651034 0.1167066346922462 0.415238954012624 0.1111111111111111 0.41118124436429215 0.1111111111111111 0.4075743913435528 0.11510791366906475 0.40667267808836793 0.11910471622701839 0.40577096483318303 0.12629896083133493 0.40802524797114514 0.1342925659472422
0 0.5599639314697926 0.8497202238209433 0.5653742110009017 0.850519584332534 0.5689810640216412 0.8473221422861711 0.5689810640216412 0.8409272581934453 0.5640216411181245 0.8313349320543566 0.5545536519386834 0.8217426059152678 0.5518485121731289 0.8217426059152678 0.5495942290351669 0.8257394084732215 0.5500450856627592 0.8361310951239008 0.5599639314697926 0.8497202238209433
0 0.5766456266907123 0.718625099920064 0.5978358881875564 0.7362110311750599 0.602795311091073 0.7354116706634692 0.6055004508566276 0.7306155075939249 0.609107303877367 0.7138289368505196 0.608205590622182 0.7090327737809753 0.6023444544634806 0.7002398081534772 0.5978358881875564 0.6986410871302958 0.59107303877367 0.6898481215027978 0.584761045987376 0.6858513189448442 0.5811541929666366 0.6858513189448442 0.5779981965734896 0.689048760991207 0.573038773669973 0.7026378896882494 0.5725879170423805 0.7082334132693845 0.5766456266907123 0.718625099920064
0 0.6618575293056808 0.15827338129496404 0.6821460775473399 0.18145483613109514 0.6853020739404869 0.18145483613109514 0.6893597835888188 0.17426059152677859 0.6943192064923354 0.15907274180655476 0.6934174932371506 0.1510791366906475 0.6889089269612263 0.14788169464428458 0.6771866546438233 0.13269384492406078 0.6690712353471596 0.12709832134292565 0.6659152389540126 0.12949640287769784 0.6609558160504959 0.14628297362110312 0.6605049594229035 0.1542765787370104 0.6618575293056808 0.15827338129496404
0 0.6469792605951307 0.8209432454036771 0.65238954012624 0.8281374900079936 0.6645626690712354 0.8377298161470824 0.6681695220919748 0.8393285371702638 0.6717763751127143 0.8361310951239008 0.6812443642921551 0.8137490007993605 0.6825969341749324 0.8001598721023181 0.6785392245266005 0.7937649880095924 0.6699729486023445 0.7881694644284573 0.6614066726780884 0.7761790567545964 0.657799819657349 0.7785771382893686 0.6532912533814247 0.7881694644284573 0.6460775473399459 0.809752198241407 0.6469792605951307 0.8209432454036771
0 0.8034265103697025 0.17585931254996007 0.8146979260595131 0.17585931254996007 0.8174030658250677 0.17186250999200642 0.8178539224526601 0.16067146282973624 0.8137962128043282 0.15187849720223823 0.8034265103697025 0.1510791366906475 0.799819657348963 0.15987210231814547 0.7993688007213706 0.17106314948041568 0.8034265103697025 0.17585931254996007
0 0.5982867448151488 0.8729016786570745 0.6293958521190262 0.8880895283772982 0.6339044183949504 0.8832933653077538 0.6370604147880974 0.8737010391686652 0.636609558160505 0.8689048760991207 0.6316501352569882 0.859312549960032 0.6311992786293958 0.8521183053557154 0.6266907123534716 0.8473221422861711 0.6018935978358882 0.8393285371702638 0.5987376014427412 0.841726618705036 0.5951307484220018 0.8577138289368506 0.5946798917944094 0.8665067945643485 0.5982867448151488 0.8729016786570745
0 0.8246167718665464 0.16067146282973624 0.8390441839495041 0.16227018385291767 0.8412984670874663 0.15827338129496404 0.8372407574391344 0.15027977617905677 0.8223624887285843 0.1486810551558753 0.8210099188458071 0.15507593924860114 0.8246167718665464 0.16067146282973624
0 0.5919747520288549 0.004796163069544364 0.5987376014427412 0.010391686650679457 0.6014427412082958 0.017585931254996006 0.608205590622182 0.02717825739408473 0.6199278629395851 0.03756994404476419 0.6262398557258791 0.03357314148681055 0.6293958521190262 0.02557953637090328 0.6298467087466186 0.019984012789768184 0.6289449954914338 0.007993605115907274 0.6226330027051398 0 0.5919747520288549 0 0.5919747520288549 0.004796163069544364
0 0.29981965734896304 0.9456434852118306 0.3160504959422904 0.9632294164668266 0.3205590622182146 0.9656274980015987 0.32506762849413884 0.9600319744204637 0.3295761947700631 0.9456434852118306 0.32822362488728585 0.9304556354916067 0.3151487826871055 0.9072741806554757 0.3106402164111813 0.9048760991207034 0.30748422001803427 0.9088729016786572 0.2984670874661858 0.9352517985611511 0.2980162308385933 0.9400479616306955 0.29981965734896304 0.9456434852118306
0 0.796663660955816 0.5739408473221423 0.8047790802524797 0.5883293365307755 0.8097385031559965 0.592326139088729 0.8137962128043282 0.5907274180655476 0.8183047790802525 0.5819344524380495 0.8219116321009919 0.5675459632294165 0.8210099188458071 0.5603517186250999 0.8155996393146979 0.5531574740207834 0.8110910730387737 0.5403677058353318 0.8070333633904418 0.5347721822541966 0.8025247971145176 0.5363709032773781 0.7962128043282236 0.5595523581135092 0.7953110910730388 0.5683453237410072 0.796663660955816 0.5739408473221423