0 0.059963931469792606 0.38529176658673064 0.08070333633904418 0.3844924060751399 0.08476104598737601 0.38049560351718625 0.08431018935978359 0.3764988009592326 0.08115419296663662 0.37250199840127896 0.06853020739404869 0.37170263788968827 0.059513074842200184 0.3741007194244605 0.058160504959422904 0.37969624300559557 0.059963931469792606 0.38529176658673064
0 0.32326420198376915 0.4444444444444444 0.32777276825969337 0.4452438049560352 0.33498647430117223 0.43804956035171866 0.3363390441839495 0.4324540367705836 0.33588818755635713 0.4244604316546763 0.3313796212804328 0.4060751398880896 0.327321911632101 0.39728217426059154 0.32146077547339946 0.39648281374900085 0.31424706943192066 0.4020783373301359 0.31424706943192066 0.4132693844924061 0.32326420198376915 0.4444444444444444
0 0.2813345356176736 0.46522781774580335 0.2889990982867448 0.4788169464428457 0.2935076645626691 0.4788169464428457 0.3011722272317403 0.4740207833733014 0.30613165013525695 0.47002398081534774 0.30748422001803427 0.4660271782573941 0.3002705139765554 0.4324540367705836 0.2966636609558161 0.4260591526778577 0.27862939585211904 0.442845723421263 0.2781785392245266 0.45003996802557955 0.2813345356176736 0.46522781774580335
0 0.05229936880072138 0.37010391686650684 0.06402164111812444 0.36930455635491605 0.06537421100090171 0.3669064748201439 0.06537421100090171 0.3605115907274181 0.06266907123534717 0.3573141486810552 0.05365193868349865 0.3573141486810552 0.0509467989179441 0.3613109512390088 0.05049594229035167 0.3669064748201439 0.05229936880072138 0.37010391686650684
0 0.16456266907123535 0.39568345323741005 0.16816952209197475 0.39488409272581937 0.18935978358881875 0.381294964028777 0.19251577998196576 0.3764988009592326 0.19251577998196576 0.3733013589128697 0.18890892696122633 0.3677058353317346 0.18440036068530208 0.3677058353317346 0.16140667267808836 0.3820943245403677 0.16095581605049597 0.39168665067945646 0.16456266907123535 0.39568345323741005
0 0.1582506762849414 0.36850519584332536 0.16771866546438233 0.3605115907274181 0.1708746618575293 0.35411670663469225 0.17132551848512173 0.3493205435651479 0.16952209197475201 0.34612310151878495 0.16591523895401264 0.34612310151878495 0.15419296663660956 0.3557154276578737 0.15284039675383226 0.35891286970423664 0.1532912533814247 0.3661071143085532 0.1582506762849414 0.36850519584332536
0 0.05410279531109107 0.34852118305355717 0.06762849413886383 0.3493205435651479 0.07123534715960325 0.34532374100719426 0.07123534715960325 0.3349320543565148 0.06898106402164111 0.3317346123101519 0.058611361587015326 0.328537170263789 0.05184851217312895 0.33013589128697046 0.05184851217312895 0.3429256594724221 0.05410279531109107 0.34852118305355717
0 0.05184851217312895 0.9768185451638689 0.062218214607754736 0.9816147082334133 0.07529305680793508 0.9800159872102319 0.0757439134355275 0.9640287769784173 0.08205590622182146 0.9568345323741008 0.08385933273219116 0.9496402877697842 0.07980162308385934 0.9368505195843326 0.07078449053201082 0.929656274980016 0.06492335437330929 0.9184652278177459 0.058611361587015326 0.915267785771383 0.05500450856627593 0.9176658673061552 0.05139765554553652 0.9320543565147882 0.05049594229035167 0.9536370903277379 0.05184851217312895 0.9768185451638689
0 0.22001803426510372 0.5731414868105515 0.2254283137962128 0.5739408473221423 0.23985572587917042 0.5643485211830536 0.23850315599639313 0.542765787370104 0.2339945897204689 0.5331734612310152 0.22768259693417492 0.5331734612310152 0.2146077547339946 0.5419664268585133 0.21596032461677186 0.5579536370903277 0.22001803426510372 0.5731414868105515
0 0.23083859332732193 0.29096722621902477 0.23309287646528404 0.29416466826538773 0.2515779981965735 0.2885691446842526 0.2633002705139766 0.2797761790567546 0.27366997294860235 0.27577937649880097 0.28043282236248873 0.26938449240607515 0.2781785392245266 0.25099920063948844 0.27592425608656446 0.24620303756994405 0.2727682596934175 0.24540367705835334 0.2569882777276826 0.24620303756994405 0.24571686203787196 0.2541966426858513 0.22633002705139765 0.25819344524380494 0.22723174030658252 0.2765787370103917 0.23083859332732193 0.29096722621902477
0 0.2290351668169522 0.22062350119904078 0.23264201983769162 0.23741007194244604 0.23309287646528404 0.24940047961630699 0.23534715960324618 0.2541966426858513 0.2479711451758341 0.25259792166266987 0.25653742110009015 0.24460431654676262 0.2569882777276826 0.23501199040767387 0.25247971145175835 0.2238209432454037 0.2515779981965735 0.21502797761790568 0.24887285843101895 0.20863309352517986 0.242560865644725 0.2070343725019984 0.23083859332732193 0.2126298960831335 0.2290351668169522 0.21582733812949642 0.2290351668169522 0.22062350119904078
0 0.4044183949504058 0.6754596322941646 0.40577096483318303 0.6786570743405277 0.43507664562669074 0.6986410871302958 0.4386834986474301 0.697841726618705 0.4436429215509468 0.6922462030375699 0.44229035166816955 0.6714628297362111 0.4346257889990983 0.6618705035971224 0.42515779981965734 0.6418864908073542 0.4188458070333634 0.636290967226219 0.4116321009918846 0.636290967226219 0.40622182146077546 0.6490807354116707 0.4044183949504058 0.6562749800159873 0.4044183949504058 0.6754596322941646
0 0.29621280432822367 0.7450039968025579 0.3011722272317403 0.7561950439648283 0.3106402164111813 0.7529976019184652 0.31920649233543735 0.7450039968025579 0.32191163210099194 0.7394084732214229 0.32100991884580704 0.7314148681055157 0.3137962128043282 0.7130295763389289 0.3106402164111813 0.7106314948041567 0.2966636609558161 0.7218225419664269 0.2939585211902615 0.7274180655475619 0.29305680793507666 0.7306155075939249 0.29621280432822367 0.7450039968025579
0 0 0.05275779376498801 0.02614968440036069 0.05275779376498801 0.02614968440036069 0.023980815347721826 0.022091974752028856 0.020783373301358914 0.008115419296663661 0.017585931254996006 0 0.017585931254996006 0 0.05275779376498801
0 0.07348963029756538 0.9160671462829737 0.08836789900811542 0.9184652278177459 0.0915238954012624 0.915267785771383 0.0915238954012624 0.9024780175859313 0.087917042380523 0.8912869704236611 0.08205590622182146 0.8880895283772982 0.07303877366997295 0.8880895283772982 0.0703336339044184 0.8912869704236611 0.07078449053201082 0.9112709832134293 0.07348963029756538 0.9160671462829737