0 0.2412082957619477 0.9480415667466028 0.25473399458972046 0.9464428457234213 0.2587917042380523 0.938449240607514 0.2578899909828674 0.9216626698641087 0.2515779981965735 0.9136690647482014 0.242560865644725 0.9144684252597922 0.239404869251578 0.9224620303756994 0.239404869251578 0.9440447641886491 0.2412082957619477 0.9480415667466028
0 0.9229035166816953 0.15187849720223823 0.9427412082957619 0.15507593924860114 0.9463480613165013 0.1510791366906475 0.9481514878268711 0.12629896083133493 0.9458972046889089 0.11990407673860913 0.9247069431920649 0.12150279776179057 0.9215509467989179 0.13029576338928858 0.9211000901713255 0.14948041566746603 0.9229035166816953 0.15187849720223823
0 0.2560865644724978 0.5699440447641887 0.2678088367899008 0.574740207833733 0.27592425608656446 0.5739408473221423 0.2781785392245266 0.5491606714628298 0.27682596934174936 0.5379696243005596 0.27366997294860235 0.5355715427657874 0.2610459873760144 0.5355715427657874 0.25743913435527505 0.5395683453237411 0.2551848512173129 0.5555555555555556 0.2560865644724978 0.5699440447641887
0 0.18665464382326422 0.8225419664268585 0.18935978358881875 0.832933653077538 0.1934174932371506 0.8361310951239008 0.20288548241659152 0.8377298161470824 0.21055004508566277 0.8353317346123101 0.21009918845807032 0.8025579536370904 0.18755635707844906 0.8017585931254997 0.18620378719567177 0.8041566746602719 0.18665464382326422 0.8225419664268585
0 0.37285843101893595 0.832933653077538 0.3796212804328224 0.8385291766586731 0.3868349864743012 0.8361310951239008 0.38818755635707847 0.8305355715427658 0.38863841298467083 0.8129496402877698 0.38458070333633904 0.7953637090327739 0.3827772768259694 0.7929656274980017 0.37601442741208296 0.7929656274980017 0.37285843101893595 0.7945643485211831 0.37150586113615874 0.7993605115907274 0.3710550045085663 0.8201438848920864 0.37285843101893595 0.832933653077538
0 0.6212804328223626 0.3429256594724221 0.6348061316501352 0.34532374100719426 0.6415689810640216 0.34372501998401284 0.6429215509467989 0.3237410071942446 0.6402164111812444 0.3149480415667466 0.636609558160505 0.3149480415667466 0.6298467087466186 0.31015187849720227 0.6275924256086564 0.3133493205435652 0.6194770063119928 0.31175059952038375 0.6172227231740307 0.3165467625899281 0.6176735798016231 0.3341326938449241 0.6212804328223626 0.3429256594724221
0 0.5130748422001803 0.3405275779376499 0.5189359783588818 0.34532374100719426 0.5266005410279532 0.3429256594724221 0.5293056807935077 0.30295763389288566 0.5261496844003607 0.29576338928856916 0.5049594229035167 0.29256594724220625 0.5022542831379622 0.29576338928856916 0.5013525698827773 0.302158273381295 0.5018034265103697 0.33733013589128696 0.5130748422001803 0.3405275779376499
0 0.4621280432822363 0.10071942446043165 0.46934174932371503 0.10311750599520383 0.47700631199278626 0.1015187849720224 0.4792605951307485 0.09752198241406874 0.4810640216411181 0.08792965627498003 0.4810640216411181 0.07753796962430057 0.47745716862037874 0.07114308553157474 0.45626690712353474 0.06954436450839328 0.4526600541027953 0.0783373301358913 0.45311091073038773 0.09432454036770584 0.4621280432822363 0.10071942446043165
0 0.02885482416591524 0.4924060751398881 0.045987376014427414 0.4908073541167067 0.06762849413886383 0.49640287769784175 0.0703336339044184 0.4804156674660272 0.06853020739404869 0.4708233413269384 0.06311992786293959 0.4668265387689848 0.05004508566275924 0.46442845723421267 0.030207394048692517 0.46522781774580335 0.02614968440036069 0.4708233413269384 0.02569882777276826 0.4836131095123901 0.02885482416591524 0.4924060751398881
0 0.2006311992786294 0.050359712230215826 0.2096483318304779 0.05115907274180656 0.21100090171325517 0.042366107114308556 0.21009918845807032 0.030375699440447643 0.20468890892696123 0.024780175859312553 0.19927862939585214 0.02557953637090328 0.1988277727682597 0.02877697841726619 0.19837691614066724 0.04716227018385292 0.2006311992786294 0.050359712230215826
0 0.8165013525698828 0.548361310951239 0.8340847610459874 0.5523581135091926 0.8417493237150586 0.5491606714628298 0.8417493237150586 0.5179856115107914 0.8399458972046889 0.5115907274180655 0.8331830477908025 0.5027977617905676 0.8282236248872858 0.49880095923261397 0.8210099188458071 0.5003996802557954 0.8178539224526601 0.5059952038369305 0.8151487826871056 0.5187849720223822 0.8146979260595131 0.5355715427657874 0.8165013525698828 0.548361310951239
0 0.5279531109107304 0.5011990407673861 0.5432822362488728 0.5051958433253397 0.5527502254283138 0.5051958433253397 0.5554553651938684 0.5011990407673861 0.5554553651938684 0.4852118305355716 0.5518485121731289 0.47002398081534774 0.5288548241659152 0.4684252597921663 0.5256988277727683 0.47242206235011996 0.5252479711451759 0.4940047961630696 0.5279531109107304 0.5011990407673861
0 0.8358881875563571 0.9712230215827339 0.8566275924256087 0.9704236610711432 0.8588818755635708 0.9560351718625101 0.8588818755635708 0.9480415667466028 0.8570784490532011 0.9440447641886491 0.8412984670874663 0.9408473221422862 0.836789900811542 0.9416466826538769 0.8345356176735799 0.9448441247002399 0.8340847610459874 0.9608313349320544 0.8358881875563571 0.9712230215827339
0 0.8706041478809738 0.36850519584332536 0.8764652840396754 0.37170263788968827 0.8800721370604149 0.3669064748201439 0.8809738503155997 0.34532374100719426 0.8782687105500451 0.33573141486810554 0.8584310189359784 0.3341326938449241 0.8534715960324617 0.33733013589128696 0.8525698827772769 0.34212629896083135 0.8530207394048693 0.3669064748201439 0.8706041478809738 0.36850519584332536
0 0.6541929666366095 0.973621103117506 0.6618575293056808 0.9752198241406874 0.672678088367899 0.9704236610711432 0.672678088367899 0.9496402877697842 0.669522091974752 0.9400479616306955 0.6568981064021642 0.9368505195843326 0.654643823264202 0.9392486011191048 0.65238954012624 0.9496402877697842 0.6519386834986475 0.9664268585131894 0.6541929666366095 0.973621103117506
0 0.9418394950405771 0.41247002398081534 0.9422903516681695 0.4212629896083134 0.9603246167718665 0.4212629896083134 0.9688908926961226 0.41247002398081534 0.9706943192064924 0.4004796163069545 0.9738503155996393 0.39568345323741005 0.978809738503156 0.3980815347721823 0.9945897204688909 0.398880895283773 0.9954914337240758 0.3645083932853717 0.9945897204688909 0.35411670663469225 0.9918845807033364 0.35091926458832934 0.9770063119927863 0.3477218225419665 0.9495040577096483 0.3477218225419665 0.9458972046889089 0.35331734612310156 0.9449954914337241 0.3597122302158273 0.9449954914337241 0.38529176658673064 0.9418394950405771 0.41247002398081534
0 0.3530207394048692 0.5979216626698641 0.35933273219116324 0.5963229416466826 0.35978358881875566 0.574740207833733 0.35662759242560865 0.5667466027178258 0.35121731289449953 0.5635491606714629 0.3440036068530208 0.5635491606714629 0.3412984670874662 0.5731414868105515 0.3417493237150586 0.5947242206235012 0.3530207394048692 0.5979216626698641
0 0.45356176735798015 0.9616306954436452 0.45626690712353474 0.9640287769784173 0.47385031559963936 0.9656274980015987 0.47745716862037874 0.9608313349320544 0.47790802524797116 0.9488409272581935 0.47339945897204694 0.9352517985611511 0.4675383228133454 0.9312549960031975 0.4522091974752029 0.9312549960031975 0.4495040577096483 0.9344524380495605 0.4495040577096483 0.9496402877697842 0.45356176735798015 0.9616306954436452
0 0.7357980162308386 0.2805755395683453 0.7502254283137962 0.28377298161470826 0.7551848512173129 0.2821742605915268 0.7565374211000901 0.2677857713828937 0.7556357078449053 0.25099920063948844 0.739404869251578 0.2470023980815348 0.7366997294860235 0.24860111910471622 0.7339945897204688 0.2597921662669864 0.7335437330928765 0.27098321342925663 0.7357980162308386 0.2805755395683453
0 0.02660054102795311 0.5451638689048761 0.05770964833183048 0.5491606714628298 0.06447249774571685 0.548361310951239 0.06762849413886383 0.5443645083932854 0.06853020739404869 0.521982414068745 0.06762849413886383 0.5171862509992007 0.06492335437330929 0.5147881694644285 0.04959422903516681 0.5123900879296562 0.04147880973850316 0.5051958433253397 0.029756537421100092 0.504396482813749 0.024346257889990983 0.5115907274180655 0.022993688007213707 0.5187849720223822 0.022993688007213707 0.5395683453237411 0.02660054102795311 0.5451638689048761
0 0.2966636609558161 0.3149480415667466 0.31785392245266003 0.3165467625899281 0.32100991884580704 0.31254996003197444 0.32146077547339946 0.27817745803357313 0.31875563570784493 0.27098321342925663 0.3119927862939585 0.2677857713828937 0.2993688007213706 0.2677857713828937 0.2966636609558161 0.2685851318944844 0.2957619477006312 0.27258193445243806 0.29531109107303877 0.3085531574740208 0.2966636609558161 0.3149480415667466
0 0.46032461677186653 0.5843325339728218 0.4621280432822363 0.6027178257394085 0.4720468890892696 0.6067146282973622 0.481965734896303 0.6059152677857713 0.48647430117222723 0.6027178257394085 0.48963029756537424 0.574740207833733 0.4882777276825969 0.5563549160671463 0.4860234445446348 0.5531574740207834 0.4792605951307485 0.5515587529976019 0.4648331830477908 0.5515587529976019 0.4630297565374211 0.5539568345323741 0.4634806131650135 0.565947242206235 0.46032461677186653 0.5843325339728218
0 0.8755635707844905 0.8880895283772982 0.8877366997294861 0.8888888888888888 0.8926961226330028 0.8832933653077538 0.8926961226330028 0.8760991207034373 0.8904418394950405 0.8665067945643485 0.8791704238052299 0.8665067945643485 0.8724075743913436 0.871302957633893 0.8724075743913436 0.8808952837729817 0.8755635707844905 0.8880895283772982
0 0.4558160504959423 0.07114308553157474 0.48016230838593327 0.07034372501998402 0.4815148782687106 0.04796163069544365 0.4792605951307485 0.036770583533173466 0.4720468890892696 0.03437250199840128 0.45626690712353474 0.03437250199840128 0.4526600541027953 0.04316546762589928 0.4522091974752029 0.06155075939248601 0.4558160504959423 0.07114308553157474
0 0.8056807935076646 0.05275779376498801 0.8219116321009919 0.05595523581135092 0.8264201983769162 0.05195843325339729 0.8282236248872858 0.031175059952038373 0.824165915238954 0.018385291766586733 0.8106402164111812 0.017585931254996006 0.806131650135257 0.02238209432454037 0.8043282236248873 0.031175059952038373 0.80297565374211 0.04636290967226219 0.8056807935076646 0.05275779376498801
0 0.19431920649233542 0.04876099120703437 0.19747520288548243 0.04636290967226219 0.19792605951307485 0.030375699440447643 0.19657348963029758 0.023980815347721826 0.18845807033363393 0.023181454836131096 0.18530207394048692 0.02797761790567546 0.18575293056807937 0.04636290967226219 0.19431920649233542 0.04876099120703437
0 0.8859332732191163 0.6227018385291766 0.888638412984671 0.6019184652278178 0.8877366997294861 0.5915267785771383 0.8832281334535618 0.5883293365307755 0.876014427412083 0.5883293365307755 0.8724075743913436 0.5915267785771383 0.872858431018936 0.6235011990407675 0.8859332732191163 0.6227018385291766
0 0.15779981965734896 0.8409272581934453 0.16816952209197475 0.8425259792166268 0.18034265103697025 0.8377298161470824 0.18214607754733994 0.8321342925659473 0.1830477908025248 0.8145483613109513 0.18169522091974755 0.8033573141486812 0.17673579801623085 0.8001598721023181 0.16275924256086563 0.7985611510791367 0.15779981965734896 0.7985611510791367 0.1568981064021641 0.8017585931254997 0.15419296663660956 0.8281374900079936 0.15779981965734896 0.8409272581934453
0 0.0369702434625789 0.19024780175859313 0.04057709648331831 0.19424460431654678 0.06492335437330929 0.19664268585131894 0.06672678088367899 0.18784972022382096 0.06762849413886383 0.1366906474820144 0.03922452660054102 0.13029576338928858 0.03651938683498648 0.14228617106314947 0.0351668169522092 0.16706634692246206 0.0369702434625789 0.19024780175859313
0 0.7772768259693417 0.09512390087929656 0.7853922452660055 0.09832134292565947 0.7903516681695222 0.0959232613908873 0.7917042380522994 0.07993605115907274 0.7899008115419297 0.07513988808952839 0.7777276825969343 0.07274180655475619 0.7736699729486024 0.07593924860111911 0.7736699729486024 0.08553157474020784 0.7772768259693417 0.09512390087929656
0 0.9080252479711453 0.533972821742606 0.9125338142470695 0.5371702637889688 0.9341749323715058 0.5363709032773781 0.9355275022542832 0.5283772981614708 0.9355275022542832 0.5099920063948842 0.933273219116321 0.5075939248601119 0.9287646528403968 0.5051958433253397 0.9147880973850315 0.504396482813749 0.9071235347159603 0.5099920063948842 0.9066726780883679 0.5243804956035172 0.9080252479711453 0.533972821742606
0 0.27682596934174936 0.8041566746602719 0.3011722272317403 0.809752198241407 0.3034265103697024 0.8073541167066347 0.30522993688007216 0.7993605115907274 0.30477908025247974 0.7889688249400479 0.3002705139765554 0.7833733013589129 0.28043282236248873 0.7817745803357314 0.2745716862037872 0.7857713828936851 0.2745716862037872 0.8001598721023181 0.27682596934174936 0.8041566746602719
0 0.20468890892696123 0.9016786570743406 0.21009918845807032 0.8984812150279777 0.21009918845807032 0.8760991207034373 0.19702434625788998 0.8721023181454837 0.19386834986474302 0.8737010391686652 0.1920649233543733 0.8776978417266187 0.19251577998196576 0.8984812150279777 0.20468890892696123 0.9016786570743406
0 0.27592425608656446 0.3069544364508393 0.27141568981064024 0.32933653077537967 0.2763751127141569 0.33733013589128696 0.2844905320108206 0.33892885691446845 0.28764652840396754 0.3341326938449241 0.2903516681695221 0.3133493205435652 0.2903516681695221 0.26458832933653076 0.27547339945897203 0.26538768984812156 0.2732191163210099 0.2717825739408473 0.27412082957619477 0.30055955235811355 0.27592425608656446 0.3069544364508393
0 0.4143372407574391 0.33013589128697046 0.4355275022542831 0.33013589128697046 0.43913435527502254 0.3261390887290168 0.43913435527502254 0.3085531574740208 0.4359783588818755 0.30375699440447645 0.4174932371505861 0.302158273381295 0.4129846708746619 0.3069544364508393 0.4129846708746619 0.3261390887290168 0.4143372407574391 0.33013589128697046
0 0.40892696122633004 0.5987210231814549 0.4269612263300271 0.6011191047162271 0.430117222723174 0.5995203836930456 0.4323715058611362 0.5939248601119105 0.4314697926059513 0.5731414868105515 0.4287646528403968 0.5667466027178258 0.40802524797114514 0.5627498001598722 0.4044183949504058 0.5739408473221423 0.4044183949504058 0.5891286970423661 0.40892696122633004 0.5987210231814549
0 0.9810640216411182 0.3205435651478817 0.9828674481514879 0.3237410071942446 0.9941388638412986 0.32773780975219824 0.9995491433724076 0.32693844924060755 0.9995491433724076 0.30135891286970423 0.9950405770964834 0.2973621103117506 0.9801623083859333 0.2997601918465228 0.9797114517583408 0.31095123900879296 0.9810640216411182 0.3205435651478817
0 0 0.8305355715427658 0.009918845807033363 0.8313349320543566 0.012623985572587917 0.827338129496403 0.012623985572587917 0.8049560351718625 0.008115419296663661 0.7929656274980017 0.004508566275924256 0.7921662669864108 0 0.7929656274980017 0 0.8305355715427658
0 0.2407574391343553 0.4772182254196643 0.24706943192064923 0.47322142286171065 0.2479711451758341 0.4508393285371703 0.24526600541027954 0.44364508393285373 0.23083859332732193 0.44124700239808157 0.22813345356176737 0.4452438049560352 0.22813345356176737 0.4772182254196643 0.2407574391343553 0.4772182254196643
0 0.22227231740306583 0.8385291766586731 0.23309287646528404 0.8385291766586731 0.23489630297565375 0.8361310951239008 0.2357980162308386 0.8161470823341327 0.2321911632100992 0.8081534772182254 0.21911632100991885 0.8057553956834532 0.2168620378719567 0.8073541167066347 0.21550946798917944 0.815347721822542 0.21596032461677186 0.8361310951239008 0.22227231740306583 0.8385291766586731
0 0.7132551848512173 0.5315747402078338 0.7168620378719567 0.5371702637889688 0.7245266005410279 0.5371702637889688 0.7272317403065826 0.5347721822541966 0.7281334535617674 0.5059952038369305 0.7267808836789902 0.495603517186251 0.7209197475202885 0.4924060751398881 0.7123534715960325 0.4924060751398881 0.7100991884580703 0.4948041566746603 0.7100991884580703 0.521982414068745 0.7132551848512173 0.5315747402078338
0 0.8489630297565375 0.9056754596322941 0.8629395852119026 0.906474820143885 0.8642921550946799 0.9032773780975221 0.8647430117222724 0.8800959232613909 0.8615870153291254 0.8585131894484412 0.8584310189359784 0.8521183053557154 0.8503155996393147 0.8513189448441247 0.8485121731289451 0.8521183053557154 0.8453561767357981 0.8657074340527579 0.8458070333633905 0.9032773780975221 0.8489630297565375 0.9056754596322941
0 0.24616771866546439 0.24220623501199043 0.2515779981965735 0.24620303756994405 0.26284941388638416 0.24460431654676262 0.2633002705139766 0.2302158273381295 0.260595130748422 0.21742605915267785 0.2479711451758341 0.21422861710631497 0.24526600541027954 0.21822541966426862 0.24436429215509467 0.23181454836131096 0.24616771866546439 0.24220623501199043
0 0.16771866546438233 0.5651478816946442 0.17357980162308384 0.5683453237410072 0.18935978358881875 0.5691446842525979 0.19116321009918846 0.5635491606714629 0.19116321009918846 0.5491606714628298 0.18890892696122633 0.533972821742606 0.17763751127141567 0.5291766586730615 0.16816952209197475 0.5299760191846523 0.16636609558160506 0.5331734612310152 0.16771866546438233 0.5651478816946442
0 0.9111812443642923 0.4100719424460432 0.9355275022542832 0.4100719424460432 0.9350766456266908 0.3876898481215028 0.9287646528403968 0.3749000799360512 0.9256086564472498 0.37250199840127896 0.9138863841298467 0.37250199840127896 0.9111812443642923 0.37729816147082335 0.9089269612263301 0.38529176658673064 0.9111812443642923 0.4100719424460432
0 0.13706041478809738 0.5771382893685052 0.1510369702434626 0.5827338129496403 0.15779981965734896 0.5827338129496403 0.16140667267808836 0.5787370103916867 0.16230838593327324 0.5531574740207834 0.15915238954012625 0.5467625899280576 0.14878268710550044 0.5459632294164669 0.14382326420198377 0.5411670663469225 0.13976555455365194 0.5403677058353318 0.13660955816050496 0.5435651478816946 0.1339044183949504 0.5587529976019185 0.13345356176735798 0.5707434052757794 0.13706041478809738 0.5771382893685052
0 0.1920649233543733 0.9560351718625101 0.19612263300270513 0.9600319744204637 0.20694319206492334 0.9608313349320544 0.2091974752028855 0.9560351718625101 0.20829576194770064 0.9184652278177459 0.2060414788097385 0.9136690647482014 0.19296663660955815 0.9144684252597922 0.19161406672678089 0.9184652278177459 0.19071235347159604 0.9352517985611511 0.1920649233543733 0.9560351718625101
0 0 0.10231814548361312 0.01848512173128945 0.10551558752997602 0.02073940486925158 0.1015187849720224 0.022091974752028856 0.07354116706634693 0.017132551848512173 0.055155875299760196 0.013074842200180344 0.05275779376498801 0 0.05275779376498801 0 0.10231814548361312
0 0.8629395852119026 0.10391686650679458 0.8868349864743011 0.10551558752997602 0.8881875563570785 0.10311750599520383 0.888638412984671 0.08713029576338929 0.8872858431018936 0.08073541167066348 0.8669972948602345 0.07913669064748202 0.863390441839495 0.08073541167066348 0.8615870153291254 0.08713029576338929 0.8611361587015329 0.10231814548361312 0.8629395852119026 0.10391686650679458
0 0.8854824165915239 0.38609112709832133 0.9089269612263301 0.38609112709832133 0.9125338142470695 0.3733013589128697 0.9107303877366997 0.3469224620303757 0.9030658250676284 0.34212629896083135 0.8899909828674482 0.3405275779376499 0.8868349864743011 0.34212629896083135 0.8850315599639315 0.34852118305355717 0.8836789900811541 0.3828936850519585 0.8854824165915239 0.38609112709832133
0 0.6406672678088369 0.5403677058353318 0.6614066726780884 0.5459632294164669 0.6654643823264202 0.5435651478816946 0.6672678088367898 0.5395683453237411 0.6654643823264202 0.5195843325339728 0.6618575293056808 0.5107913669064749 0.6438232642019839 0.5083932853717026 0.6402164111812444 0.5171862509992007 0.6393146979260594 0.5355715427657874 0.6406672678088369 0.5403677058353318
0 0.5838593327321911 0.5299760191846523 0.5906221821460775 0.5371702637889688 0.5991884580703336 0.5347721822541966 0.6023444544634806 0.5291766586730615 0.602795311091073 0.5243804956035172 0.602795311091073 0.4908073541167067 0.5991884580703336 0.4852118305355716 0.5946798917944094 0.4828137490007994 0.5816050495942291 0.4836131095123901 0.5816050495942291 0.513189448441247 0.5838593327321911 0.5299760191846523
0 0.6370604147880974 0.9992006394884093 0.6375112714156899 0.9872102318145485 0.6339044183949504 0.9784172661870505 0.6235347159603246 0.9792166266986412 0.6194770063119928 0.9856115107913669 0.6194770063119928 0.9992006394884093 0.6370604147880974 0.9992006394884093
0 0.5022542831379622 0.5963229416466826 0.5193868349864743 0.595523581135092 0.5207394048692516 0.5691446842525979 0.5189359783588818 0.5651478816946442 0.5058611361587015 0.5619504396482814 0.5018034265103697 0.5635491606714629 0.5004508566275925 0.5667466027178258 0.5 0.5859312549960032 0.5022542831379622 0.5963229416466826
0 0.42515779981965734 0.26538768984812156 0.4341749323715059 0.26938449240607515 0.44138863841298465 0.26938449240607515 0.4436429215509468 0.266986410871303 0.44454463480613166 0.2565947242206235 0.44274120829576197 0.23741007194244604 0.4386834986474301 0.23501199040767387 0.4287646528403968 0.23501199040767387 0.4247069431920649 0.2414068745003997 0.42335437330928766 0.2613908872901679 0.42515779981965734 0.26538768984812156
0 0.9490532010820559 0.293365307753797 0.9657348963029756 0.29576338928856916 0.9697926059513075 0.29256594724220625 0.9706943192064924 0.26618705035971224 0.9693417493237151 0.2637889688249401 0.9657348963029756 0.26059152677857716 0.9481514878268711 0.2597921662669864 0.9472497745716862 0.2877697841726619 0.9490532010820559 0.293365307753797
0 0.7993688007213706 0.6227018385291766 0.8106402164111812 0.6235011990407675 0.8128944995491433 0.6139088729016786 0.8115419296663661 0.5843325339728218 0.8088367899008116 0.5819344524380495 0.799819657348963 0.5811350919264588 0.7926059513074842 0.5851318944844125 0.7953110910730388 0.6195043964828137 0.7993688007213706 0.6227018385291766
0 0.9531109107303878 0.9808153477218226 0.967087466185753 0.9808153477218226 0.9693417493237151 0.9784172661870505 0.9693417493237151 0.9624300559552359 0.9679891794409378 0.9576338928856915 0.954463480613165 0.9536370903277379 0.9495040577096483 0.9560351718625101 0.9495040577096483 0.9784172661870505 0.9531109107303878 0.9808153477218226
0 0.7678088367899009 0.9992006394884093 0.7687105500450856 0.9888089528377298 0.763751127141569 0.9760191846522782 0.7596934174932372 0.9728217426059154 0.7533814247069431 0.9728217426059154 0.7497745716862038 0.9768185451638689 0.7493237150586113 0.9992006394884093 0.7678088367899009 0.9992006394884093
0 0.7939585211902616 0.876898481215028 0.8011722272317404 0.876898481215028 0.8043282236248873 0.8729016786570745 0.805229936880072 0.8553157474020784 0.8047790802524797 0.8369304556354917 0.8034265103697025 0.832933653077538 0.7786293958521191 0.8297362110311751 0.7759242560865645 0.8345323741007195 0.7750225428313796 0.8441247002398081 0.7754733994589721 0.8729016786570745 0.7939585211902616 0.876898481215028
0 0.41118124436429215 0.4708233413269384 0.4206492335437331 0.4748201438848921 0.4355275022542831 0.4740207833733014 0.436429215509468 0.45483613109512394 0.43507664562669074 0.44364508393285373 0.433273219116321 0.4404476418864908 0.42335437330928766 0.4356514788169465 0.4116321009918846 0.43645083932853723 0.40847610459873757 0.43884892086330934 0.4075743913435528 0.4540367705835332 0.41118124436429215 0.4708233413269384
0 0.9238052299368801 0.05115907274180656 0.930117222723174 0.05275779376498801 0.9382326420198377 0.05115907274180656 0.9400360685302074 0.04876099120703437 0.9418394950405771 0.03597122302158274 0.9355275022542832 0.019984012789768184 0.9305680793507665 0.019184652278177457 0.9251577998196574 0.02238209432454037 0.9224526600541028 0.02557953637090328 0.9215509467989179 0.030375699440447643 0.9215509467989179 0.04716227018385292 0.9238052299368801 0.05115907274180656
0 0.30793507664562675 0.03916866506794565 0.3155996393146979 0.042366107114308556 0.32146077547339946 0.03836930455635491 0.32100991884580704 0.018385291766586733 0.3146979260595131 0.014388489208633094 0.30748422001803427 0.014388489208633094 0.30613165013525695 0.017585931254996006 0.30613165013525695 0.03517186250999201 0.30793507664562675 0.03916866506794565
0 0.3967538322813345 0.8577138289368506 0.4161406672678088 0.8569144684252599 0.4197475202885482 0.8553157474020784 0.42200180342651034 0.850519584332534 0.42290351668169524 0.8313349320543566 0.42155094679891797 0.8265387689848122 0.3981064021641118 0.8257394084732215 0.3954012623985573 0.8297362110311751 0.3944995491433724 0.8353317346123101 0.39404869251577995 0.8521183053557154 0.3967538322813345 0.8577138289368506
0 0.5207394048692516 0.6131095123900879 0.5261496844003607 0.6155075939248602 0.5329125338142471 0.6139088729016786 0.5365193868349865 0.6059152677857713 0.5365193868349865 0.5555555555555556 0.5324616771866546 0.5507593924860112 0.5234445446348062 0.5507593924860112 0.5216411181244364 0.5563549160671463 0.5189359783588818 0.6091127098321344 0.5207394048692516 0.6131095123900879
0 0.04959422903516681 0.09272581934452438 0.05184851217312895 0.10551558752997602 0.060414788097385035 0.10871302957633892 0.0703336339044184 0.10551558752997602 0.06853020739404869 0.08473221422861711 0.06357078449053201 0.06874500399680256 0.06357078449053201 0.06554756195043965 0.06627592425608657 0.0639488409272582 0.06492335437330929 0.060751398880895285 0.06717763751127143 0.05275779376498801 0.0739404869251578 0.05115907274180656 0.07168620378719567 0.036770583533173466 0.06853020739404869 0.030375699440447643 0.05725879170423805 0.024780175859312553 0.05680793507664563 0.02238209432454037 0.04733994589720469 0.02158273381294964 0.04328223624887286 0.029576338928856916 0.04012623985572588 0.050359712230215826 0.03606853020739405 0.05675459632294165 0.03606853020739405 0.07673860911270983 0.04959422903516681 0.09272581934452438
0 0.6767357980162308 0.28936850519584334 0.6785392245266005 0.29256594724220625 0.6844003606853021 0.2949640287769784 0.7046889089269612 0.293365307753797 0.7069431920649234 0.2829736211031175 0.7069431920649234 0.2677857713828937 0.706492335437331 0.2533972821742606 0.7042380522993689 0.2414068745003997 0.700180342651037 0.24060751398880897 0.700180342651037 0.2478017585931255 0.6952209197475203 0.24940047961630699 0.6943192064923354 0.24620303756994405 0.6956717763751128 0.23181454836131096 0.690712353471596 0.22621902478017586 0.6816952209197475 0.2278177458033573 0.6780883678990081 0.23661071143085532 0.6762849413886385 0.26618705035971224 0.6767357980162308 0.28936850519584334
0 0.6925157799819658 0.8609112709832134 0.7078449053201082 0.8641087130295764 0.7132551848512173 0.8641087130295764 0.7141568981064021 0.8617106314948043 0.7146077547339945 0.8377298161470824 0.7132551848512173 0.8289368505195844 0.7100991884580703 0.8233413269384493 0.7024346257889991 0.8217426059152678 0.6983769161406672 0.82414068745004 0.6943192064923354 0.8305355715427658 0.6916140667267809 0.8441247002398081 0.6911632100991884 0.8569144684252599 0.6925157799819658 0.8609112709832134
0 0.7619477006311993 0.5443645083932854 0.7714156898106402 0.542765787370104 0.7745716862037872 0.5211830535571543 0.7745716862037872 0.5099920063948842 0.7727682596934174 0.5027977617905676 0.7678088367899009 0.49800159872102323 0.760595130748422 0.49800159872102323 0.757439134355275 0.5051958433253397 0.757439134355275 0.5419664268585133 0.7619477006311993 0.5443645083932854
0 0.2164111812443643 0.9416466826538769 0.2231740306582507 0.947242206235012 0.23038773669972948 0.9456434852118306 0.2321911632100992 0.9424460431654678 0.23309287646528404 0.9336530775379696 0.22768259693417492 0.9128697042366107 0.22407574391343554 0.9088729016786572 0.21866546438232642 0.9080735411670664 0.2168620378719567 0.9088729016786572 0.21550946798917944 0.9136690647482014 0.215058611361587 0.9360511590727418 0.2164111812443643 0.9416466826538769
0 0.8295761947700632 0.3045563549160672 0.8385933273219116 0.30375699440447645 0.8417493237150586 0.2821742605915268 0.8417493237150586 0.26059152677857716 0.8381424706943192 0.2517985611510791 0.8277727682596934 0.2533972821742606 0.8255184851217313 0.2565947242206235 0.8255184851217313 0.2973621103117506 0.8295761947700632 0.3045563549160672
0 0.7105500450856627 0.36530775379696245 0.7123534715960325 0.36850519584332536 0.7227231740306583 0.37250199840127896 0.7285843101893598 0.37250199840127896 0.7303877366997296 0.37010391686650684 0.7308385933273219 0.3429256594724221 0.7290351668169522 0.33812949640287776 0.715960324616772 0.33573141486810554 0.7132551848512173 0.33733013589128696 0.7119026149684401 0.34212629896083135 0.7123534715960325 0.3557154276578737 0.7105500450856627 0.36530775379696245
0 0.6293958521190262 0.9160671462829737 0.6514878268710551 0.9184652278177459 0.6550946798917944 0.915267785771383 0.6555455365193867 0.8928856914468426 0.6573489630297565 0.8840927258193446 0.6568981064021642 0.8617106314948043 0.6550946798917944 0.8585131894484412 0.6438232642019839 0.8577138289368506 0.6406672678088369 0.8553157474020784 0.630297565374211 0.8569144684252599 0.6289449954914338 0.859312549960032 0.627141568981064 0.8840927258193446 0.6262398557258791 0.9040767386091128 0.6293958521190262 0.9160671462829737
0 0.2862939585211903 0.5899280575539568 0.30613165013525695 0.5971223021582733 0.3106402164111813 0.5947242206235012 0.3119927862939585 0.5707434052757794 0.30793507664562675 0.5531574740207834 0.2862939585211903 0.5507593924860112 0.28268710550045084 0.5611510791366906 0.2822362488728584 0.577937649880096 0.2862939585211903 0.5899280575539568
0 0.6266907123534716 0.016786570743405275 0.6424706943192064 0.020783373301358914 0.6514878268710551 0.020783373301358914 0.6528403967538323 0.018385291766586733 0.6537421100090172 0 0.6257889990982868 0 0.6253381424706943 0.013589128697042365 0.6266907123534716 0.016786570743405275
0 0.30703336339044185 0.9528377298161471 0.3133453561767358 0.9568345323741008 0.32596934174932374 0.9560351718625101 0.32867448151487827 0.9536370903277379 0.3300270513976556 0.9312549960031975 0.3223624887285843 0.9168665067945644 0.3165013525698828 0.9144684252597922 0.3155996393146979 0.9184652278177459 0.3056807935076645 0.9248601119104717 0.30522993688007216 0.9424460431654678 0.30703336339044185 0.9528377298161471
0 0.8471596032461677 0.6099120703437251 0.866546438232642 0.6123101518784972 0.8683498647430118 0.6115107913669064 0.8701532912533815 0.6059152677857713 0.8692515779981966 0.5907274180655476 0.8476104598737602 0.586730615507594 0.8453561767357981 0.5883293365307755 0.8444544634806133 0.5931254996003198 0.8444544634806133 0.6059152677857713 0.8471596032461677 0.6099120703437251
0 0.29080252479711455 0.9128697042366107 0.2917042380522994 0.8888888888888888 0.28990081154192965 0.8840927258193446 0.28268710550045084 0.8816946442845724 0.2723174030658251 0.8824940047961631 0.2723174030658251 0.9128697042366107 0.29080252479711455 0.9128697042366107
0 0.36834986474301173 0.062350119904076746 0.37691614066726786 0.06155075939248601 0.37917042380523 0.050359712230215826 0.37736699729486023 0.02557953637090328 0.37150586113615874 0.02238209432454037 0.3642921550946799 0.02557953637090328 0.3647430117222723 0.059952038369304565 0.36834986474301173 0.062350119904076746