0 0.15599639314697925 0.9992006394884093 0.1582506762849414 0.9944044764188649 0.15779981965734896 0.9880095923261392 0.15509467989179443 0.9832134292565947 0.12714156898106402 0.9832134292565947 0.12578899909828675 0.9888089528377298 0.12623985572587917 0.9992006394884093 0.15599639314697925 0.9992006394884093
0 0.21325518485121733 0.748201438848921 0.22091974752028853 0.748201438848921 0.2583408476104599 0.7386091127098321 0.25924256086564473 0.7298161470823342 0.25743913435527505 0.7258193445243806 0.2511271415689811 0.7250199840127898 0.2344454463480613 0.7290167865707434 0.21731289449954916 0.7298161470823342 0.21009918845807032 0.7338129496402878 0.21145175834084762 0.7458033573141487 0.21325518485121733 0.748201438848921
0 0.04283137962128043 0.6666666666666666 0.06311992786293959 0.6698641087130296 0.06672678088367899 0.6682653876898482 0.06627592425608657 0.6546762589928058 0.06357078449053201 0.6506794564348523 0.04869251577998197 0.64828137490008 0.04057709648331831 0.6506794564348523 0.04057709648331831 0.6634692246203038 0.04283137962128043 0.6666666666666666
0 0.019837691614066726 0.1918465227817746 0.018034265103697024 0.19024780175859313 0.018935978358881875 0.19904076738609114 0.019837691614066726 0.1918465227817746
0 0.016681695220919748 0.16227018385291767 0.015329125338142471 0.16506794564348523 0.015779981965734897 0.16946442845723422 0.0175834084761046 0.15987210231814547 0.022091974752028856 0.1630695443645084 0.023444544634806132 0.16147082334132695 0.022091974752028856 0.15587529976019188 0.01848512173128945 0.1566746602717826 0.01848512173128945 0.15027977617905677 0.014878268710550046 0.15027977617905677 0.014878268710550046 0.15987210231814547 0.016681695220919748 0.16227018385291767
0 0.2678088367899008 0.6314948041566747 0.30252479711451763 0.627498001598721 0.30703336339044185 0.6227018385291766 0.30703336339044185 0.6163069544364509 0.30297565374211 0.6123101518784972 0.2732191163210099 0.6155075939248602 0.2660054102795311 0.6195043964828137 0.2655545536519387 0.6290967226219025 0.2678088367899008 0.6314948041566747
0 0.06898106402164111 0.042366107114308556 0.08025247971145176 0.05195843325339729 0.08521190261496844 0.050359712230215826 0.08476104598737601 0.04316546762589928 0.08205590622182146 0.03836930455635491 0.07123534715960325 0.02877697841726619 0.06537421100090171 0.029576338928856916 0.06537421100090171 0.03517186250999201 0.06898106402164111 0.042366107114308556
0 0 0.7434052757793765 0.014878268710550046 0.7418065547561951 0.015329125338142471 0.7338129496402878 0.012173128944995492 0.7154276578737011 0.0040577096483318306 0.7122302158273383 0 0.7130295763389289 0 0.7434052757793765
0 0.12578899909828675 0.16706634692246206 0.1289449954914337 0.16946442845723422 0.1375112714156898 0.16866506794564348 0.13931469792605952 0.16466826538768983 0.13931469792605952 0.1566746602717826 0.13706041478809738 0.1374900079936051 0.13345356176735798 0.1334932054356515 0.12759242560865644 0.1334932054356515 0.12353471596032461 0.1366906474820144 0.12308385933273219 0.14548361310951238 0.12578899909828675 0.16706634692246206
0 0.11406672678088368 0.17266187050359713 0.12218214607754734 0.17106314948041568 0.12398557258791705 0.16786570743405277 0.12398557258791705 0.1574740207833733 0.12037871956717765 0.14388489208633096 0.11632100991884581 0.1374900079936051 0.11226330027051398 0.13828936850519585 0.10955816050495942 0.14228617106314947 0.11226330027051398 0.17026378896882494 0.11406672678088368 0.17266187050359713
0 0.6713255184851218 0.8689048760991207 0.6952209197475203 0.8792965627498002 0.6997294860234445 0.8792965627498002 0.7015329125338142 0.8760991207034373 0.7019837691614067 0.8649080735411672 0.6992786293958522 0.8569144684252599 0.6735798016230838 0.844924060751399 0.6704238052299368 0.8457234212629897 0.6681695220919748 0.8545163868904877 0.6681695220919748 0.8657074340527579 0.6713255184851218 0.8689048760991207
0 0.25293056807935077 0.6474820143884892 0.2777276825969342 0.6474820143884892 0.2917042380522994 0.642685851318945 0.3056807935076645 0.6418864908073542 0.30748422001803427 0.6402877697841727 0.30793507664562675 0.6354916067146283 0.30613165013525695 0.6306954436450839 0.3034265103697024 0.6290967226219025 0.2673579801623084 0.6322941646682655 0.2623985572587917 0.6354916067146283 0.2538322813345356 0.636290967226219 0.25247971145175835 0.6386890487609912 0.2515779981965735 0.6434852118305356 0.25293056807935077 0.6474820143884892
0 0 0.8673061550759393 0.018935978358881875 0.8665067945643485 0.023444544634806132 0.8633093525179857 0.02660054102795311 0.8569144684252599 0.02614968440036069 0.844924060751399 0.025247971145175834 0.841726618705036 0.02073940486925158 0.8401278976818546 0 0.8433253397282174 0 0.8673061550759393
0 0.20829576194770064 0.6922462030375699 0.21009918845807032 0.6970423661071143 0.21370604147880973 0.6946442845723421 0.24030658250676284 0.6906474820143885 0.24526600541027954 0.6858513189448442 0.24481514878268712 0.6746602717825739 0.24211000901713256 0.6730615507593926 0.2091974752028855 0.6786570743405277 0.2073940486925158 0.6818545163868905 0.20829576194770064 0.6922462030375699
0 0.242560865644725 0.7090327737809753 0.25473399458972046 0.7066346922462031 0.25653742110009015 0.7034372501998403 0.2560865644724978 0.6962430055955237 0.2538322813345356 0.6922462030375699 0.24932371505861137 0.6898481215027978 0.2096483318304779 0.6970423661071143 0.21009918845807032 0.7122302158273383 0.242560865644725 0.7090327737809753
0 0.2894499549143373 0.6938449240607514 0.30748422001803427 0.6922462030375699 0.30928764652840396 0.689048760991207 0.30883678990081154 0.6786570743405277 0.30703336339044185 0.6754596322941646 0.2862939585211903 0.6754596322941646 0.28584310189359785 0.6858513189448442 0.2894499549143373 0.6938449240607514
0 0.21190261496844004 0.7314148681055157 0.2551848512173129 0.7242206235011991 0.2587917042380523 0.7178257394084733 0.2587917042380523 0.7130295763389289 0.2556357078449053 0.709832134292566 0.21009918845807032 0.7138289368505196 0.2096483318304779 0.7274180655475619 0.21190261496844004 0.7314148681055157
0 0.19792605951307485 0.13029576338928858 0.20829576194770064 0.13029576338928858 0.2091974752028855 0.11830535571542766 0.2073940486925158 0.09512390087929656 0.20288548241659152 0.08792965627498003 0.19612263300270513 0.08872901678657075 0.19296663660955815 0.09352517985611512 0.19386834986474302 0.12629896083133493 0.19792605951307485 0.13029576338928858
0 0.6871055004508567 0.6618705035971224 0.6880072137060416 0.6762589928057555 0.6911632100991884 0.6882494004796164 0.6920649233543733 0.7218225419664269 0.6952209197475203 0.7370103916866507 0.6961226330027052 0.7553956834532374 0.6997294860234445 0.771382893685052 0.7096483318304779 0.771382893685052 0.7119026149684401 0.7681854516386891 0.7119026149684401 0.7585931254996003 0.7037871956717764 0.6914468425259792 0.7024346257889991 0.6650679456434853 0.6925157799819658 0.5947242206235012 0.6889089269612263 0.5859312549960032 0.6830477908025249 0.5883293365307755 0.6807935076645627 0.5939248601119105 0.6821460775473399 0.6530775379696243 0.6871055004508567 0.6618705035971224
0 0.008566275924256087 0.7058353317346123 0.018034265103697024 0.7114308553157473 0.024346257889990983 0.709832134292566 0.023895401262398558 0.6882494004796164 0.02254283137962128 0.6834532374100719 0.018935978358881875 0.6818545163868905 0.007664562669071236 0.6842525979216627 0.006762849413886384 0.6962430055955237 0.008566275924256087 0.7058353317346123
0 0.060414788097385035 0.1398880895283773 0.0757439134355275 0.14068745003996805 0.07754733994589721 0.13509192645883294 0.07754733994589721 0.12470023980815349 0.07529305680793508 0.09912070343725021 0.07123534715960325 0.09352517985611512 0.06402164111812444 0.09352517985611512 0.059062218214607755 0.09512390087929656 0.05770964833183048 0.1015187849720224 0.05770964833183048 0.12629896083133493 0.060414788097385035 0.1398880895283773
0 0.06672678088367899 0.7921662669864108 0.09287646528403969 0.7897681854516387 0.09693417493237151 0.7865707434052758 0.09963931469792607 0.7793764988009593 0.10595130748422002 0.78017585931255 0.10955816050495942 0.7745803357314149 0.109107303877367 0.7681854516386891 0.10685302073940486 0.7665867306155076 0.07799819657348962 0.7673860911270984 0.06266907123534717 0.771382893685052 0.06311992786293959 0.7857713828936851 0.06672678088367899 0.7921662669864108
0 0.26825969341749323 0.6147082334132695 0.28268710550045084 0.6123101518784972 0.2862939585211903 0.6067146282973622 0.28584310189359785 0.6019184652278178 0.28313796212804326 0.5987210231814549 0.26916140667267807 0.5987210231814549 0.2655545536519387 0.6027178257394085 0.2655545536519387 0.6107114308553158 0.26825969341749323 0.6147082334132695
0 0.03967538322813345 0.7985611510791367 0.04147880973850316 0.8041566746602719 0.05770964833183048 0.8057553956834532 0.061316501352569885 0.8033573141486812 0.06176735798016231 0.7897681854516387 0.060414788097385035 0.7857713828936851 0.04824165915238954 0.7817745803357314 0.04102795311091073 0.7841726618705037 0.03967538322813345 0.7865707434052758 0.03967538322813345 0.7985611510791367
0 0.15734896302975654 0.02238209432454037 0.16321009918845808 0.02717825739408473 0.16816952209197475 0.026378896882494004 0.16952209197475201 0.023980815347721826 0.16997294860234446 0.01598721023181455 0.16816952209197475 0.010391686650679457 0.15509467989179443 0 0.1510369702434626 0.002398081534772182 0.15058611361587015 0.011990407673860913 0.15734896302975654 0.02238209432454037
0 0.2889990982867448 0.6778577138289369 0.30703336339044185 0.6778577138289369 0.3097385031559964 0.6722621902478018 0.30793507664562675 0.6642685851318945 0.30387736699729484 0.6610711430855316 0.2862939585211903 0.6610711430855316 0.2844905320108206 0.6642685851318945 0.28539224526600543 0.6754596322941646 0.2889990982867448 0.6778577138289369
0 0.6298467087466186 0.8665067945643485 0.6483318304779081 0.8745003996802558 0.6505861136158702 0.8776978417266187 0.6568981064021642 0.8776978417266187 0.6614066726780884 0.8721023181454837 0.6614066726780884 0.8585131894484412 0.6573489630297565 0.8545163868904877 0.6406672678088369 0.8465227817745804 0.6284941388638413 0.8489208633093526 0.6275924256086564 0.859312549960032 0.6298467087466186 0.8665067945643485
0 0.13345356176735798 0.03517186250999201 0.14201983769161408 0.03517186250999201 0.1460775473399459 0.0319744204636291 0.14517583408476106 0.015187849720223821 0.1406672678088368 0.005595523581135092 0.1339044183949504 0.007993605115907274 0.13119927862939584 0.011990407673860913 0.1316501352569883 0.030375699440447643 0.13345356176735798 0.03517186250999201
0 0.2146077547339946 0.762589928057554 0.2551848512173129 0.7561950439648283 0.2601442741208296 0.7513988808952838 0.2583408476104599 0.7410071942446044 0.21235347159603246 0.7498001598721024 0.21190261496844004 0.756994404476419 0.2146077547339946 0.762589928057554
0 0.033363390441839495 0.013589128697042365 0.045536519386834985 0.015187849720223821 0.05004508566275924 0.014388489208633094 0.05365193868349865 0.010391686650679457 0.05320108205590622 0 0.031559963931469794 0 0.031559963931469794 0.009592326139088728 0.033363390441839495 0.013589128697042365
0 0.2889990982867448 0.7050359712230216 0.29305680793507666 0.7090327737809753 0.3119927862939585 0.7058353317346123 0.3106402164111813 0.6986410871302958 0.30703336339044185 0.6946442845723421 0.2885482416591524 0.695443645083933 0.28764652840396754 0.6994404476418865 0.2889990982867448 0.7050359712230216
0 0.15419296663660956 0.9192645883293366 0.15599639314697925 0.9128697042366107 0.15599639314697925 0.9072741806554757 0.15419296663660956 0.9032773780975221 0.1375112714156898 0.9040767386091128 0.12939585211902616 0.9088729016786572 0.130297565374211 0.9216626698641087 0.15419296663660956 0.9192645883293366