0 0.5049594229035167 0.809752198241407 0.5121731289449956 0.8145483613109513 0.5162308385933273 0.8145483613109513 0.5193868349864743 0.809752198241407 0.5238954012623985 0.7881694644284573 0.5184851217312895 0.7793764988009593 0.5085662759242561 0.7761790567545964 0.5040577096483319 0.7961630695443646 0.5036068530207394 0.806554756195044 0.5049594229035167 0.809752198241407
0 0.1654643823264202 0.49960031974420466 0.16862037871956717 0.5003996802557954 0.17538322813345356 0.4940047961630696 0.17853922452660054 0.4860111910471623 0.178990081154193 0.4772182254196643 0.17538322813345356 0.46522781774580335 0.17177637511271418 0.46203037569944044 0.1672678088367899 0.46203037569944044 0.16230838593327324 0.4668265387689848 0.15779981965734896 0.48441247002398086 0.1582506762849414 0.49160671462829736 0.1654643823264202 0.49960031974420466
0 0.07799819657348962 0.3645083932853717 0.08205590622182146 0.3645083932853717 0.087917042380523 0.35891286970423664 0.09377817853922453 0.34212629896083135 0.09242560865644725 0.33573141486810554 0.087917042380523 0.32773780975219824 0.07484220018034266 0.31175059952038375 0.06943192064923355 0.3133493205435652 0.06311992786293959 0.328537170263789 0.06266907123534717 0.3413269384492406 0.07799819657348962 0.3645083932853717
0 0.49639314697926057 0.1574740207833733 0.5081154192966637 0.16626698641087131 0.5126239855725879 0.16386890487609912 0.5180342651036971 0.14388489208633096 0.5180342651036971 0.1366906474820144 0.5126239855725879 0.12629896083133493 0.49864743011722273 0.11510791366906475 0.49413886384129846 0.11830535571542766 0.4905320108205591 0.1366906474820144 0.4905320108205591 0.14468425259792167 0.49639314697926057 0.1574740207833733
0 0.49729486023444547 0.4260591526778577 0.5040577096483319 0.4260591526778577 0.5094679891794409 0.41167066346922465 0.5090171325518486 0.4028776978417266 0.5072137060414789 0.3980815347721823 0.49323715058611367 0.381294964028777 0.48782687105500455 0.3820943245403677 0.4837691614066727 0.39488409272581937 0.4810640216411181 0.4108713029576339 0.49729486023444547 0.4260591526778577
0 0.42831379621280435 0.16626698641087131 0.44229035166816955 0.1774580335731415 0.44679891794409377 0.17585931254996007 0.4499549143372408 0.17026378896882494 0.4517583408476105 0.15347721822541965 0.4486023444544635 0.1398880895283773 0.433273219116321 0.12949640287769784 0.4260595130748422 0.1310951239008793 0.42425608656447256 0.1366906474820144 0.42335437330928766 0.15827338129496404 0.42831379621280435 0.16626698641087131
0 0.4504057709648332 0.22462030375699443 0.4540126239855726 0.22462030375699443 0.45626690712353474 0.2214228617106315 0.46167718665464386 0.2038369304556355 0.46077547339945896 0.19824140687450043 0.4526600541027953 0.18784972022382096 0.4499549143372408 0.18705035971223025 0.4463480613165014 0.1894484412470024 0.44183949504057707 0.19984012789768185 0.44183949504057707 0.21342925659472425 0.4504057709648332 0.22462030375699443
0 0.5428313796212805 0.49960031974420466 0.548692515779982 0.49880095923261397 0.5522993688007214 0.4876099120703437 0.5500450856627592 0.47322142286171065 0.539224526600541 0.4636290967226219 0.5360685302073941 0.4636290967226219 0.5297565374211001 0.4804156674660272 0.5306582506762849 0.48840927258193445 0.5428313796212805 0.49960031974420466
0 0.9598737601442742 0.042366107114308556 0.9761045987376015 0.042366107114308556 0.978809738503156 0.03916866506794565 0.9783588818755636 0.024780175859312553 0.9743011722272317 0.01598721023181455 0.9630297565374212 0.016786570743405275 0.9562669071235348 0.02238209432454037 0.9562669071235348 0.031175059952038373 0.9598737601442742 0.042366107114308556
0 0.9310189359783588 0.00319744204636291 0.933273219116321 0.003996802557953637 0.9346257889990982 0 0.9310189359783588 0 0.9310189359783588 0.00319744204636291
0 0.13660955816050496 0.05115907274180656 0.14021641118124437 0.05435651478816946 0.14833183047790804 0.05195843325339729 0.14878268710550044 0.04156674660271783 0.14652840396753833 0.03357314148681055 0.14833183047790804 0.019184652278177457 0.1442741208295762 0.010391686650679457 0.13796212804328223 0.003996802557953637 0.13300270513976556 0.003996802557953637 0.1266907123534716 0.018385291766586733 0.1266907123534716 0.02877697841726619 0.13660955816050496 0.05115907274180656
0 0.8868349864743011 0.6051159072741806 0.8944995491433724 0.6067146282973622 0.8994589720468892 0.595523581135092 0.8999098286744815 0.5811350919264588 0.8949504057709649 0.5739408473221423 0.8863841298467088 0.5723421262989609 0.8836789900811541 0.5771382893685052 0.8823264201983769 0.5843325339728218 0.8814247069431921 0.5995203836930456 0.8868349864743011 0.6051159072741806
0 0.3160504959422904 0.6650679456434853 0.32822362488728585 0.6738609112709832 0.3313796212804328 0.6714628297362111 0.33498647430117223 0.6634692246203038 0.3363390441839495 0.6514788169464429 0.33498647430117223 0.6458832933653078 0.33047790802524796 0.6386890487609912 0.32100991884580704 0.6338928856914469 0.31244364292155097 0.6538768984812151 0.31244364292155097 0.6594724220623502 0.3160504959422904 0.6650679456434853
0 0.9044183949504058 0.9288569144684253 0.9075743913435527 0.9360511590727418 0.9170423805229937 0.947242206235012 0.9215509467989179 0.9496402877697842 0.9251577998196574 0.9480415667466028 0.9292155094679891 0.9408473221422862 0.9310189359783588 0.9280575539568345 0.9265103697024346 0.915267785771383 0.9220018034265104 0.9080735411670664 0.9156898106402165 0.9032773780975221 0.9107303877366997 0.9032773780975221 0.9071235347159603 0.9112709832134293 0.9044183949504058 0.9216626698641087 0.9044183949504058 0.9288569144684253
0 0.7128043282236249 0.31254996003197444 0.7267808836789902 0.3237410071942446 0.7335437330928765 0.32454036770583533 0.736248872858431 0.31894484412470026 0.736248872858431 0.3061550759392486 0.7204688908926962 0.28936850519584334 0.7164111812443643 0.28936850519584334 0.7146077547339945 0.29176658673061556 0.7114517583408476 0.302158273381295 0.7110009017132553 0.3077537969624301 0.7128043282236249 0.31254996003197444
0 0.3128944995491434 0.827338129496403 0.3205590622182146 0.8401278976818546 0.32281334535617673 0.8393285371702638 0.3309287646528404 0.82414068745004 0.3309287646528404 0.8033573141486812 0.32461677186654647 0.7833733013589129 0.31875563570784493 0.7841726618705037 0.3146979260595131 0.7881694644284573 0.31244364292155097 0.7937649880095924 0.31109107303877365 0.8209432454036771 0.3128944995491434 0.827338129496403
0 0.45897204688908927 0.9800159872102319 0.4594229035166817 0.9840127897681855 0.4634806131650135 0.9840127897681855 0.46844003606853024 0.9896083133493206 0.47385031559963936 0.9896083133493206 0.47745716862037874 0.9856115107913669 0.4824165915238954 0.973621103117506 0.4824165915238954 0.9680255795363709 0.4806131650135257 0.9632294164668266 0.4675383228133454 0.9480415667466028 0.4630297565374211 0.9496402877697842 0.4571686203787196 0.9696243005595524 0.45626690712353474 0.9784172661870505 0.45897204688908927 0.9800159872102319
0 0.7326420198376916 0.49800159872102323 0.7448151487826871 0.5099920063948842 0.7515779981965736 0.5115907274180655 0.7560865644724978 0.5051958433253397 0.7565374211000901 0.4940047961630696 0.7524797114517583 0.48840927258193445 0.7484220018034266 0.4772182254196643 0.7448151487826871 0.4740207833733014 0.7357980162308386 0.47242206235011996 0.729936880072137 0.486810551558753 0.7294860234445446 0.4908073541167067 0.7326420198376916 0.49800159872102323
0 0.031559963931469794 0.3501199040767386 0.03922452660054102 0.3581135091926459 0.046889089269612265 0.35651478816946447 0.0563570784490532 0.33573141486810554 0.05275022542831379 0.3133493205435652 0.045987376014427414 0.30295763389288566 0.04102795311091073 0.2997601918465228 0.03606853020739405 0.302158273381295 0.02254283137962128 0.32454036770583533 0.02164111812443643 0.3341326938449241 0.031559963931469794 0.3501199040767386
0 0.04283137962128043 0.5667466027178258 0.046889089269612265 0.5675459632294165 0.05049594229035167 0.5643485211830536 0.05500450856627593 0.5539568345323741 0.05500450856627593 0.5499600319744204 0.04959422903516681 0.533972821742606 0.04328223624887286 0.5267785771382895 0.03967538322813345 0.5283772981614708 0.031559963931469794 0.542765787370104 0.032461677186654644 0.5523581135091926 0.04283137962128043 0.5667466027178258
0 0.27141568981064024 0.04316546762589928 0.27862939585211904 0.04476418864908074 0.28268710550045084 0.03916866506794565 0.28268710550045084 0.023181454836131096 0.28088367899008115 0.017585931254996006 0.27592425608656446 0.011191047162270184 0.27186654643823266 0.009592326139088728 0.2660054102795311 0.02238209432454037 0.2651036970243463 0.031175059952038373 0.27141568981064024 0.04316546762589928
0 0.12714156898106402 0.31015187849720227 0.13615870153291254 0.32693844924060755 0.14021641118124437 0.32693844924060755 0.1460775473399459 0.32214228617106316 0.1492335437330929 0.31414868105515587 0.14878268710550044 0.3045563549160672 0.14517583408476106 0.29896083133493206 0.1339044183949504 0.2901678657074341 0.1284941388638413 0.2949640287769784 0.1266907123534716 0.302158273381295 0.12714156898106402 0.31015187849720227
0 0.013525698827772768 0.513189448441247 0.024346257889990983 0.5307753796962431 0.02660054102795311 0.5307753796962431 0.032461677186654644 0.5243804956035172 0.03787195671776375 0.5091926458832934 0.030207394048692517 0.49720223820943243 0.019837691614066726 0.486810551558753 0.015329125338142471 0.48840927258193445 0.012173128944995492 0.49880095923261397 0.011722272317403066 0.504396482813749 0.013525698827772768 0.513189448441247
0 0.891794409377818 0.8545163868904877 0.9102795311091073 0.8705035971223022 0.9147880973850315 0.8665067945643485 0.9179440937781785 0.8561151079136692 0.9170423805229937 0.8489208633093526 0.9143372407574392 0.8441247002398081 0.8976555455365194 0.827338129496403 0.89404869251578 0.8321342925659473 0.890892696122633 0.8441247002398081 0.8904418394950405 0.8521183053557154 0.891794409377818 0.8545163868904877
0 0.8101893597835889 0.9648281374900081 0.8174030658250677 0.9744204636290967 0.8205590622182147 0.9728217426059154 0.8255184851217313 0.9600319744204637 0.8255184851217313 0.9512390087929657 0.8232642019837692 0.9448441247002399 0.8187556357078449 0.9392486011191048 0.8133453561767359 0.9368505195843326 0.8101893597835889 0.9400479616306955 0.8083859332732191 0.9464428457234213 0.8079350766456267 0.9560351718625101 0.8101893597835889 0.9648281374900081
0 0.6614066726780884 0.7170263788968825 0.6668169522091975 0.7234212629896084 0.6704238052299368 0.7242206235011991 0.6740306582506763 0.7202238209432456 0.6794409377817855 0.7066346922462031 0.6798917944093779 0.6986410871302958 0.6762849413886385 0.6882494004796164 0.6722272317403066 0.6842525979216627 0.6677186654643824 0.6842525979216627 0.6632100991884582 0.6898481215027978 0.6591523895401262 0.7074340527577938 0.6591523895401262 0.7122302158273383 0.6614066726780884 0.7170263788968825
0 0.9107303877366997 0.13589128697042366 0.9152389540126239 0.13589128697042366 0.9170423805229937 0.13269384492406078 0.9179440937781785 0.12310151878497202 0.9152389540126239 0.11750599520383694 0.8724075743913436 0.0815347721822542 0.8692515779981966 0.07993605115907274 0.8656447249774571 0.08393285371702638 0.8660955816050496 0.09672262190247803 0.9107303877366997 0.13589128697042366
0 0.13300270513976556 0.15507593924860114 0.13931469792605952 0.15587529976019188 0.14382326420198377 0.1486810551558753 0.14517583408476106 0.14228617106314947 0.14382326420198377 0.1310951239008793 0.130297565374211 0.1111111111111111 0.1266907123534716 0.11191047162270185 0.12308385933273219 0.12310151878497202 0.12263300270513977 0.1374900079936051 0.13300270513976556 0.15507593924860114
0 0.8660955816050496 0.7521982414068745 0.8764652840396754 0.7577937649880097 0.8800721370604149 0.7553956834532374 0.8805229936880072 0.7450039968025579 0.8773669972948602 0.7338129496402878 0.872858431018936 0.7258193445243806 0.869702434625789 0.7218225419664269 0.8669972948602345 0.7226219024780176 0.8629395852119026 0.7314148681055157 0.8620378719567178 0.7426059152677859 0.8660955816050496 0.7521982414068745
0 0.7741208295761948 0.9256594724220625 0.7741208295761948 0.9312549960031975 0.7795311091073039 0.9400479616306955 0.7889990982867447 0.947242206235012 0.793507664562669 0.947242206235012 0.796663660955816 0.9424460431654678 0.8002705139765555 0.9280575539568345 0.8007213706041478 0.9104716227018386 0.7989179440937783 0.906474820143885 0.7889990982867447 0.9000799360511591 0.7853922452660055 0.8992805755395684 0.7826871055004508 0.9024780175859313 0.7808836789900812 0.9104716227018386 0.7741208295761948 0.9256594724220625
0 0.33724075743913434 0.5995203836930456 0.3489630297565374 0.6099120703437251 0.3539224526600541 0.6059152677857713 0.35617673579801623 0.5947242206235012 0.35617673579801623 0.5835331734612311 0.3530207394048692 0.5763389288569145 0.34220018034265104 0.5691446842525979 0.33859332732191166 0.5691446842525979 0.3345356176735798 0.5811350919264588 0.3340847610459874 0.5931254996003198 0.33724075743913434 0.5995203836930456
0 0.029305680793507663 0.16227018385291767 0.03201082055906222 0.17026378896882494 0.04328223624887286 0.18625099920063948 0.046889089269612265 0.18784972022382096 0.0509467989179441 0.1838529176658673 0.05725879170423805 0.16866506794564348 0.05725879170423805 0.16067146282973624 0.0509467989179441 0.14468425259792167 0.04012623985572588 0.1342925659472422 0.03651938683498648 0.1342925659472422 0.031559963931469794 0.14308553157474022 0.029305680793507663 0.15347721822541965 0.029305680793507663 0.16227018385291767
0 0.9138863841298467 0.7825739408473221 0.9265103697024346 0.7905675459632294 0.9323715058611362 0.7969624300559552 0.9355275022542832 0.7953637090327739 0.9427412082957619 0.7825739408473221 0.9467989179440939 0.7577937649880097 0.9391343552750226 0.7498001598721024 0.9260595130748422 0.7418065547561951 0.9211000901713255 0.7418065547561951 0.9179440937781785 0.7458033573141487 0.9116321009918846 0.7689848121502798 0.9116321009918846 0.7793764988009593 0.9138863841298467 0.7825739408473221
0 0.3065825067628494 0.9184652278177459 0.32416591523895405 0.9312549960031975 0.33047790802524796 0.9288569144684253 0.33543733092876465 0.9112709832134293 0.33498647430117223 0.9040767386091128 0.3313796212804328 0.8968824940047961 0.3165013525698828 0.8848920863309353 0.3133453561767358 0.8848920863309353 0.31109107303877365 0.8880895283772982 0.3056807935076645 0.906474820143885 0.30522993688007216 0.9144684252597922 0.3065825067628494 0.9184652278177459
0 0.18800721370604148 0.5083932853717026 0.19251577998196576 0.5123900879296562 0.19927862939585214 0.5139888089528377 0.2037871956717764 0.5091926458832934 0.20559062218214608 0.4948041566746603 0.20018034265103696 0.4828137490007994 0.19477006311992787 0.4804156674660272 0.18935978358881875 0.4908073541167067 0.18710550045085664 0.49880095923261397 0.18800721370604148 0.5083932853717026
0 0.5446348061316502 0.7761790567545964 0.563570784490532 0.7961630695443646 0.5703336339044184 0.7929656274980017 0.5748422001803427 0.7825739408473221 0.5748422001803427 0.7665867306155076 0.5671776375112715 0.7593924860111911 0.5608656447249775 0.7498001598721024 0.5536519386834987 0.7442046362909672 0.5500450856627592 0.7442046362909672 0.5428313796212805 0.7617905675459633 0.542380522993688 0.7697841726618705 0.5446348061316502 0.7761790567545964
0 0.28990081154192965 0.6402877697841727 0.30703336339044185 0.6554756195043965 0.31109107303877365 0.6546762589928058 0.3174030658250676 0.6410871302957634 0.31920649233543735 0.6322941646682655 0.31920649233543735 0.6235011990407675 0.3155996393146979 0.6123101518784972 0.3002705139765554 0.6003197442046363 0.29621280432822367 0.6011191047162271 0.29305680793507666 0.6059152677857713 0.2862939585211903 0.6266986410871304 0.2862939585211903 0.6330935251798562 0.28990081154192965 0.6402877697841727
0 0.5193868349864743 0.8832933653077538 0.5410279531109107 0.8904876099120704 0.5468890892696122 0.8816946442845724 0.5504959422903517 0.8697042366107114 0.5504959422903517 0.8601119104716227 0.5482416591523895 0.8529176658673061 0.5410279531109107 0.8433253397282174 0.5333633904418394 0.8361310951239008 0.5288548241659152 0.8361310951239008 0.5225428313796213 0.8489208633093526 0.5166816952209198 0.8729016786570745 0.5166816952209198 0.8800959232613909 0.5193868349864743 0.8832933653077538
0 0.5644724977457168 0.8896882494004797 0.5676284941388638 0.8960831334932055 0.5712353471596032 0.8968824940047961 0.5743913435527502 0.894484412470024 0.5811541929666366 0.8760991207034373 0.5843101893597836 0.859312549960032 0.5843101893597836 0.8521183053557154 0.5811541929666366 0.8425259792166268 0.5631199278629396 0.8201438848920864 0.560414788097385 0.8217426059152678 0.5568079350766456 0.8297362110311751 0.5518485121731289 0.8513189448441247 0.5513976555455365 0.8752997601918465 0.5644724977457168 0.8896882494004797
0 0.17989179440937783 0.8353317346123101 0.18665464382326422 0.841726618705036 0.19071235347159604 0.8425259792166268 0.19657348963029758 0.8345323741007195 0.20108205590622183 0.8177458033573143 0.20108205590622183 0.809752198241407 0.19927862939585214 0.8049560351718625 0.19161406672678089 0.8025579536370904 0.178990081154193 0.7897681854516387 0.17538322813345356 0.7905675459632294 0.1708746618575293 0.8017585931254997 0.16862037871956717 0.8169464428457234 0.17989179440937783 0.8353317346123101
0 0.2497745716862038 0.30055955235811355 0.26149684400360684 0.31254996003197444 0.2651036970243463 0.31175059952038375 0.26825969341749323 0.3077537969624301 0.2727682596934175 0.29576338928856916 0.2732191163210099 0.2901678657074341 0.27051397655545534 0.2765787370103917 0.2515779981965735 0.2549960031974421 0.24706943192064923 0.25819344524380494 0.2407574391343553 0.2749800159872102 0.2407574391343553 0.2877697841726619 0.2497745716862038 0.30055955235811355
0 0.1956717763751127 0.8609112709832134 0.20288548241659152 0.8673061550759393 0.20694319206492334 0.8673061550759393 0.21370604147880973 0.8561151079136692 0.21731289449954916 0.8457234212629897 0.218214607754734 0.8377298161470824 0.2146077547339946 0.8305355715427658 0.21325518485121733 0.8209432454036771 0.21100090171325517 0.8161470823341327 0.20468890892696123 0.8129496402877698 0.20243462578899912 0.815347721822542 0.19431920649233542 0.8393285371702638 0.19071235347159604 0.8441247002398081 0.19116321009918846 0.853717026378897 0.1956717763751127 0.8609112709832134
0 0.3678990081154193 0.6338928856914469 0.37330928764652843 0.6410871302957634 0.37691614066726786 0.6410871302957634 0.3836789900811542 0.6298960831334932 0.38818755635707847 0.6131095123900879 0.38999098286744815 0.595523581135092 0.3827772768259694 0.5835331734612311 0.37691614066726786 0.5803357314148682 0.37285843101893595 0.5811350919264588 0.36880072137060416 0.5899280575539568 0.3651938683498648 0.6107114308553158 0.3651938683498648 0.6250999200639489 0.3678990081154193 0.6338928856914469
0 0.40892696122633004 0.0671462829736211 0.4174932371505861 0.07913669064748202 0.4314697926059513 0.09112709832134293 0.4355275022542831 0.0903277378097522 0.43958521190261496 0.08313349320543566 0.4431920649233544 0.07034372501998402 0.44274120829576197 0.0639488409272582 0.43913435527502254 0.05435651478816946 0.4287646528403968 0.03996802557953637 0.4147880973850316 0.031175059952038373 0.41073038773669973 0.03357314148681055 0.4075743913435528 0.045563549160671464 0.40667267808836793 0.05675459632294165 0.40892696122633004 0.0671462829736211
0 0.4116321009918846 0.21662669864108713 0.4174932371505861 0.21582733812949642 0.42335437330928766 0.19984012789768185 0.42290351668169524 0.19344524380495606 0.4147880973850316 0.1774580335731415 0.40937781785392247 0.17905675459632295 0.4030658250676285 0.19024780175859313 0.4030658250676285 0.20623501199040767 0.4116321009918846 0.21662669864108713
0 0.7962128043282236 0.5299760191846523 0.8020739404869252 0.533972821742606 0.8083859332732191 0.5323741007194245 0.8142470694319207 0.5355715427657874 0.8196573489630298 0.5227817745803358 0.8196573489630298 0.5155875299760192 0.8183047790802525 0.5123900879296562 0.8115419296663661 0.5075939248601119 0.8070333633904418 0.49720223820943243 0.8007213706041478 0.4924060751398881 0.7971145175834086 0.4924060751398881 0.7957619477006312 0.4948041566746603 0.7921550946798918 0.5107913669064749 0.7921550946798918 0.5235811350919265 0.7962128043282236 0.5299760191846523
0 0 0.5875299760191847 0.008566275924256087 0.5947242206235012 0.01848512173128945 0.5859312549960032 0.02254283137962128 0.577937649880096 0.022993688007213707 0.5731414868105515 0.014878268710550046 0.5515587529976019 0.008566275924256087 0.5443645083932854 0.002705139765554554 0.5435651478816946 0 0.5467625899280576 0 0.5875299760191847
0 0.15238954012623987 0.39168665067945646 0.1672678088367899 0.4092725819344525 0.17177637511271418 0.4092725819344525 0.17538322813345356 0.40447641886490815 0.1830477908025248 0.38529176658673064 0.18169522091974755 0.37729816147082335 0.17177637511271418 0.3605115907274181 0.16907123534715962 0.35891286970423664 0.1618575293056808 0.3645083932853717 0.1532912533814247 0.38049560351718625 0.151487826871055 0.38609112709832133 0.15238954012623987 0.39168665067945646
0 0.770063119927863 0.49800159872102323 0.7799819657348963 0.5067945643485212 0.7831379621280433 0.5075939248601119 0.7858431018935979 0.5051958433253397 0.7889990982867447 0.49640287769784175 0.7867448151487827 0.4836131095123901 0.7804328223624887 0.47641886490807356 0.7741208295761948 0.4756195043964829 0.7696122633002704 0.486810551558753 0.7687105500450856 0.4940047961630696 0.770063119927863 0.49800159872102323
0 0.6375112714156899 0.9392486011191048 0.6541929666366095 0.9528377298161471 0.657799819657349 0.9536370903277379 0.6623083859332732 0.9424460431654678 0.6623083859332732 0.9352517985611511 0.6591523895401262 0.9272581934452439 0.6451758340847611 0.9128697042366107 0.6402164111812444 0.915267785771383 0.6352569882777277 0.9248601119104717 0.6348061316501352 0.9328537170263789 0.6375112714156899 0.9392486011191048
0 0.5536519386834987 0.5899280575539568 0.5608656447249775 0.592326139088729 0.5640216411181245 0.5891286970423661 0.5680793507664563 0.577937649880096 0.5694319206492335 0.5707434052757794 0.5685302073940487 0.5595523581135092 0.5532010820559062 0.5379696243005596 0.5500450856627592 0.5363709032773781 0.5464382326420198 0.5387689848121503 0.539224526600541 0.5555555555555556 0.539224526600541 0.5755395683453238 0.5536519386834987 0.5899280575539568
0 0.35662759242560865 0.390087929656275 0.36880072137060416 0.3996802557953637 0.37330928764652843 0.3996802557953637 0.3800721370604148 0.39168665067945646 0.3818755635707845 0.37969624300559557 0.3796212804328224 0.36850519584332536 0.3660955816050496 0.3573141486810552 0.36113615870153287 0.3597122302158273 0.357980162308386 0.36530775379696245 0.35527502254283133 0.3764988009592326 0.35482416591523896 0.3836930455635492 0.35662759242560865 0.390087929656275
0 0.5225428313796213 0.1894484412470024 0.5252479711451759 0.19664268585131894 0.5320108205590622 0.2030375699440448 0.5387736699729486 0.2006394884092726 0.5482416591523895 0.18625099920063948 0.5500450856627592 0.17985611510791366 0.5500450856627592 0.1750599520383693 0.5473399458972047 0.16946442845723422 0.5459873760144275 0.16067146282973624 0.5414788097385032 0.15347721822541965 0.5333633904418394 0.14628297362110312 0.5302073940486925 0.14708233413269386 0.5284039675383229 0.15187849720223823 0.5270513976555455 0.16626698641087131 0.524346257889991 0.17106314948041568 0.5220919747520288 0.18465227817745802 0.5225428313796213 0.1894484412470024
0 0.2578899909828674 0.5011990407673861 0.2673579801623084 0.5091926458832934 0.2723174030658251 0.5091926458832934 0.27682596934174936 0.49640287769784175 0.2781785392245266 0.48201438848920863 0.2727682596934175 0.47002398081534774 0.26465284039675385 0.4668265387689848 0.260595130748422 0.47242206235011996 0.2569882777276826 0.48920863309352525 0.25653742110009015 0.49800159872102323 0.2578899909828674 0.5011990407673861
0 0.2344454463480613 0.18145483613109514 0.23760144274120829 0.18465227817745802 0.24165915238954014 0.1838529176658673 0.2601442741208296 0.1542765787370104 0.2623985572587917 0.14708233413269386 0.26194770063119927 0.14148681055155876 0.2511271415689811 0.12230215827338131 0.2479711451758341 0.11990407673860913 0.23354373309287646 0.15027977617905677 0.22948602344454463 0.16386890487609912 0.22948602344454463 0.17186250999200642 0.2344454463480613 0.18145483613109514
0 0.345356176735798 0.1398880895283773 0.3557258791704238 0.14788169464428458 0.35933273219116324 0.14708233413269386 0.3651938683498648 0.1398880895283773 0.3633904418394951 0.12230215827338131 0.35617673579801623 0.11430855315747403 0.35211902614968443 0.11191047162270185 0.3480613165013526 0.11430855315747403 0.3431018935978359 0.12629896083133493 0.34265103697024346 0.1334932054356515 0.345356176735798 0.1398880895283773
0 0.40396753832281335 0.7250199840127898 0.40802524797114514 0.7242206235011991 0.415238954012624 0.7090327737809753 0.41794409377817854 0.6922462030375699 0.4143372407574391 0.6834532374100719 0.40486925157799825 0.6770583533173462 0.4008115419296664 0.6770583533173462 0.39495040577096485 0.7002398081534772 0.3954012623985573 0.7170263788968825 0.40396753832281335 0.7250199840127898
0 0.13931469792605952 0.34532374100719426 0.1510369702434626 0.3669064748201439 0.15734896302975654 0.3629096722621903 0.16230838593327324 0.35331734612310156 0.16230838593327324 0.34612310151878495 0.15915238954012625 0.3397282174260592 0.14697926059513075 0.3229416466826539 0.14201983769161408 0.32454036770583533 0.13841298467087468 0.3309352517985612 0.13796212804328223 0.33892885691446845 0.13931469792605952 0.34532374100719426
0 0.10459873760144275 0.42046362909672264 0.11136158701532912 0.43325339728217427 0.12263300270513977 0.44684252597921664 0.1266907123534716 0.4452438049560352 0.130297565374211 0.4396482813749001 0.13660955816050496 0.42206235011990406 0.13119927862939584 0.3996802557953637 0.11992786293958521 0.3828936850519585 0.11587015329125337 0.3828936850519585 0.11316501352569883 0.3868904876099121 0.10640216411181244 0.40687450039968026 0.10414788097385032 0.41486810551558756 0.10459873760144275 0.42046362909672264
0 0.015779981965734897 0.9512390087929657 0.022091974752028856 0.9680255795363709 0.03381424706943192 0.973621103117506 0.03651938683498648 0.9704236610711432 0.04102795311091073 0.9560351718625101 0.0369702434625789 0.9456434852118306 0.03606853020739405 0.9360511590727418 0.03291253381424707 0.9320543565147882 0.012173128944995492 0.9256594724220625 0.007664562669071236 0.9336530775379696 0.00721370604147881 0.9424460431654678 0.015779981965734897 0.9512390087929657
0 0.8841298467087467 0.13828936850519585 0.900360685302074 0.1510791366906475 0.9044183949504058 0.14708233413269386 0.9044183949504058 0.1398880895283773 0.9017132551848512 0.13509192645883294 0.8868349864743011 0.12150279776179057 0.8832281334535618 0.12070343725019984 0.8818755635707846 0.12310151878497202 0.8814247069431921 0.1310951239008793 0.8841298467087467 0.13828936850519585
0 0.9458972046889089 0.9448441247002399 0.9526600541027953 0.9504396482813751 0.9603246167718665 0.9520383693045564 0.967087466185753 0.9416466826538769 0.967087466185753 0.9248601119104717 0.9643823264201984 0.9144684252597922 0.9594229035166817 0.9072741806554757 0.9495040577096483 0.9016786570743406 0.9458972046889089 0.9032773780975221 0.9427412082957619 0.9176658673061552 0.9422903516681695 0.9360511590727418 0.9458972046889089 0.9448441247002399
0 0.5112714156898106 0.7162270183852918 0.5225428313796213 0.7234212629896084 0.5293056807935077 0.7026378896882494 0.5297565374211001 0.6922462030375699 0.5284039675383229 0.6826538768984812 0.5189359783588818 0.6706634692246204 0.5130748422001803 0.6722621902478018 0.5108205590622182 0.6762589928057555 0.5058611361587015 0.7082334132693845 0.5112714156898106 0.7162270183852918
0 0.4449954914337241 0.9224620303756994 0.45356176735798015 0.9288569144684253 0.45671776375112716 0.929656274980016 0.46077547339945896 0.9264588329336532 0.46393146979260597 0.9184652278177459 0.46393146979260597 0.9072741806554757 0.4612263300270514 0.8984812150279777 0.45356176735798015 0.8896882494004797 0.4495040577096483 0.8912869704236611 0.445897204688909 0.8960831334932055 0.44274120829576197 0.9104716227018386 0.44229035166816955 0.9160671462829737 0.4449954914337241 0.9224620303756994
0 0.4824165915238954 0.7929656274980017 0.4806131650135257 0.7913669064748201 0.4806131650135257 0.7945643485211831 0.4824165915238954 0.7929656274980017
0 0.960775473399459 0.03996802557953637 0.9594229035166817 0.031175059952038373 0.9594229035166817 0.03916866506794565 0.960775473399459 0.03996802557953637
0 0.9256086564472498 0.02158273381294964 0.939585211902615 0.036770583533173466 0.9427412082957619 0.036770583533173466 0.9463480613165013 0.0319744204636291 0.9499549143372408 0.018385291766586733 0.9472497745716862 0.008792965627498003 0.9377817853922452 0.002398081534772182 0.9373309287646528 0 0.9278629395852119 0 0.9247069431920649 0.004796163069544364 0.9233543733092877 0.017585931254996006 0.9256086564472498 0.02158273381294964
0 0.369702434625789 0.1542765787370104 0.37330928764652843 0.1630695443645084 0.3800721370604148 0.16386890487609912 0.3890892696122633 0.14708233413269386 0.39224526600541026 0.1334932054356515 0.39179440937781784 0.13029576338928858 0.3868349864743012 0.11830535571542766 0.3814247069431921 0.11510791366906475 0.37556357078449054 0.11830535571542766 0.3710550045085663 0.12869704236610713 0.36834986474301173 0.13828936850519585 0.369702434625789 0.1542765787370104
0 0.963931469792606 0.2030375699440448 0.9887285843101894 0.22621902478017586 0.9914337240757439 0.2270183852917666 0.9972948602344455 0.2126298960831335 0.9972948602344455 0.19744204636290968 0.9945897204688909 0.1806554756195044 0.9869251577998197 0.17985611510791366 0.9743011722272317 0.16946442845723422 0.9711451758340848 0.16946442845723422 0.9630297565374212 0.19024780175859313 0.9621280432822362 0.19984012789768185 0.963931469792606 0.2030375699440448
0 0.7894499549143373 0.8041566746602719 0.7939585211902616 0.8105515587529977 0.8002705139765555 0.8137490007993605 0.8038773669972948 0.806554756195044 0.8070333633904418 0.7913669064748201 0.8038773669972948 0.7745803357314149 0.7957619477006312 0.7665867306155076 0.7894499549143373 0.7681854516386891 0.7876465284039675 0.7745803357314149 0.7876465284039675 0.7937649880095924 0.7894499549143373 0.8041566746602719
0 0.4075743913435528 0.5987210231814549 0.4116321009918846 0.5995203836930456 0.4206492335437331 0.6075139888089529 0.4238052299368801 0.6075139888089529 0.4296663660955816 0.5971223021582733 0.430117222723174 0.5811350919264588 0.4260595130748422 0.5731414868105515 0.4116321009918846 0.5675459632294165 0.40667267808836793 0.5787370103916867 0.40577096483318303 0.592326139088729 0.4075743913435528 0.5987210231814549
0 0.9319206492335438 0.1806554756195044 0.9531109107303878 0.2006394884092726 0.9571686203787195 0.2014388489208633 0.9612263300270514 0.19584332533972823 0.963931469792606 0.18465227817745802 0.9643823264201984 0.17106314948041568 0.9625788999098286 0.15907274180655476 0.9603246167718665 0.15507593924860114 0.9486023444544635 0.14788169464428458 0.9386834986474301 0.1366906474820144 0.9323715058611362 0.13509192645883294 0.9278629395852119 0.14228617106314947 0.9242560865644726 0.1574740207833733 0.9242560865644726 0.16786570743405277 0.9319206492335438 0.1806554756195044
0 0.6384129846708747 0.8697042366107114 0.6451758340847611 0.8697042366107114 0.6510369702434625 0.8569144684252599 0.65238954012624 0.844924060751399 0.6478809738503156 0.8305355715427658 0.6343552750225429 0.815347721822542 0.627141568981064 0.8177458033573143 0.6230838593327321 0.8345323741007195 0.6230838593327321 0.8513189448441247 0.6384129846708747 0.8697042366107114
0 0.44679891794409377 0.48920863309352525 0.4522091974752029 0.49000799360511593 0.45761947700631195 0.4796163069544365 0.45897204688908927 0.47002398081534774 0.45761947700631195 0.4572342126298961 0.445897204688909 0.4452438049560352 0.43913435527502254 0.4404476418864908 0.43507664562669074 0.4420463629096723 0.430117222723174 0.4588329336530776 0.430117222723174 0.4740207833733014 0.44679891794409377 0.48920863309352525
0 0.30477908025247974 0.02238209432454037 0.31109107303877365 0.024780175859312553 0.31424706943192066 0.019184652278177457 0.3151487826871055 0.007993605115907274 0.31154192966636607 0 0.29621280432822367 0 0.2957619477006312 0.004796163069544364 0.30477908025247974 0.02238209432454037
0 0.47339945897204694 0.841726618705036 0.48467087466185754 0.8481215027977619 0.49188458070333635 0.8393285371702638 0.4977457168620379 0.8233413269384493 0.4995491433724076 0.8121502797761792 0.4882777276825969 0.7953637090327739 0.48016230838593327 0.7889688249400479 0.47790802524797116 0.7921662669864108 0.4675383228133454 0.8233413269384493 0.4675383228133454 0.8345323741007195 0.47339945897204694 0.841726618705036
0 0.4666366095581605 0.7274180655475619 0.47339945897204694 0.7314148681055157 0.4806131650135257 0.7314148681055157 0.4828674481514878 0.7290167865707434 0.49368800721370604 0.7026378896882494 0.4959422903516682 0.6922462030375699 0.48872858431018934 0.6778577138289369 0.4806131650135257 0.6722621902478018 0.47385031559963936 0.6826538768984812 0.4661857529305681 0.7066346922462031 0.4648331830477908 0.7234212629896084 0.4666366095581605 0.7274180655475619
0 0.6009918845807034 0.3237410071942446 0.6073038773669973 0.3213429256594725 0.611361587015329 0.3085531574740208 0.611361587015329 0.2997601918465228 0.609107303877367 0.293365307753797 0.5924256086564473 0.2789768185451639 0.5870153291253382 0.2821742605915268 0.5811541929666366 0.302158273381295 0.5816050495942291 0.3085531574740208 0.6009918845807034 0.3237410071942446
0 0.6036970243462578 0.920863309352518 0.6041478809738504 0.9256594724220625 0.6100090171325518 0.9320543565147882 0.6163210099188459 0.9336530775379696 0.6203787195671777 0.9288569144684253 0.6253381424706943 0.9144684252597922 0.633453561767358 0.9088729016786572 0.6384129846708747 0.8960831334932055 0.6339044183949504 0.885691446842526 0.6194770063119928 0.8697042366107114 0.6154192966636609 0.8760991207034373 0.6068530207394048 0.9048760991207034 0.6064021641118125 0.91207034372502 0.6036970243462578 0.920863309352518
0 0.2168620378719567 0.9008792965627499 0.2357980162308386 0.9104716227018386 0.24571686203787196 0.8968824940047961 0.2497745716862038 0.8760991207034373 0.24616771866546439 0.8585131894484412 0.24391343552750228 0.8545163868904877 0.2344454463480613 0.844924060751399 0.22813345356176737 0.8433253397282174 0.22001803426510372 0.8585131894484412 0.21325518485121733 0.8824940047961631 0.21325518485121733 0.8928856914468426 0.2168620378719567 0.9008792965627499
0 0.7272317403065826 0.6626698641087131 0.736248872858431 0.6682653876898482 0.7403065825067628 0.6682653876898482 0.7430117222723175 0.6642685851318945 0.7443642921550947 0.6442845723421263 0.742560865644725 0.6394884092725819 0.7276825969341749 0.627498001598721 0.721370604147881 0.6290967226219025 0.7173128944995492 0.6370903277378098 0.7168620378719567 0.6466826538768985 0.7272317403065826 0.6626698641087131
0 0.20829576194770064 0.47002398081534774 0.21956717763751127 0.486810551558753 0.23128944995491435 0.49720223820943243 0.23760144274120829 0.5115907274180655 0.24436429215509467 0.5123900879296562 0.2479711451758341 0.5083932853717026 0.24932371505861137 0.4940047961630696 0.24752028854824168 0.4836131095123901 0.24165915238954014 0.4716227018385292 0.23805229936880073 0.4596322941646683 0.2249774571686204 0.43804956035171866 0.21776375112714155 0.43085531574740216 0.21370604147880973 0.43085531574740216 0.2060414788097385 0.4532374100719425 0.20559062218214608 0.460431654676259 0.20829576194770064 0.47002398081534774
0 0.33814247069431924 0.07993605115907274 0.3440036068530208 0.09112709832134293 0.3467087466185753 0.09272581934452438 0.3525698827772768 0.09272581934452438 0.3557258791704238 0.08872901678657075 0.35933273219116324 0.0815347721822542 0.36158701532912535 0.07114308553157474 0.3602344454463481 0.062350119904076746 0.35482416591523896 0.05355715427657874 0.33859332732191166 0.036770583533173466 0.3345356176735798 0.04156674660271783 0.3300270513976556 0.05915267785771383 0.3300270513976556 0.07034372501998402 0.33814247069431924 0.07993605115907274
0 0.9927862939585211 0.718625099920064 0.9941388638412986 0.7210231814548362 0.9995491433724076 0.7210231814548362 0.9995491433724076 0.6874500399680257 0.9941388638412986 0.6866506794564349 0.9927862939585211 0.689048760991207 0.9914337240757439 0.701039168665068 0.9927862939585211 0.718625099920064
0 0.3151487826871055 0.09912070343725021 0.32100991884580704 0.10071942446043165 0.32461677186654647 0.09672262190247803 0.32822362488728585 0.08713029576338929 0.3300270513976556 0.07354116706634693 0.32642019837691616 0.06554756195043965 0.3201082055906222 0.062350119904076746 0.3155996393146979 0.0671462829736211 0.31018935978358886 0.07913669064748202 0.3097385031559964 0.09272581934452438 0.3151487826871055 0.09912070343725021
0 0.6605049594229035 0.8497202238209433 0.6744815148782687 0.8601119104716227 0.6785392245266005 0.8601119104716227 0.6807935076645627 0.8569144684252599 0.6821460775473399 0.844924060751399 0.675834084761046 0.8281374900079936 0.6690712353471596 0.8225419664268585 0.6654643823264202 0.8225419664268585 0.6614066726780884 0.8345323741007195 0.6600541027953112 0.841726618705036 0.6605049594229035 0.8497202238209433