0 0.7750225428313796 0.34212629896083135 0.7930568079350766 0.3429256594724221 0.7944093778178539 0.33892885691446845 0.7939585211902616 0.3341326938449241 0.7903516681695222 0.3309352517985612 0.7754733994589721 0.328537170263789 0.7727682596934174 0.3317346123101519 0.7723174030658251 0.3365307753796963 0.7750225428313796 0.34212629896083135
0 0.7348963029756538 0.3501199040767386 0.7466185752930569 0.3525179856115108 0.7506762849413887 0.3557154276578737 0.7538322813345357 0.35171862509992013 0.7529305680793508 0.3445243804956035 0.7506762849413887 0.34212629896083135 0.7389540126239856 0.33812949640287776 0.7357980162308386 0.33812949640287776 0.7339945897204688 0.34212629896083135 0.7335437330928765 0.34852118305355717 0.7348963029756538 0.3501199040767386
0 0.8417493237150586 0.21662669864108713 0.8498647430117223 0.21662669864108713 0.8521190261496844 0.21342925659472425 0.8534715960324617 0.20463629096722624 0.8521190261496844 0.19424460431654678 0.8422001803426511 0.19104716227018384 0.8399458972046889 0.19584332533972823 0.8394950405770965 0.21023181454836132 0.8417493237150586 0.21662669864108713
0 0.6465284039675383 0.5307753796962431 0.6559963931469793 0.5283772981614708 0.657799819657349 0.5195843325339728 0.6582506762849414 0.504396482813749 0.6501352569882777 0.49640287769784175 0.6438232642019839 0.49720223820943243 0.6420198376916141 0.5011990407673861 0.6429215509467989 0.5283772981614708 0.6465284039675383 0.5307753796962431
0 0.9386834986474301 0.9240607513988809 0.9445446348061317 0.9264588329336532 0.9558160504959423 0.9248601119104717 0.9558160504959423 0.915267785771383 0.9540126239855725 0.9096722621902479 0.9499549143372408 0.906474820143885 0.936429215509468 0.9072741806554757 0.9359783588818756 0.9136690647482014 0.9386834986474301 0.9240607513988809
0 0.7335437330928765 0.9992006394884093 0.7339945897204688 0.9800159872102319 0.7308385933273219 0.9704236610711432 0.7186654643823265 0.9688249400479617 0.7128043282236249 0.9744204636290967 0.7132551848512173 0.9992006394884093 0.7335437330928765 0.9992006394884093
0 0.6158701532912535 0.5235811350919265 0.6235347159603246 0.525179856115108 0.6321009918845808 0.5211830535571543 0.6330027051397656 0.5011990407673861 0.6275924256086564 0.4924060751398881 0.6181244364292156 0.48920863309352525 0.6127141568981065 0.49800159872102323 0.6127141568981065 0.5139888089528377 0.6158701532912535 0.5235811350919265
0 0.8678990081154194 0.7138289368505196 0.8800721370604149 0.7130295763389289 0.8800721370604149 0.6922462030375699 0.8660955816050496 0.6922462030375699 0.8656447249774571 0.7074340527577938 0.8678990081154194 0.7138289368505196
0 0.8656447249774571 0.23820943245403678 0.8814247069431921 0.2414068745003997 0.8868349864743011 0.23820943245403678 0.8872858431018936 0.21822541966426862 0.8850315599639315 0.20623501199040767 0.8715058611361587 0.20463629096722624 0.8651938683498648 0.2094324540367706 0.8642921550946799 0.21422861710631497 0.8656447249774571 0.23820943245403678
0 0.8692515779981966 0.5403677058353318 0.8877366997294861 0.542765787370104 0.8913435527502254 0.5379696243005596 0.890892696122633 0.5307753796962431 0.8881875563570785 0.5283772981614708 0.8742110009017132 0.5243804956035172 0.8660955816050496 0.525179856115108 0.8656447249774571 0.5355715427657874 0.8692515779981966 0.5403677058353318
0 0.8187556357078449 0.5643485211830536 0.8246167718665464 0.5675459632294165 0.830477908025248 0.5675459632294165 0.833633904418395 0.5643485211830536 0.8340847610459874 0.5571542765787371 0.8322813345356176 0.5491606714628298 0.8268710550045085 0.5467625899280576 0.8178539224526601 0.548361310951239 0.8169522091974751 0.5571542765787371 0.8187556357078449 0.5643485211830536
0 0.9386834986474301 0.9032773780975221 0.9467989179440939 0.9032773780975221 0.9499549143372408 0.9008792965627499 0.9477006311992787 0.8896882494004797 0.9458972046889089 0.8880895283772982 0.9409377817853922 0.8864908073541167 0.9373309287646528 0.8904876099120704 0.9368800721370605 0.9008792965627499 0.9386834986474301 0.9032773780975221
0 0.9837691614066727 0.915267785771383 0.9995491433724076 0.9168665067945644 0.9995491433724076 0.9048760991207034 0.9815148782687105 0.9032773780975221 0.9806131650135257 0.9088729016786572 0.9837691614066727 0.915267785771383
0 0.7357980162308386 0.3317346123101519 0.7515779981965736 0.33733013589128696 0.7547339945897205 0.33573141486810554 0.7542831379621281 0.328537170263789 0.7506762849413887 0.3237410071942446 0.7380522993688007 0.3181454836131095 0.733092876465284 0.3205435651478817 0.733092876465284 0.32773780975219824 0.7357980162308386 0.3317346123101519
0 0.9878268710550046 0.709832134292566 0.9995491433724076 0.7106314948041567 0.9995491433724076 0.6810551558752997 0.9914337240757439 0.6802557953637091 0.9864743011722273 0.6826538768984812 0.9860234445446348 0.7026378896882494 0.9878268710550046 0.709832134292566
0 0.7191163210099188 0.6898481215027978 0.7353471596032463 0.6930455635491607 0.7479711451758341 0.6922462030375699 0.7497745716862038 0.6714628297362111 0.7448151487826871 0.6578737010391686 0.721370604147881 0.6546762589928058 0.7168620378719567 0.6594724220623502 0.7164111812443643 0.6842525979216627 0.7191163210099188 0.6898481215027978
0 0.9296663660955816 0.9992006394884093 0.9463480613165013 0.9992006394884093 0.9477006311992787 0.991207034372502 0.9467989179440939 0.9832134292565947 0.939585211902615 0.9792166266986412 0.9310189359783588 0.9808153477218226 0.9296663660955816 0.9832134292565947 0.9296663660955816 0.9992006394884093
0 0.8165013525698828 0.9992006394884093 0.8169522091974751 0.9960031974420465 0.8151487826871056 0.9880095923261392 0.8115419296663661 0.9840127897681855 0.799819657348963 0.9832134292565947 0.7917042380522994 0.991207034372502 0.7912533814247069 0.9992006394884093 0.8165013525698828 0.9992006394884093
0 0.7353471596032463 0.3629096722621903 0.7461677186654645 0.3677058353317346 0.7524797114517583 0.3661071143085532 0.7529305680793508 0.35891286970423664 0.7515779981965736 0.3557154276578737 0.7344454463480614 0.35091926458832934 0.7335437330928765 0.3525179856115108 0.733092876465284 0.3597122302158273 0.7353471596032463 0.3629096722621903
0 0.6266907123534716 0.6914468425259792 0.6519386834986475 0.6938449240607514 0.6573489630297565 0.6922462030375699 0.6587015329125337 0.689048760991207 0.6587015329125337 0.6786570743405277 0.654643823264202 0.6738609112709832 0.6262398557258791 0.6722621902478018 0.6244364292155096 0.6746602717825739 0.6230838593327321 0.6866506794564349 0.6266907123534716 0.6914468425259792
0 0.7840396753832282 0.9992006394884093 0.7840396753832282 0.9856115107913669 0.7808836789900812 0.9768185451638689 0.7651036970243462 0.9760191846522782 0.7633002705139765 0.982414068745004 0.7628494138863842 0.9992006394884093 0.7840396753832282 0.9992006394884093
0 0.8119927862939585 0.709832134292566 0.8322813345356176 0.7114308553157473 0.8354373309287646 0.7074340527577938 0.8358881875563571 0.6930455635491607 0.8318304779080252 0.6850519584332534 0.8137962128043282 0.6850519584332534 0.8106402164111812 0.6882494004796164 0.8101893597835889 0.7058353317346123 0.8119927862939585 0.709832134292566
0 0.7732191163210099 0.3253397282174261 0.7750225428313796 0.328537170263789 0.7971145175834086 0.33013589128697046 0.7993688007213706 0.328537170263789 0.8002705139765555 0.32454036770583533 0.8002705139765555 0.3205435651478817 0.796663660955816 0.3165467625899281 0.7826871055004508 0.3133493205435652 0.7745716862037872 0.3149480415667466 0.7732191163210099 0.31734612310151883 0.7732191163210099 0.3253397282174261
0 0.8678990081154194 0.3413269384492406 0.8922452660054103 0.3429256594724221 0.8944995491433724 0.33812949640287776 0.8935978358881875 0.33253397282174263 0.8836789900811541 0.32773780975219824 0.8674481514878268 0.32693844924060755 0.863390441839495 0.3317346123101519 0.863390441839495 0.33812949640287776 0.8678990081154194 0.3413269384492406
0 0.8710550045085662 0.3605115907274181 0.8913435527502254 0.3629096722621903 0.8931469792605952 0.35891286970423664 0.8913435527502254 0.35091926458832934 0.8683498647430118 0.3477218225419665 0.8678990081154194 0.3557154276578737 0.8710550045085662 0.3605115907274181
0 0.8128944995491433 0.8928856914468426 0.8128944995491433 0.9040767386091128 0.8160504959422903 0.9112709832134293 0.8277727682596934 0.9136690647482014 0.833633904418395 0.9136690647482014 0.8354373309287646 0.9112709832134293 0.8358881875563571 0.8936850519584333 0.8318304779080252 0.8832933653077538 0.8187556357078449 0.8808952837729817 0.8119927862939585 0.8832933653077538 0.8110910730387737 0.8872901678657075 0.8128944995491433 0.8928856914468426