0 0.6316501352569882 0.8385291766586731 0.6388638412984671 0.841726618705036 0.6465284039675383 0.8401278976818546 0.6487826871055005 0.8305355715427658 0.6478809738503156 0.8113509192645884 0.6438232642019839 0.806554756195044 0.6393146979260594 0.8049560351718625 0.633453561767358 0.8049560351718625 0.6316501352569882 0.8105515587529977 0.630297565374211 0.8305355715427658 0.6316501352569882 0.8385291766586731
0 0.6762849413886385 0.8904876099120704 0.6893597835888188 0.8904876099120704 0.6902614968440036 0.8824940047961631 0.6889089269612263 0.8705035971223022 0.6798917944093779 0.8689048760991207 0.6744815148782687 0.8729016786570745 0.6740306582506763 0.8816946442845724 0.6762849413886385 0.8904876099120704
0 0.14382326420198377 0.7881694644284573 0.17538322813345356 0.7873701039168666 0.18935978358881875 0.7825739408473221 0.1902614968440036 0.7649880095923263 0.18890892696122633 0.7250199840127898 0.18530207394048692 0.697841726618705 0.15779981965734896 0.6922462030375699 0.1388638412984671 0.6970423661071143 0.14021641118124437 0.7769784172661871 0.14382326420198377 0.7881694644284573
0 0.9147880973850315 0.7505995203836932 0.9174932371505862 0.7593924860111911 0.9292155094679891 0.7593924860111911 0.933273219116321 0.7545963229416467 0.9328223624887286 0.7442046362909672 0.930117222723174 0.7402078337330137 0.9242560865644726 0.7370103916866507 0.9161406672678089 0.7394084732214229 0.9147880973850315 0.7418065547561951 0.9147880973850315 0.7505995203836932
0 0.6343552750225429 0.07034372501998402 0.6478809738503156 0.07114308553157474 0.6487826871055005 0.060751398880895285 0.6456266907123535 0.04876099120703437 0.6370604147880974 0.04796163069544365 0.6330027051397656 0.050359712230215826 0.6325518485121732 0.062350119904076746 0.6343552750225429 0.07034372501998402
0 0.7326420198376916 0.0815347721822542 0.7357980162308386 0.08473221422861711 0.7452660054102795 0.08473221422861711 0.7470694319206492 0.0783373301358913 0.7475202885482417 0.04636290967226219 0.7461677186654645 0.03916866506794565 0.7443642921550947 0.036770583533173466 0.7385031559963932 0.03597122302158274 0.7326420198376916 0.03756994404476419 0.729936880072137 0.04156674660271783 0.7294860234445446 0.05435651478816946 0.7326420198376916 0.0815347721822542
0 0.8787195671776376 0.7577937649880097 0.9017132551848512 0.7529976019184652 0.9053201082055906 0.7378097521982414 0.9098286744815148 0.7306155075939249 0.9093778178539225 0.7234212629896084 0.9053201082055906 0.7178257394084733 0.888638412984671 0.7154276578737011 0.8764652840396754 0.7162270183852918 0.876014427412083 0.7194244604316546 0.876014427412083 0.7553956834532374 0.8787195671776376 0.7577937649880097
0 0.6406672678088369 0.18625099920063948 0.6505861136158702 0.18784972022382096 0.6532912533814247 0.18545163868904876 0.6532912533814247 0.17106314948041568 0.6496844003606853 0.16067146282973624 0.6424706943192064 0.15907274180655476 0.6375112714156899 0.16227018385291767 0.6375112714156899 0.17825739408473223 0.6406672678088369 0.18625099920063948
0 0.9305680793507665 0.929656274980016 0.9341749323715058 0.9248601119104717 0.9337240757439135 0.9128697042366107 0.9323715058611362 0.9104716227018386 0.9183949504057709 0.9104716227018386 0.9147880973850315 0.9128697042366107 0.9161406672678089 0.929656274980016 0.9305680793507665 0.929656274980016
0 0.6131650135256989 0.7825739408473221 0.6194770063119928 0.7825739408473221 0.6212804328223626 0.78017585931255 0.6221821460775473 0.7705835331734613 0.6203787195671777 0.765787370103917 0.6077547339945897 0.765787370103917 0.608205590622182 0.78017585931255 0.6131650135256989 0.7825739408473221
0 0.6262398557258791 0.9536370903277379 0.6379621280432822 0.9520383693045564 0.636609558160505 0.9368505195843326 0.633453561767358 0.9344524380495605 0.6257889990982868 0.9368505195843326 0.6248872858431019 0.947242206235012 0.6262398557258791 0.9536370903277379
0 0.3494138863841299 0.7058353317346123 0.3660955816050496 0.7066346922462031 0.37736699729486023 0.7026378896882494 0.3800721370604148 0.6850519584332534 0.3764652840396754 0.6762589928057555 0.3660955816050496 0.6738609112709832 0.348512173128945 0.6762589928057555 0.34761045987376016 0.6922462030375699 0.3494138863841299 0.7058353317346123
0 0.6248872858431019 0.8217426059152678 0.6275924256086564 0.8193445243804957 0.628043282236249 0.8105515587529977 0.6266907123534716 0.8049560351718625 0.6185752930568079 0.8033573141486812 0.6149684400360685 0.806554756195044 0.6149684400360685 0.8209432454036771 0.6248872858431019 0.8217426059152678
0 0.8769161406672679 0.7066346922462031 0.890892696122633 0.7066346922462031 0.8944995491433724 0.7034372501998403 0.8954012623985572 0.6842525979216627 0.890892696122633 0.6722621902478018 0.8800721370604149 0.6706634692246204 0.8755635707844905 0.6746602717825739 0.8751127141568981 0.695443645083933 0.8769161406672679 0.7066346922462031
0 0.7736699729486024 0.01598721023181455 0.7763751127141569 0.05355715427657874 0.7790802524797115 0.05675459632294165 0.7894499549143373 0.05595523581135092 0.7908025247971145 0.05355715427657874 0.7908025247971145 0.03756994404476419 0.7880973850315599 0.010391686650679457 0.7840396753832282 0.003996802557953637 0.7759242560865645 0.004796163069544364 0.7736699729486024 0.008792965627498003 0.7736699729486024 0.01598721023181455
0 0.7601442741208296 0.3213429256594725 0.760595130748422 0.30135891286970423 0.75834084761046 0.2797761790567546 0.7551848512173129 0.2765787370103917 0.7475202885482417 0.2765787370103917 0.7448151487826871 0.2813749000799361 0.7475202885482417 0.3205435651478817 0.7601442741208296 0.3213429256594725
0 0.23534715960324618 0.12390087929656275 0.24436429215509467 0.12629896083133493 0.25473399458972046 0.11590727418065548 0.25473399458972046 0.09832134292565947 0.2533814247069432 0.09512390087929656 0.2407574391343553 0.09192645883293366 0.23715058611361586 0.09272581934452438 0.2344454463480613 0.09752198241406874 0.2339945897204689 0.11990407673860913 0.23534715960324618 0.12390087929656275
0 0.9120829576194771 0.7833733013589129 0.926961226330027 0.7841726618705037 0.930117222723174 0.7817745803357314 0.930117222723174 0.7721822541966427 0.9283137962128044 0.7697841726618705 0.9147880973850315 0.7689848121502798 0.9107303877366997 0.7721822541966427 0.9102795311091073 0.7793764988009593 0.9120829576194771 0.7833733013589129
0 0.6055004508566276 0.7474020783373301 0.6172227231740307 0.7450039968025579 0.6176735798016231 0.7330135891286971 0.6158701532912535 0.7282174260591526 0.6041478809738504 0.7282174260591526 0.6036970243462578 0.7434052757793765 0.6055004508566276 0.7474020783373301
0 0.05275022542831379 0.2222222222222222 0.058160504959422904 0.21982414068745004 0.058160504959422904 0.19584332533972823 0.05680793507664563 0.19344524380495606 0.05365193868349865 0.19024780175859313 0.04643823264201984 0.1894484412470024 0.04057709648331831 0.19584332533972823 0.04057709648331831 0.21982414068745004 0.05275022542831379 0.2222222222222222
0 0.9422903516681695 0.7905675459632294 0.9463480613165013 0.7833733013589129 0.9495040577096483 0.7665867306155076 0.9472497745716862 0.756994404476419 0.9391343552750226 0.7553956834532374 0.9346257889990982 0.7609912070343725 0.9337240757439135 0.7689848121502798 0.933273219116321 0.7865707434052758 0.9422903516681695 0.7905675459632294
0 0.9797114517583408 0.7354116706634692 0.9914337240757439 0.7362110311750599 0.9995491433724076 0.7322142286171064 0.9963931469792606 0.7194244604316546 0.9932371505861136 0.7162270183852918 0.9824165915238955 0.7170263788968825 0.9774571686203787 0.7210231814548362 0.9774571686203787 0.7322142286171064 0.9797114517583408 0.7354116706634692
0 0.7073940486925159 0.9176658673061552 0.7096483318304779 0.920863309352518 0.7146077547339945 0.920863309352518 0.7240757439134355 0.9184652278177459 0.7276825969341749 0.9144684252597922 0.7272317403065826 0.8784972022382095 0.7249774571686204 0.8689048760991207 0.7200180342651037 0.862509992006395 0.7060414788097384 0.8689048760991207 0.7055906221821461 0.9008792965627499 0.7073940486925159 0.9176658673061552
0 0.7308385933273219 0.8697042366107114 0.75834084761046 0.8689048760991207 0.7660054102795312 0.8665067945643485 0.7687105500450856 0.862509992006395 0.7678088367899009 0.8313349320543566 0.7655545536519388 0.8265387689848122 0.7339945897204688 0.8281374900079936 0.7267808836789902 0.8321342925659473 0.7267808836789902 0.859312549960032 0.7308385933273219 0.8697042366107114
0 0.13525698827772767 0.6906474820143885 0.13931469792605952 0.7498001598721024 0.13931469792605952 0.7889688249400479 0.14156898106402163 0.82414068745004 0.14382326420198377 0.8281374900079936 0.18935978358881875 0.8249400479616307 0.1898106402164112 0.7354116706634692 0.18710550045085664 0.7034372501998403 0.1825969341749324 0.6794564348521184 0.17989179440937783 0.6762589928057555 0.17493237150586113 0.6626698641087131 0.1424706943192065 0.6642685851318945 0.130297565374211 0.6690647482014389 0.130297565374211 0.6778577138289369 0.13525698827772767 0.6906474820143885
0 0.5811541929666366 0.059952038369304565 0.5919747520288549 0.06155075939248601 0.5937781785392245 0.05915267785771383 0.5946798917944094 0.049560351718625106 0.5915238954012624 0.036770583533173466 0.5865644724977458 0.03437250199840128 0.5788999098286746 0.03916866506794565 0.5779981965734896 0.04796163069544365 0.5811541929666366 0.059952038369304565
0 0.19477006311992787 0.18864908073541167 0.20649233543733095 0.18864908073541167 0.20829576194770064 0.1830535571542766 0.20649233543733095 0.15347721822541965 0.20288548241659152 0.14708233413269386 0.19251577998196576 0.14628297362110312 0.19116321009918846 0.15187849720223823 0.19161406672678089 0.18545163868904876 0.19477006311992787 0.18864908073541167
0 0.17673579801623085 0.2222222222222222 0.18890892696122633 0.22302158273381298 0.18935978358881875 0.2030375699440448 0.18755635707844906 0.19904076738609114 0.17763751127141567 0.19824140687450043 0.17493237150586113 0.2014388489208633 0.1744815148782687 0.21422861710631497 0.17673579801623085 0.2222222222222222
0 0.47700631199278626 0.756994404476419 0.4981965734896303 0.7577937649880097 0.5004508566275925 0.7553956834532374 0.5 0.7394084732214229 0.4981965734896303 0.7314148681055157 0.4765554553651939 0.7314148681055157 0.47475202885482415 0.7362110311750599 0.47475202885482415 0.753796962430056 0.47700631199278626 0.756994404476419
0 0.14382326420198377 0.8289368505195844 0.17989179440937783 0.8281374900079936 0.18890892696122633 0.8265387689848122 0.19071235347159604 0.82414068745004 0.19071235347159604 0.8073541167066347 0.18890892696122633 0.7961630695443646 0.17944093778178538 0.7921662669864108 0.16275924256086563 0.7969624300559552 0.14382326420198377 0.7969624300559552 0.1411181244364292 0.809752198241407 0.1411181244364292 0.8217426059152678 0.14382326420198377 0.8289368505195844
0 0.8431018935978359 0.23261390887290168 0.8458070333633905 0.23421262989608316 0.8570784490532011 0.23101518784972022 0.8557258791704238 0.20863309352517986 0.8449053201082056 0.20783373301358915 0.8422001803426511 0.2126298960831335 0.8417493237150586 0.22861710631494805 0.8431018935978359 0.23261390887290168
0 0.9842200180342651 0.8601119104716227 0.9995491433724076 0.8609112709832134 0.9995491433724076 0.8393285371702638 0.9842200180342651 0.8393285371702638 0.9815148782687105 0.841726618705036 0.9824165915238955 0.8553157474020784 0.9842200180342651 0.8601119104716227
0 0.9008115419296664 0.697841726618705 0.903516681695221 0.701039168665068 0.9089269612263301 0.701039168665068 0.9125338142470695 0.6962430055955237 0.9138863841298467 0.6842525979216627 0.9111812443642923 0.6650679456434853 0.9017132551848512 0.6658673061550759 0.897204688908927 0.6682653876898482 0.8958521190261496 0.6714628297362111 0.8958521190261496 0.6778577138289369 0.9008115419296664 0.697841726618705
0 0.7200180342651037 0.1750599520383693 0.7348963029756538 0.1750599520383693 0.7353471596032463 0.1542765787370104 0.733092876465284 0.14628297362110312 0.7272317403065826 0.14388489208633096 0.7195671776375113 0.14628297362110312 0.715960324616772 0.15027977617905677 0.7168620378719567 0.17266187050359713 0.7200180342651037 0.1750599520383693
0 0.6018935978358882 0.06954436450839328 0.6055004508566276 0.07194244604316548 0.6109107303877367 0.0671462829736211 0.611361587015329 0.059952038369304565 0.609107303877367 0.045563549160671464 0.6023444544634806 0.045563549160671464 0.5991884580703336 0.050359712230215826 0.5996393146979261 0.062350119904076746 0.6018935978358882 0.06954436450839328
0 0.9567177637511272 0.695443645083933 0.9833183047790803 0.6930455635491607 0.9909828674481516 0.689048760991207 0.9909828674481516 0.6714628297362111 0.9873760144274121 0.6586730615507593 0.9842200180342651 0.6530775379696243 0.9702434625789 0.6538768984812151 0.9517583408476105 0.6602717825739409 0.9517583408476105 0.6802557953637091 0.9567177637511272 0.695443645083933
0 0.891794409377818 0.8800959232613909 0.9107303877366997 0.8800959232613909 0.9134355275022543 0.876898481215028 0.9134355275022543 0.8641087130295764 0.9107303877366997 0.8553157474020784 0.89404869251578 0.853717026378897 0.8895401262398558 0.8561151079136692 0.8895401262398558 0.8745003996802558 0.891794409377818 0.8800959232613909
0 0.6510369702434625 0.059952038369304565 0.6573489630297565 0.060751398880895285 0.6618575293056808 0.05595523581135092 0.6636609558160506 0.04636290967226219 0.6614066726780884 0.03517186250999201 0.6514878268710551 0.03357314148681055 0.6474301172227231 0.036770583533173466 0.6469792605951307 0.04636290967226219 0.6510369702434625 0.059952038369304565
0 0.639765554553652 0.1510791366906475 0.6483318304779081 0.1510791366906475 0.6532912533814247 0.14708233413269386 0.6519386834986475 0.1334932054356515 0.6492335437330929 0.12549960031974422 0.6420198376916141 0.12310151878497202 0.6361587015329125 0.12949640287769784 0.636609558160505 0.14068745003996805 0.639765554553652 0.1510791366906475
0 0.8038773669972948 0.8129496402877698 0.8255184851217313 0.8105515587529977 0.827321911632101 0.806554756195044 0.8259693417493238 0.7945643485211831 0.8228133453561768 0.7905675459632294 0.8088367899008116 0.7921662669864108 0.8016230838593328 0.7969624300559552 0.8011722272317404 0.8089528377298163 0.8038773669972948 0.8129496402877698
0 0.6023444544634806 0.12549960031974422 0.60595130748422 0.16067146282973624 0.609107303877367 0.16386890487609912 0.6208295761947701 0.16147082334132695 0.6226330027051398 0.15827338129496404 0.6226330027051398 0.14308553157474022 0.6212804328223626 0.13589128697042366 0.6127141568981065 0.11910471622701839 0.611361587015329 0.12230215827338131 0.6104598737601443 0.11910471622701839 0.6068530207394048 0.12230215827338131 0.6055004508566276 0.11990407673860913 0.6023444544634806 0.12310151878497202 0.6023444544634806 0.12549960031974422
0 0.6393146979260594 0.9520383693045564 0.6474301172227231 0.9528377298161471 0.6519386834986475 0.9504396482813751 0.6528403967538323 0.9352517985611511 0.6501352569882777 0.9264588329336532 0.6361587015329125 0.9264588329336532 0.6357078449053201 0.9352517985611511 0.6393146979260594 0.9520383693045564
0 0.7335437330928765 0.9488409272581935 0.7601442741208296 0.9488409272581935 0.7723174030658251 0.9440447641886491 0.7754733994589721 0.938449240607514 0.7759242560865645 0.9248601119104717 0.7745716862037872 0.9144684252597922 0.7696122633002704 0.906474820143885 0.7421100090171326 0.9088729016786572 0.7348963029756538 0.9104716227018386 0.7312894499549144 0.9144684252597922 0.7317403065825068 0.9456434852118306 0.7335437330928765 0.9488409272581935
0 0.6370604147880974 0.11510791366906475 0.639765554553652 0.11830535571542766 0.6510369702434625 0.11590727418065548 0.6519386834986475 0.10551558752997602 0.6487826871055005 0.08473221422861711 0.6447249774571686 0.0815347721822542 0.6370604147880974 0.0815347721822542 0.6352569882777277 0.08473221422861711 0.6343552750225429 0.09352517985611512 0.6370604147880974 0.11510791366906475
0 0.7917042380522994 0.17026378896882494 0.7957619477006312 0.17346123101518784 0.8038773669972948 0.17266187050359713 0.8056807935076646 0.16786570743405277 0.806131650135257 0.15587529976019188 0.8034265103697025 0.13029576338928858 0.796663660955816 0.12470023980815349 0.7889990982867447 0.12549960031974422 0.7889990982867447 0.15267785771382894 0.7917042380522994 0.17026378896882494
0 0.7168620378719567 0.21342925659472425 0.7240757439134355 0.21502797761790568 0.729936880072137 0.21023181454836132 0.7308385933273219 0.18864908073541167 0.7272317403065826 0.17905675459632295 0.7200180342651037 0.17985611510791366 0.7155094679891795 0.1838529176658673 0.7146077547339945 0.19584332533972823 0.7168620378719567 0.21342925659472425
0 0.9111812443642923 0.6794564348521184 0.9107303877366997 0.6810551558752997 0.9111812443642923 0.6930455635491607 0.9111812443642923 0.6794564348521184
0 0.8106402164111812 0.2701838529176659 0.8128944995491433 0.2733812949640288 0.825067628494139 0.27258193445243806 0.827321911632101 0.26618705035971224 0.827321911632101 0.2549960031974421 0.8246167718665464 0.23501199040767387 0.8210099188458071 0.2270183852917666 0.8187556357078449 0.22621902478017586 0.8110910730387737 0.2278177458033573 0.8097385031559965 0.23181454836131096 0.809287646528404 0.25259792166266987 0.8106402164111812 0.2701838529176659
0 0.6100090171325518 0.859312549960032 0.6176735798016231 0.8609112709832134 0.623985572587917 0.8553157474020784 0.6244364292155096 0.844924060751399 0.6230838593327321 0.8377298161470824 0.6172227231740307 0.8345323741007195 0.6095581605049595 0.8361310951239008 0.6086564472497746 0.8513189448441247 0.6100090171325518 0.859312549960032