0 0.22723174030658252 0.9992006394884093 0.22813345356176737 0.9952038369304558 0.22723174030658252 0.9872102318145485 0.2236248872858431 0.9792166266986412 0.21145175834084762 0.9840127897681855 0.2073940486925158 0.9888089528377298 0.20784490532010821 0.9992006394884093 0.22723174030658252 0.9992006394884093
0 0.14021641118124437 0.2334132693844924 0.1442741208295762 0.2334132693844924 0.15193868349864742 0.22621902478017586 0.15238954012623987 0.21982414068745004 0.14743011722272317 0.2014388489208633 0.13796212804328223 0.1838529176658673 0.13300270513976556 0.18225419664268586 0.130297565374211 0.18465227817745802 0.12759242560865644 0.1918465227817746 0.1284941388638413 0.20223820943245407 0.14021641118124437 0.2334132693844924
0 0.5500450856627592 0.91207034372502 0.566726780883679 0.9072741806554757 0.566726780883679 0.9008792965627499 0.5644724977457168 0.8960831334932055 0.5554553651938684 0.8968824940047961 0.5477908025247972 0.9008792965627499 0.5473399458972047 0.9072741806554757 0.5500450856627592 0.91207034372502
0 0.18530207394048692 0.8129496402877698 0.18755635707844906 0.815347721822542 0.19837691614066724 0.8105515587529977 0.2037871956717764 0.8017585931254997 0.20108205590622183 0.7897681854516387 0.19702434625788998 0.7857713828936851 0.18755635707844906 0.7897681854516387 0.18214607754733994 0.7953637090327739 0.18169522091974755 0.8017585931254997 0.18530207394048692 0.8129496402877698
0 0.2583408476104599 0.9920063948840928 0.2633002705139766 0.9920063948840928 0.2709648331830478 0.9816147082334133 0.2709648331830478 0.9768185451638689 0.2655545536519387 0.9648281374900081 0.260595130748422 0.9648281374900081 0.2551848512173129 0.973621103117506 0.25473399458972046 0.9800159872102319 0.2583408476104599 0.9920063948840928
0 0.05590622182146077 0.642685851318945 0.06402164111812444 0.6458832933653078 0.07078449053201082 0.6442845723421263 0.07078449053201082 0.6330935251798562 0.06447249774571685 0.6083133493205436 0.060414788097385035 0.6027178257394085 0.05410279531109107 0.6107114308553158 0.05410279531109107 0.6394884092725819 0.05590622182146077 0.642685851318945
0 0.15464382326420198 0.7026378896882494 0.16862037871956717 0.6938449240607514 0.16952209197475201 0.689048760991207 0.1650135256988278 0.6794564348521184 0.16230838593327324 0.6794564348521184 0.15734896302975654 0.6826538768984812 0.151487826871055 0.6922462030375699 0.1510369702434626 0.6994404476418865 0.15464382326420198 0.7026378896882494
0 0.2168620378719567 0.6290967226219025 0.22001803426510372 0.6306954436450839 0.2290351668169522 0.6235011990407675 0.23038773669972948 0.6203037569944045 0.2290351668169522 0.6059152677857713 0.22407574391343554 0.586730615507594 0.22001803426510372 0.5843325339728218 0.21280432822362488 0.5931254996003198 0.21280432822362488 0.6123101518784972 0.2168620378719567 0.6290967226219025
0 0.13706041478809738 0.49960031974420466 0.13976555455365194 0.5035971223021583 0.1424706943192065 0.5035971223021583 0.151487826871055 0.49640287769784175 0.15284039675383226 0.49000799360511593 0.1510369702434626 0.4804156674660272 0.14472497745716864 0.46282973621103124 0.13706041478809738 0.4572342126298961 0.13345356176735798 0.4596322941646683 0.13074842200180342 0.46282973621103124 0.13706041478809738 0.49960031974420466
0 0.2903516681695221 0.28936850519584334 0.29305680793507666 0.29176658673061556 0.3020739404869252 0.28936850519584334 0.30387736699729484 0.2821742605915268 0.3011722272317403 0.2637889688249401 0.2935076645626691 0.2637889688249401 0.2889990982867448 0.266986410871303 0.2885482416591524 0.27577937649880097 0.2903516681695221 0.28936850519584334
0 0.25924256086564473 0.08713029576338929 0.26916140667267807 0.08633093525179857 0.27862939585211904 0.08073541167066348 0.27592425608656446 0.05675459632294165 0.2723174030658251 0.05115907274180656 0.2687105500450857 0.04796163069544365 0.2673579801623084 0.050359712230215826 0.2551848512173129 0.055155875299760196 0.25428313796212804 0.06474820143884892 0.25924256086564473 0.08713029576338929
0 0.5816050495942291 0.8521183053557154 0.5892696122633003 0.8529176658673061 0.5919747520288549 0.8385291766586731 0.5901713255184852 0.8177458033573143 0.5883678990081154 0.8137490007993605 0.5852119026149685 0.8121502797761792 0.5766456266907123 0.8121502797761792 0.5752930568079351 0.8145483613109513 0.5775473399458972 0.8465227817745804 0.5816050495942291 0.8521183053557154
0 0.19116321009918846 0.5147881694644285 0.19431920649233542 0.5179856115107914 0.19972948602344456 0.5155875299760192 0.20153291253381425 0.5083932853717026 0.1934174932371506 0.4836131095123901 0.19116321009918846 0.48121502797761795 0.18575293056807937 0.4836131095123901 0.1834986474301172 0.49000799360511593 0.19116321009918846 0.5147881694644285
0 0.15374211000901714 0.469224620303757 0.1600541027953111 0.48121502797761795 0.1650135256988278 0.4804156674660272 0.16681695220919746 0.4772182254196643 0.16591523895401264 0.46442845723421267 0.1587015329125338 0.4404476418864908 0.15374211000901714 0.43804956035171866 0.1501352569882777 0.4420463629096723 0.1496844003606853 0.4532374100719425 0.15374211000901714 0.469224620303757
0 0.45987376014427417 0.9576338928856915 0.47339945897204694 0.959232613908873 0.47475202885482415 0.9568345323741008 0.47520288548241657 0.947242206235012 0.47385031559963936 0.938449240607514 0.4657348963029757 0.9360511590727418 0.45536519386834984 0.9392486011191048 0.45626690712353474 0.9488409272581935 0.45987376014427417 0.9576338928856915
0 0.06672678088367899 0.8641087130295764 0.07123534715960325 0.8657074340527579 0.07529305680793508 0.8617106314948043 0.07619477006311993 0.8513189448441247 0.07123534715960325 0.8385291766586731 0.06717763751127143 0.8369304556354917 0.06266907123534717 0.841726618705036 0.06402164111812444 0.8577138289368506 0.06672678088367899 0.8641087130295764
0 0.215058611361587 0.4796163069544365 0.22768259693417492 0.5139888089528377 0.23624887285843102 0.5163868904876099 0.24571686203787196 0.5067945643485212 0.24571686203787196 0.5011990407673861 0.22948602344454463 0.44844124700239807 0.22091974752028853 0.44844124700239807 0.21145175834084762 0.4572342126298961 0.21100090171325517 0.4636290967226219 0.215058611361587 0.4796163069544365
0 0.24165915238954014 0.5507593924860112 0.24661857529305684 0.5515587529976019 0.2515779981965735 0.5467625899280576 0.2520288548241659 0.5403677058353318 0.24436429215509467 0.5179856115107914 0.2412082957619477 0.5163868904876099 0.23850315599639313 0.5187849720223822 0.23624887285843102 0.5259792166266987 0.23624887285843102 0.5355715427657874 0.24165915238954014 0.5507593924860112
0 0.15779981965734896 0.7234212629896084 0.17177637511271418 0.709832134292566 0.1740306582506763 0.7026378896882494 0.17177637511271418 0.6946442845723421 0.16771866546438233 0.6930455635491607 0.15464382326420198 0.7034372501998403 0.1501352569882777 0.7114308553157473 0.15058611361587015 0.7170263788968825 0.15779981965734896 0.7234212629896084
0 0.08115419296663662 0.6139088729016786 0.09242560865644725 0.6059152677857713 0.09558160504959423 0.6011191047162271 0.09558160504959423 0.5963229416466826 0.0915238954012624 0.5827338129496403 0.08836789900811542 0.577937649880096 0.08476104598737601 0.577937649880096 0.07754733994589721 0.5875299760191847 0.07754733994589721 0.6035171862509993 0.08115419296663662 0.6139088729016786
0 0.20243462578899912 0.2877697841726619 0.22091974752028853 0.27737809752198245 0.2249774571686204 0.27098321342925663 0.22452660054102797 0.2613908872901679 0.22001803426510372 0.24460431654676262 0.21009918845807032 0.2470023980815348 0.20288548241659152 0.2541966426858513 0.19477006311992787 0.2557953637090328 0.19612263300270513 0.27258193445243806 0.20243462578899912 0.2877697841726619
0 0.2560865644724978 0.24060751398880897 0.26825969341749323 0.23900879296562752 0.2750225428313796 0.23261390887290168 0.2750225428313796 0.21662669864108713 0.26825969341749323 0.21582733812949642 0.2578899909828674 0.21982414068745004 0.2556357078449053 0.2238209432454037 0.2560865644724978 0.24060751398880897
0 0.1406672678088368 0.5451638689048761 0.1496844003606853 0.5715427657873702 0.15374211000901714 0.5755395683453238 0.15960324616771868 0.5715427657873702 0.16140667267808836 0.5683453237410072 0.16050495942290352 0.5539568345323741 0.15058611361587015 0.5267785771382895 0.14833183047790804 0.5243804956035172 0.1442741208295762 0.525179856115108 0.13976555455365194 0.5307753796962431 0.13931469792605952 0.5395683453237411 0.1406672678088368 0.5451638689048761
0 0.11812443642921551 0.5723421262989609 0.12353471596032461 0.5715427657873702 0.1289449954914337 0.5643485211830536 0.1280432822362489 0.5571542765787371 0.12353471596032461 0.5451638689048761 0.11947700631199279 0.5451638689048761 0.11226330027051398 0.5547561950439649 0.11316501352569883 0.5635491606714629 0.11812443642921551 0.5723421262989609
0 0.35662759242560865 0.8433253397282174 0.3633904418394951 0.844924060751399 0.3647430117222723 0.841726618705036 0.3633904418394951 0.8209432454036771 0.35933273219116324 0.8177458033573143 0.3525698827772768 0.8193445243804957 0.3525698827772768 0.8377298161470824 0.35662759242560865 0.8433253397282174
0 0.1920649233543733 0.09992006394884093 0.19657348963029758 0.09992006394884093 0.20649233543733095 0.0903277378097522 0.20829576194770064 0.08553157474020784 0.20649233543733095 0.07194244604316548 0.20288548241659152 0.06155075939248601 0.19927862939585214 0.06314948041566747 0.18800721370604148 0.07753796962430057 0.18710550045085664 0.08473221422861711 0.1920649233543733 0.09992006394884093
0 0.36203787195671777 0.9184652278177459 0.3868349864743012 0.9232613908872902 0.38954012623985573 0.9216626698641087 0.39269612263300274 0.9144684252597922 0.39269612263300274 0.8984812150279777 0.38773669972948605 0.8912869704236611 0.36834986474301173 0.8864908073541167 0.36203787195671777 0.8864908073541167 0.3602344454463481 0.8888888888888888 0.35978358881875566 0.9128697042366107 0.36203787195671777 0.9184652278177459
0 0.14382326420198377 0.07194244604316548 0.1582506762849414 0.062350119904076746 0.1618575293056808 0.05675459632294165 0.16321009918845808 0.050359712230215826 0.16140667267808836 0.042366107114308556 0.15779981965734896 0.036770583533173466 0.15058611361587015 0.03836930455635491 0.13615870153291254 0.050359712230215826 0.13660955816050496 0.059952038369304565 0.14382326420198377 0.07194244604316548
0 0.2750225428313796 0.1750599520383693 0.281785392245266 0.20543565147881696 0.2871956717763751 0.20623501199040767 0.2971145175834085 0.19904076738609114 0.2980162308385933 0.19104716227018384 0.29260595130748424 0.16147082334132695 0.28539224526600543 0.15987210231814547 0.2763751127141569 0.1654676258992806 0.2750225428313796 0.16786570743405277 0.2750225428313796 0.1750599520383693
0 0.0825067628494139 0.827338129496403 0.08611361587015329 0.8281374900079936 0.09332732191163211 0.8217426059152678 0.09377817853922453 0.815347721822542 0.08972046889089269 0.800959232613909 0.08431018935978359 0.8001598721023181 0.07844905320108204 0.806554756195044 0.07799819657348962 0.8121502797761792 0.0825067628494139 0.827338129496403
0 0.5347159603246168 0.8193445243804957 0.5360685302073941 0.82414068745004 0.5468890892696122 0.8249400479616307 0.5518485121731289 0.8209432454036771 0.5522993688007214 0.809752198241407 0.5504959422903517 0.8033573141486812 0.5401262398557259 0.8025579536370904 0.5360685302073941 0.8049560351718625 0.5347159603246168 0.8073541167066347 0.5347159603246168 0.8193445243804957
0 0.18890892696122633 0.9872102318145485 0.19251577998196576 0.9888089528377298 0.20468890892696123 0.982414068745004 0.20829576194770064 0.9768185451638689 0.20649233543733095 0.9648281374900081 0.20288548241659152 0.9568345323741008 0.20018034265103696 0.9560351718625101 0.18890892696122633 0.9664268585131894 0.18575293056807937 0.9728217426059154 0.18530207394048692 0.9768185451638689 0.18890892696122633 0.9872102318145485