0 0.07980162308385934 0.8113509192645884 0.09558160504959423 0.8129496402877698 0.09738503155996393 0.8089528377298163 0.09738503155996393 0.7985611510791367 0.09467989179440937 0.7945643485211831 0.08070333633904418 0.7929656274980017 0.07844905320108204 0.797761790567546 0.07754733994589721 0.8073541167066347 0.07980162308385934 0.8113509192645884
0 0.9837691614066727 0.3613109512390088 0.9914337240757439 0.36370903277378097 0.9995491433724076 0.36211031175059955 0.9995491433724076 0.33812949640287776 0.9954914337240758 0.3341326938449241 0.9842200180342651 0.3341326938449241 0.9824165915238955 0.33733013589128696 0.9824165915238955 0.354916067146283 0.9837691614066727 0.3613109512390088
0 0.958521190261497 0.3844924060751399 0.9774571686203787 0.3868904876099121 0.9801623083859333 0.3836930455635492 0.9810640216411182 0.36930455635491605 0.9783588818755636 0.3581135091926459 0.9589720468890893 0.35651478816946447 0.9562669071235348 0.35891286970423664 0.9558160504959423 0.37729816147082335 0.958521190261497 0.3844924060751399
0 0.28313796212804326 0.6714628297362111 0.2862939585211903 0.6786570743405277 0.30387736699729484 0.6786570743405277 0.30387736699729484 0.6658673061550759 0.3007213706041479 0.6594724220623502 0.2957619477006312 0.6586730615507593 0.2844905320108206 0.6626698641087131 0.28313796212804326 0.6650679456434853 0.28313796212804326 0.6714628297362111
0 0.5671776375112715 0.4524380495603517 0.5694319206492335 0.4372501998401279 0.5689810640216412 0.4268585131894485 0.563570784490532 0.42366107114308554 0.5586113615870153 0.4244604316546763 0.5563570784490532 0.4276578737010392 0.5568079350766456 0.45003996802557955 0.5671776375112715 0.4524380495603517
0 0.830477908025248 0.9424460431654678 0.8417493237150586 0.9504396482813751 0.8507664562669072 0.947242206235012 0.8534715960324617 0.9280575539568345 0.8534715960324617 0.894484412470024 0.8394950405770965 0.8888888888888888 0.8313796212804329 0.8888888888888888 0.8286744815148782 0.8928856914468426 0.8282236248872858 0.8968824940047961 0.8282236248872858 0.9272581934452439 0.830477908025248 0.9424460431654678
0 0.5906221821460775 0.11270983213429257 0.5951307484220018 0.11270983213429257 0.5973850315599639 0.10871302957633892 0.5964833183047792 0.1015187849720224 0.594229035166817 0.09752198241406874 0.59107303877367 0.09672262190247803 0.5883678990081154 0.09992006394884093 0.5883678990081154 0.10551558752997602 0.5906221821460775 0.11270983213429257
0 0.8606853020739406 0.24300559552358114 0.8638412984670875 0.2478017585931255 0.869702434625789 0.24860111910471622 0.869702434625789 0.2214228617106315 0.8624887285843102 0.21582733812949642 0.8552750225428314 0.21822541966426862 0.8552750225428314 0.2294164668265388 0.8606853020739406 0.24300559552358114
0 0.4481514878268711 0.1047162270183853 0.4495040577096483 0.10791366906474821 0.45356176735798015 0.10711430855315748 0.45761947700631195 0.09992006394884093 0.4540126239855726 0.07513988808952839 0.4486023444544635 0.07274180655475619 0.4454463480613165 0.07593924860111911 0.4449954914337241 0.08473221422861711 0.4481514878268711 0.1047162270183853
0 0.9075743913435527 0.390087929656275 0.9192966636609557 0.3908872901678657 0.9201983769161407 0.37809752198241414 0.9188458070333634 0.36850519584332536 0.9156898106402165 0.36530775379696245 0.9066726780883679 0.3661071143085532 0.9062218214607755 0.3820943245403677 0.9075743913435527 0.390087929656275
0 0 0.8497202238209433 0.009017132551848512 0.8513189448441247 0.012623985572587917 0.8489208633093526 0.012173128944995492 0.8361310951239008 0.00721370604147881 0.832933653077538 0 0.832933653077538 0 0.8497202238209433
0 0.7119026149684401 0.8001598721023181 0.7119026149684401 0.7881694644284573 0.7105500450856627 0.7849720223820944 0.6988277727682598 0.7849720223820944 0.6992786293958522 0.8001598721023181 0.7119026149684401 0.8001598721023181
0 0.48737601442741213 0.17825739408473223 0.48963029756537424 0.1750599520383693 0.4905320108205591 0.1566746602717826 0.4882777276825969 0.15027977617905677 0.4806131650135257 0.14948041566746603 0.47249774571686204 0.15987210231814547 0.47294860234445446 0.17426059152677859 0.48737601442741213 0.17825739408473223
0 0.20694319206492334 0.8225419664268585 0.21550946798917944 0.8257394084732215 0.2321911632100992 0.82414068745004 0.23083859332732193 0.8089528377298163 0.22678088367899008 0.8057553956834532 0.20829576194770064 0.8041566746602719 0.20468890892696123 0.8081534772182254 0.20423805229936878 0.818545163868905 0.20694319206492334 0.8225419664268585
0 0.9008115419296664 0.3317346123101519 0.9156898106402165 0.3317346123101519 0.9197475202885483 0.32773780975219824 0.9188458070333634 0.3205435651478817 0.9080252479711453 0.31254996003197444 0.8994589720468892 0.31254996003197444 0.897204688908927 0.3149480415667466 0.897204688908927 0.3253397282174261 0.9008115419296664 0.3317346123101519
0 0.8142470694319207 0.9488409272581935 0.8160504959422903 0.9520383693045564 0.8295761947700632 0.9528377298161471 0.8300270513976555 0.9360511590727418 0.8277727682596934 0.9304556354916067 0.8142470694319207 0.9288569144684253 0.8133453561767359 0.9400479616306955 0.8142470694319207 0.9488409272581935
0 0.7119026149684401 0.06874500399680256 0.7276825969341749 0.07114308553157474 0.7303877366997296 0.06794564348521183 0.7308385933273219 0.04636290967226219 0.7290351668169522 0.03916866506794565 0.7204688908926962 0.03597122302158274 0.7123534715960325 0.03597122302158274 0.7100991884580703 0.03916866506794565 0.7096483318304779 0.05915267785771383 0.7119026149684401 0.06874500399680256
0 0.6587015329125337 0.2030375699440448 0.6668169522091975 0.2030375699440448 0.6686203787195673 0.19344524380495606 0.6686203787195673 0.17825739408473223 0.6672678088367898 0.17266187050359713 0.6627592425608656 0.16946442845723422 0.657799819657349 0.17026378896882494 0.6537421100090172 0.17825739408473223 0.6541929666366095 0.19824140687450043 0.6587015329125337 0.2030375699440448
0 0.7439134355275022 0.30375699440447645 0.7556357078449053 0.3061550759392486 0.7596934174932372 0.30295763389288566 0.7596934174932372 0.2965627498001599 0.7556357078449053 0.29256594724220625 0.7407574391343553 0.293365307753797 0.7407574391343553 0.30055955235811355 0.7439134355275022 0.30375699440447645
0 0.890892696122633 0.9440447641886491 0.9080252479711453 0.947242206235012 0.9107303877366997 0.9432454036770584 0.9102795311091073 0.9280575539568345 0.8944995491433724 0.9232613908872902 0.8904418394950405 0.9232613908872902 0.8895401262398558 0.9264588329336532 0.8890892696122633 0.9416466826538769 0.890892696122633 0.9440447641886491
0 0.12173128944995491 0.7985611510791367 0.1339044183949504 0.8001598721023181 0.13706041478809738 0.7969624300559552 0.1388638412984671 0.7873701039168666 0.1388638412984671 0.7753796962430056 0.1375112714156898 0.7721822541966427 0.13119927862939584 0.7649880095923263 0.12218214607754734 0.7649880095923263 0.11992786293958521 0.7689848121502798 0.11947700631199279 0.7865707434052758 0.12173128944995491 0.7985611510791367
0 0.05590622182146077 0.9608313349320544 0.06176735798016231 0.9640287769784173 0.07168620378719567 0.9624300559552359 0.07168620378719567 0.9432454036770584 0.06898106402164111 0.9312549960031975 0.05680793507664563 0.9304556354916067 0.05410279531109107 0.9440447641886491 0.05410279531109107 0.9560351718625101 0.05590622182146077 0.9608313349320544
0 0.9842200180342651 0.9904076738609113 0.9909828674481516 0.9928057553956835 0.9995491433724076 0.9920063948840928 0.9995491433724076 0.9584332533972821 0.9869251577998197 0.9584332533972821 0.9806131650135257 0.9552358113509193 0.9792605951307485 0.9656274980015987 0.978809738503156 0.9808153477218226 0.9842200180342651 0.9904076738609113
0 0.633453561767358 0.4748201438848921 0.6474301172227231 0.4740207833733014 0.6478809738503156 0.45163868904876103 0.6451758340847611 0.43884892086330934 0.6357078449053201 0.4356514788169465 0.633453561767358 0.43804956035171866 0.6325518485121732 0.44844124700239807 0.6321009918845808 0.4636290967226219 0.633453561767358 0.4748201438848921
0 0.7200180342651037 0.8017585931254997 0.721370604147881 0.7905675459632294 0.7204688908926962 0.7857713828936851 0.7141568981064021 0.7849720223820944 0.7137060414788097 0.800959232613909 0.7200180342651037 0.8017585931254997
0 0.5500450856627592 0.35171862509992013 0.560414788097385 0.35411670663469225 0.5631199278629396 0.35091926458832934 0.5640216411181245 0.3333333333333333 0.560414788097385 0.3229416466826539 0.5500450856627592 0.32214228617106316 0.5477908025247972 0.32693844924060755 0.5477908025247972 0.3405275779376499 0.5500450856627592 0.35171862509992013
0 0.7421100090171326 0.28936850519584334 0.7551848512173129 0.2901678657074341 0.757439134355275 0.2869704236610712 0.7565374211000901 0.2805755395683453 0.7520288548241659 0.27737809752198245 0.7421100090171326 0.27577937649880097 0.7385031559963932 0.2789768185451639 0.7385031559963932 0.28617106314948043 0.7421100090171326 0.28936850519584334
0 0.5676284941388638 0.1894484412470024 0.5734896302975654 0.19344524380495606 0.5784490532010821 0.1918465227817746 0.5784490532010821 0.17106314948041568 0.5712353471596032 0.16706634692246206 0.5622182146077548 0.16866506794564348 0.563570784490532 0.1806554756195044 0.5676284941388638 0.1894484412470024
0 0.706492335437331 0.7753796962430056 0.7182146077547341 0.7777777777777778 0.7227231740306583 0.7753796962430056 0.7231740306582507 0.7673860911270984 0.721370604147881 0.7601918465227818 0.7137060414788097 0.756994404476419 0.7051397655545536 0.7585931254996003 0.7046889089269612 0.7689848121502798 0.706492335437331 0.7753796962430056
0 0.6064021641118125 0.10871302957633892 0.609107303877367 0.10551558752997602 0.609107303877367 0.09832134292565947 0.60595130748422 0.09272581934452438 0.6018935978358882 0.09272581934452438 0.5982867448151488 0.09752198241406874 0.5987376014427412 0.10951239008792966 0.6064021641118125 0.10871302957633892
0 0.11947700631199279 0.8760991207034373 0.1280432822362489 0.8784972022382095 0.1388638412984671 0.8760991207034373 0.13931469792605952 0.8569144684252599 0.13706041478809738 0.8513189448441247 0.1289449954914337 0.850519584332534 0.11947700631199279 0.8521183053557154 0.11767357980162309 0.8545163868904877 0.11767357980162309 0.871302957633893 0.11947700631199279 0.8760991207034373
0 0.869702434625789 0.34612310151878495 0.8899909828674482 0.34852118305355717 0.8922452660054103 0.34532374100719426 0.8935978358881875 0.33253397282174263 0.8904418394950405 0.3165467625899281 0.869702434625789 0.3149480415667466 0.8678990081154194 0.31734612310151883 0.8674481514878268 0.3309352517985612 0.869702434625789 0.34612310151878495
0 0.7799819657348963 0.31414868105515587 0.7908025247971145 0.3181454836131095 0.8043282236248873 0.31734612310151883 0.805229936880072 0.29576338928856916 0.8011722272317404 0.2829736211031175 0.7858431018935979 0.2813749000799361 0.7786293958521191 0.28936850519584334 0.7781785392245266 0.3077537969624301 0.7799819657348963 0.31414868105515587
0 0.28584310189359785 0.6778577138289369 0.2966636609558161 0.6802557953637091 0.30387736699729484 0.6786570743405277 0.3034265103697024 0.6642685851318945 0.2975653742110009 0.657074340527578 0.2935076645626691 0.6474820143884892 0.28539224526600543 0.6458832933653078 0.2822362488728584 0.6474820143884892 0.2813345356176736 0.6506794564348523 0.281785392245266 0.6682653876898482 0.28584310189359785 0.6778577138289369