0 0.9238052299368801 0.5499600319744204 0.9278629395852119 0.5603517186250999 0.9323715058611362 0.5619504396482814 0.9355275022542832 0.5587529976019185 0.9422903516681695 0.5443645083932854 0.9436429215509469 0.5291766586730615 0.9386834986474301 0.5211830535571543 0.930117222723174 0.5179856115107914 0.9283137962128044 0.5195843325339728 0.9251577998196574 0.5299760191846523 0.9233543733092877 0.542765787370104 0.9238052299368801 0.5499600319744204
0 0.6645626690712354 0.9024780175859313 0.6681695220919748 0.9016786570743406 0.6713255184851218 0.8960831334932055 0.6753832281334536 0.8816946442845724 0.6762849413886385 0.8729016786570745 0.6722272317403066 0.8665067945643485 0.6645626690712354 0.8609112709832134 0.6600541027953112 0.8657074340527579 0.6564472497745717 0.8800959232613909 0.6568981064021642 0.8936850519584333 0.6645626690712354 0.9024780175859313
0 0.8205590622182147 0.44924060751398887 0.8246167718665464 0.44924060751398887 0.8286744815148782 0.43884892086330934 0.8277727682596934 0.416466826538769 0.8219116321009919 0.40527577937649883 0.8178539224526601 0.4020783373301359 0.8142470694319207 0.40367705835331735 0.8101893597835889 0.4140687450039968 0.8070333633904418 0.4348521183053557 0.8205590622182147 0.44924060751398887
0 0.6785392245266005 0.9896083133493206 0.6848512173128946 0.9888089528377298 0.6911632100991884 0.9688249400479617 0.6902614968440036 0.9568345323741008 0.6862037871956718 0.9520383693045564 0.6789900811541929 0.9496402877697842 0.6740306582506763 0.9528377298161471 0.6731289449954915 0.9832134292565947 0.6785392245266005 0.9896083133493206
0 0.5883678990081154 0.9088729016786572 0.5928764652840397 0.9016786570743406 0.5955816050495942 0.8888888888888888 0.5955816050495942 0.8800959232613909 0.5888187556357078 0.8689048760991207 0.5816050495942291 0.8641087130295764 0.5779981965734896 0.871302957633893 0.5734896302975654 0.8888888888888888 0.5734896302975654 0.8968824940047961 0.5883678990081154 0.9088729016786572
0 0.8606853020739406 0.9264588329336532 0.8660955816050496 0.9256594724220625 0.8724075743913436 0.9056754596322941 0.871956717763751 0.8960831334932055 0.869702434625789 0.8872901678657075 0.8611361587015329 0.8800959232613909 0.8557258791704238 0.8808952837729817 0.8543733092876465 0.8832933653077538 0.8498647430117223 0.9008792965627499 0.8503155996393147 0.9144684252597922 0.8606853020739406 0.9264588329336532
0 0.7772768259693417 0.1574740207833733 0.7894499549143373 0.16866506794564348 0.796663660955816 0.17106314948041568 0.8214607754733995 0.08313349320543566 0.8228133453561768 0.07513988808952839 0.8219116321009919 0.06634692246203039 0.8074842200180342 0.05195843325339729 0.80297565374211 0.050359712230215826 0.8002705139765555 0.05275779376498801 0.7912533814247069 0.0903277378097522 0.7844905320108205 0.10951239008792966 0.7750225428313796 0.14708233413269386 0.7745716862037872 0.15347721822541965 0.7772768259693417 0.1574740207833733
0 0.7772768259693417 0.8760991207034373 0.7871956717763752 0.8832933653077538 0.7899008115419297 0.8832933653077538 0.793507664562669 0.8760991207034373 0.7948602344454464 0.8673061550759393 0.7939585211902616 0.8601119104716227 0.7853922452660055 0.8481215027977619 0.7790802524797115 0.8473221422861711 0.7741208295761948 0.8529176658673061 0.7727682596934174 0.859312549960032 0.7723174030658251 0.8697042366107114 0.7772768259693417 0.8760991207034373
0 0.6451758340847611 0.8896882494004797 0.6510369702434625 0.8800959232613909 0.6555455365193867 0.8545163868904877 0.6532912533814247 0.8497202238209433 0.6456266907123535 0.8433253397282174 0.6379621280432822 0.8425259792166268 0.633453561767358 0.850519584332534 0.630297565374211 0.8649080735411672 0.6307484220018034 0.8776978417266187 0.6451758340847611 0.8896882494004797
0 0.7822362488728585 0.7921662669864108 0.7899008115419297 0.7953637090327739 0.793507664562669 0.7905675459632294 0.796663660955816 0.7785771382893686 0.796663660955816 0.771382893685052 0.7894499549143373 0.756994404476419 0.7862939585211903 0.7553956834532374 0.7817853922452661 0.7601918465227818 0.7790802524797115 0.7857713828936851 0.7822362488728585 0.7921662669864108
0 0.9887285843101894 0.973621103117506 0.9945897204688909 0.973621103117506 0.9972948602344455 0.9648281374900081 0.9995491433724076 0.9632294164668266 0.9995491433724076 0.9432454036770584 0.9950405770964834 0.938449240607514 0.9878268710550046 0.9344524380495605 0.9851217312894499 0.9352517985611511 0.9806131650135257 0.9488409272581935 0.9797114517583408 0.9632294164668266 0.9887285843101894 0.973621103117506
0 0.6880072137060416 0.5563549160671463 0.6925157799819658 0.5619504396482814 0.6997294860234445 0.5619504396482814 0.7028854824165914 0.5507593924860112 0.7024346257889991 0.5387689848121503 0.6929666366095582 0.5307753796962431 0.6884580703336339 0.5355715427657874 0.6866546438232641 0.5451638689048761 0.6880072137060416 0.5563549160671463