0 0.20784490532010821 0.5643485211830536 0.23354373309287646 0.5683453237410072 0.23895401262398558 0.5683453237410072 0.24165915238954014 0.5643485211830536 0.24030658250676284 0.5587529976019185 0.23534715960324618 0.5555555555555556 0.2164111812443643 0.5523581135091926 0.20559062218214608 0.5539568345323741 0.20513976555455368 0.5603517186250999 0.20784490532010821 0.5643485211830536
0 0.7200180342651037 0.062350119904076746 0.7524797114517583 0.06474820143884892 0.7556357078449053 0.06155075939248601 0.7547339945897205 0.04636290967226219 0.7484220018034266 0.042366107114308556 0.7249774571686204 0.03916866506794565 0.7200180342651037 0.042366107114308556 0.7177637511271415 0.04876099120703437 0.7173128944995492 0.05755395683453238 0.7200180342651037 0.062350119904076746
0 0.046889089269612265 0.2470023980815348 0.06807935076645627 0.2501998401278977 0.07168620378719567 0.24620303756994405 0.07123534715960325 0.23741007194244604 0.06807935076645627 0.2334132693844924 0.04733994589720469 0.22861710631494805 0.044634806131650134 0.23101518784972022 0.044634806131650134 0.24300559552358114 0.046889089269612265 0.2470023980815348
0 0.9887285843101894 0.7945643485211831 0.9995491433724076 0.7945643485211831 0.9995491433724076 0.765787370103917 0.9846708746618575 0.762589928057554 0.9842200180342651 0.7897681854516387 0.9887285843101894 0.7945643485211831
0 0.014878268710550046 0.24940047961630699 0.029305680793507663 0.24940047961630699 0.030658250676284943 0.24540367705835334 0.029756537421100092 0.23741007194244604 0.027953110910730387 0.23661071143085532 0.012173128944995492 0.23820943245403678 0.011722272317403066 0.24460431654676262 0.014878268710550046 0.24940047961630699
0 0.27186654643823266 0.050359712230215826 0.28088367899008115 0.049560351718625106 0.28268710550045084 0.04316546762589928 0.2813345356176736 0.02797761790567546 0.27592425608656446 0.023980815347721826 0.2687105500450857 0.02557953637090328 0.2687105500450857 0.04636290967226219 0.27186654643823266 0.050359712230215826
0 0.2091974752028855 0.5187849720223822 0.2339945897204689 0.525179856115108 0.23985572587917042 0.525179856115108 0.24211000901713256 0.521982414068745 0.242560865644725 0.5027977617905676 0.2407574391343553 0.49640287769784175 0.21370604147880973 0.49000799360511593 0.2073940486925158 0.4908073541167067 0.20649233543733095 0.495603517186251 0.20649233543733095 0.5115907274180655 0.2091974752028855 0.5187849720223822
0 0.2484220018034265 0.04876099120703437 0.2587917042380523 0.050359712230215826 0.2610459873760144 0.04796163069544365 0.2610459873760144 0.03597122302158274 0.2583408476104599 0.02717825739408473 0.25293056807935077 0.024780175859312553 0.24752028854824168 0.026378896882494004 0.24661857529305684 0.0407673860911271 0.2484220018034265 0.04876099120703437
0 0.008115419296663661 0.22861710631494805 0.023895401262398558 0.2270183852917666 0.02254283137962128 0.2126298960831335 0.008566275924256087 0.21103117505995203 0.006762849413886384 0.21342925659472425 0.0063119927862939585 0.2270183852917666 0.008115419296663661 0.22861710631494805
0 0.9440937781785392 0.3669064748201439 0.9522091974752029 0.37250199840127896 0.9657348963029756 0.36930455635491605 0.9675383228133454 0.3645083932853717 0.967087466185753 0.3341326938449241 0.9657348963029756 0.328537170263789 0.9463480613165013 0.31894484412470026 0.9427412082957619 0.31974420463629094 0.9418394950405771 0.3229416466826539 0.9413886384129847 0.35331734612310156 0.9440937781785392 0.3669064748201439
0 0.19927862939585214 0.9080735411670664 0.2249774571686204 0.91207034372502 0.22723174030658252 0.9112709832134293 0.2285843101893598 0.9072741806554757 0.2285843101893598 0.9040767386091128 0.2249774571686204 0.9000799360511591 0.20288548241659152 0.8952837729816148 0.19702434625788998 0.8960831334932055 0.19657348963029758 0.9032773780975221 0.19927862939585214 0.9080735411670664
0 0.5856627592425608 0.3908872901678657 0.6009918845807034 0.3932853717026379 0.6095581605049595 0.3932853717026379 0.611361587015329 0.3908872901678657 0.6109107303877367 0.3828936850519585 0.609107303877367 0.38049560351718625 0.5834084761045988 0.37969624300559557 0.5825067628494138 0.3868904876099121 0.5856627592425608 0.3908872901678657
0 0.04328223624887286 0.938449240607514 0.04959422903516681 0.9352517985611511 0.05049594229035167 0.9168665067945644 0.04733994589720469 0.9024780175859313 0.029305680793507663 0.906474820143885 0.030207394048692517 0.9360511590727418 0.04328223624887286 0.938449240607514
0 0.20513976555455368 0.5835331734612311 0.20649233543733095 0.5859312549960032 0.22723174030658252 0.5907274180655476 0.23354373309287646 0.5907274180655476 0.23534715960324618 0.5883293365307755 0.23534715960324618 0.5835331734612311 0.23174030658250674 0.5795363709032775 0.20649233543733095 0.5739408473221423 0.20513976555455368 0.5763389288569145 0.20513976555455368 0.5835331734612311
0 0.15058611361587015 0.2414068745003997 0.17177637511271418 0.2414068745003997 0.17177637511271418 0.23101518784972022 0.1704238052299369 0.2278177458033573 0.1496844003606853 0.2270183852917666 0.14697926059513075 0.2294164668265388 0.14743011722272317 0.23820943245403678 0.15058611361587015 0.2414068745003997
0 0.5 0.12470023980815349 0.5193868349864743 0.12629896083133493 0.5216411181244364 0.12070343725019984 0.5216411181244364 0.1167066346922462 0.5189359783588818 0.1135091926458833 0.5040577096483319 0.11031175059952039 0.4977457168620379 0.11031175059952039 0.49639314697926057 0.11270983213429257 0.49639314697926057 0.12150279776179057 0.5 0.12470023980815349
0 0.6780883678990081 0.018385291766586733 0.6979260595130748 0.019984012789768184 0.7042380522993689 0.014388489208633094 0.7037871956717764 0 0.6740306582506763 0 0.6731289449954915 0.002398081534772182 0.6731289449954915 0.01278976818545164 0.6780883678990081 0.018385291766586733
0 0.15058611361587015 0.34212629896083135 0.16636609558160506 0.3413269384492406 0.16681695220919746 0.3317346123101519 0.16321009918845808 0.31734612310151883 0.1478809738503156 0.31734612310151883 0.14743011722272317 0.33733013589128696 0.15058611361587015 0.34212629896083135
0 0.2091974752028855 0.7090327737809753 0.23264201983769162 0.7114308553157473 0.23489630297565375 0.7074340527577938 0.2339945897204689 0.701039168665068 0.23083859332732193 0.6986410871302958 0.21009918845807032 0.6946442845723421 0.2037871956717764 0.695443645083933 0.20198376916140667 0.697841726618705 0.20288548241659152 0.7066346922462031 0.2091974752028855 0.7090327737809753
0 0.20513976555455368 0.7274180655475619 0.2249774571686204 0.7298161470823342 0.23354373309287646 0.7298161470823342 0.2344454463480613 0.7274180655475619 0.2344454463480613 0.7210231814548362 0.23128944995491435 0.7170263788968825 0.2091974752028855 0.7122302158273383 0.20288548241659152 0.7122302158273383 0.2006311992786294 0.7154276578737011 0.20108205590622183 0.7226219024780176 0.20513976555455368 0.7274180655475619
0 0.8038773669972948 0.08313349320543566 0.8228133453561768 0.08872901678657075 0.8286744815148782 0.08872901678657075 0.8300270513976555 0.08633093525179857 0.8309287646528404 0.059952038369304565 0.8286744815148782 0.05115907274180656 0.8223624887285843 0.04796163069544365 0.8065825067628495 0.04716227018385292 0.80297565374211 0.055155875299760196 0.8025247971145176 0.0783373301358913 0.8038773669972948 0.08313349320543566
0 0.6798917944093779 0.1015187849720224 0.6992786293958522 0.10791366906474821 0.7042380522993689 0.10791366906474821 0.706492335437331 0.10551558752997602 0.7051397655545536 0.09832134292565947 0.7024346257889991 0.09512390087929656 0.6871055004508567 0.0903277378097522 0.6821460775473399 0.0903277378097522 0.6771866546438233 0.09432454036770584 0.6767357980162308 0.09832134292565947 0.6798917944093779 0.1015187849720224
0 0.1289449954914337 0.9992006394884093 0.12939585211902616 0.9968025579536371 0.1284941388638413 0.9880095923261392 0.1248872858431019 0.9840127897681855 0.10775473399458972 0.982414068745004 0.10550045085662758 0.9848121502797762 0.10504959422903516 0.9992006394884093 0.1289449954914337 0.9992006394884093
0 0.6352569882777277 0.2821742605915268 0.6541929666366095 0.2829736211031175 0.6564472497745717 0.2805755395683453 0.6587015329125337 0.26298960831334933 0.657799819657349 0.2557953637090328 0.6447249774571686 0.25099920063948844 0.6370604147880974 0.25099920063948844 0.6339044183949504 0.2557953637090328 0.633453561767358 0.2717825739408473 0.6352569882777277 0.2821742605915268
0 0.5356176735798016 0.42206235011990406 0.542380522993688 0.425259792166267 0.5504959422903517 0.425259792166267 0.5559062218214608 0.4212629896083134 0.5572587917042381 0.40527577937649883 0.5559062218214608 0.39728217426059154 0.5360685302073941 0.39408473221422863 0.5333633904418394 0.3980815347721823 0.5329125338142471 0.4132693844924061 0.5356176735798016 0.42206235011990406
0 0.2285843101893598 0.02877697841726619 0.23985572587917042 0.02877697841726619 0.2407574391343553 0.020783373301358914 0.23895401262398558 0.014388489208633094 0.23309287646528404 0.011191047162270184 0.22768259693417492 0.01278976818545164 0.22723174030658252 0.02557953637090328 0.2285843101893598 0.02877697841726619
0 0.6018935978358882 0.32214228617106316 0.6131650135256989 0.3229416466826539 0.6154192966636609 0.3149480415667466 0.6149684400360685 0.28936850519584334 0.5982867448151488 0.2885691446842526 0.5982867448151488 0.31894484412470026 0.6018935978358882 0.32214228617106316
0 0.6596032461677187 0.43165467625899284 0.6884580703336339 0.434052757793765 0.6925157799819658 0.43165467625899284 0.6925157799819658 0.3980815347721823 0.6893597835888188 0.38529176658673064 0.6609558160504959 0.38529176658673064 0.6591523895401262 0.3932853717026379 0.6582506762849414 0.4244604316546763 0.6596032461677187 0.43165467625899284
0 0.5843101893597836 0.10871302957633892 0.6131650135256989 0.10871302957633892 0.6154192966636609 0.10551558752997602 0.6145175834084761 0.08073541167066348 0.6131650135256989 0.07434052757793765 0.6109107303877367 0.07194244604316548 0.5883678990081154 0.07194244604316548 0.584761045987376 0.07274180655475619 0.5825067628494138 0.07673860911270983 0.5825067628494138 0.10551558752997602 0.5843101893597836 0.10871302957633892
0 0.6266907123534716 0.10391686650679458 0.6424706943192064 0.10791366906474821 0.6496844003606853 0.10631494804156676 0.6510369702434625 0.04636290967226219 0.6492335437330929 0.03756994404476419 0.6465284039675383 0.03437250199840128 0.6316501352569882 0.031175059952038373 0.6262398557258791 0.03357314148681055 0.6248872858431019 0.03916866506794565 0.6248872858431019 0.1015187849720224 0.6266907123534716 0.10391686650679458
0 0.19927862939585214 0.9264588329336532 0.2249774571686204 0.9288569144684253 0.22768259693417492 0.9248601119104717 0.2249774571686204 0.9176658673061552 0.20108205590622183 0.9136690647482014 0.19612263300270513 0.9160671462829737 0.19612263300270513 0.9232613908872902 0.19927862939585214 0.9264588329336532