0 0.2993688007213706 0.9992006394884093 0.30162308385933273 0.991207034372502 0.30162308385933273 0.9856115107913669 0.29981965734896304 0.9816147082334133 0.29486023444544635 0.9768185451638689 0.28809738503155996 0.9744204636290967 0.28268710550045084 0.9752198241406874 0.2795311091073039 0.9872102318145485 0.2799819657348963 0.9992006394884093 0.2993688007213706 0.9992006394884093
0 0.693868349864743 0.2478017585931255 0.703336339044184 0.2517985611510791 0.706492335437331 0.24540367705835334 0.7087466185752931 0.23261390887290168 0.7082957619477006 0.22621902478017586 0.7046889089269612 0.2126298960831335 0.6992786293958522 0.20463629096722624 0.6961226330027052 0.20223820943245407 0.6925157799819658 0.20463629096722624 0.6871055004508567 0.22541966426858515 0.6871055004508567 0.23820943245403678 0.693868349864743 0.2478017585931255
0 0.49729486023444547 0.8001598721023181 0.5036068530207394 0.7945643485211831 0.5072137060414789 0.7857713828936851 0.503155996393147 0.7769784172661871 0.4954914337240758 0.7705835331734613 0.4927862939585212 0.771382893685052 0.4891794409377818 0.7809752198241406 0.4882777276825969 0.7945643485211831 0.49729486023444547 0.8001598721023181
0 0.6095581605049595 0.17106314948041568 0.6149684400360685 0.17665867306155078 0.6203787195671777 0.1750599520383693 0.6235347159603246 0.16386890487609912 0.6230838593327321 0.15347721822541965 0.6212804328223626 0.15027977617905677 0.611361587015329 0.14548361310951238 0.6055004508566276 0.15347721822541965 0.6055004508566276 0.16147082334132695 0.6095581605049595 0.17106314948041568
0 0.40712353471596036 0.8073541167066347 0.40712353471596036 0.8105515587529977 0.418394950405771 0.8121502797761792 0.42155094679891797 0.8041566746602719 0.42290351668169524 0.7937649880095924 0.4197475202885482 0.7825739408473221 0.41073038773669973 0.7745803357314149 0.4075743913435528 0.7745803357314149 0.4035166816952209 0.7841726618705037 0.40171325518485124 0.797761790567546 0.40712353471596036 0.8073541167066347
0 0.5712353471596032 0.442845723421263 0.5775473399458972 0.44844124700239807 0.5816050495942291 0.4452438049560352 0.5843101893597836 0.43005595523581136 0.5829576194770063 0.425259792166267 0.5739404869251578 0.4212629896083134 0.569882777276826 0.42845723421262993 0.5694319206492335 0.43804956035171866 0.5712353471596032 0.442845723421263
0 0.8656447249774571 0.1111111111111111 0.8755635707844905 0.11750599520383694 0.8800721370604149 0.1135091926458833 0.8836789900811541 0.10311750599520383 0.8805229936880072 0.09272581934452438 0.872858431018936 0.08313349320543566 0.8692515779981966 0.08553157474020784 0.8647430117222724 0.09832134292565947 0.8642921550946799 0.10711430855315748 0.8656447249774571 0.1111111111111111
0 0.587917042380523 0.02158273381294964 0.59107303877367 0.024780175859312553 0.5946798917944094 0.024780175859312553 0.5969341749323716 0.02158273381294964 0.6036970243462578 0.0007993605115907275 0.5865644724977458 0 0.5865644724977458 0.015187849720223821 0.587917042380523 0.02158273381294964
0 0.6018935978358882 0.6666666666666666 0.6073038773669973 0.6690647482014389 0.6136158701532913 0.6666666666666666 0.6176735798016231 0.6586730615507593 0.6172227231740307 0.6498800959232613 0.6136158701532913 0.6346922462030377 0.6073038773669973 0.6346922462030377 0.5991884580703336 0.657074340527578 0.5987376014427412 0.6610711430855316 0.6018935978358882 0.6666666666666666
0 0.5004508566275925 0.3733013589128697 0.5067628494138864 0.39168665067945646 0.5144274120829576 0.40527577937649883 0.5202885482416592 0.4092725819344525 0.5247971145175834 0.4084732214228617 0.5293056807935077 0.39728217426059154 0.5288548241659152 0.3733013589128697 0.5103697024346258 0.34852118305355717 0.5018034265103697 0.3413269384492406 0.4981965734896303 0.3429256594724221 0.49413886384129846 0.35171862509992013 0.49368800721370604 0.36211031175059955 0.5004508566275925 0.3733013589128697
0 0.0951307484220018 0.5915267785771383 0.11632100991884581 0.6123101518784972 0.12353471596032461 0.6163069544364509 0.1266907123534716 0.6091127098321344 0.12714156898106402 0.6003197442046363 0.12533814247069433 0.592326139088729 0.11767357980162309 0.5811350919264588 0.1036970243462579 0.5699440447641887 0.09873760144274121 0.5707434052757794 0.09377817853922453 0.5787370103916867 0.09332732191163211 0.586730615507594 0.0951307484220018 0.5915267785771383
0 0.445897204688909 0.032773780975219824 0.4580703336339044 0.04476418864908074 0.45987376014427417 0.049560351718625106 0.4634806131650135 0.04636290967226219 0.46393146979260597 0.03996802557953637 0.47069431920649235 0.019984012789768184 0.47069431920649235 0.011191047162270184 0.4634806131650135 0.00319744204636291 0.4558160504959423 0.002398081534772182 0.4486023444544635 0.017585931254996006 0.445897204688909 0.02717825739408473 0.445897204688909 0.032773780975219824
0 0.11045987376014427 0.6586730615507593 0.12218214607754734 0.6674660271782575 0.1266907123534716 0.6634692246203038 0.1280432822362489 0.6506794564348523 0.12353471596032461 0.636290967226219 0.11587015329125337 0.6290967226219025 0.1127141568981064 0.6298960831334932 0.10955816050495942 0.6386890487609912 0.10775473399458972 0.6514788169464429 0.11045987376014427 0.6586730615507593
0 0.35933273219116324 0.38529176658673064 0.3674481514878269 0.390087929656275 0.37330928764652843 0.3820943245403677 0.37466185752930564 0.37170263788968827 0.37150586113615874 0.36530775379696245 0.3633904418394951 0.3597122302158273 0.3602344454463481 0.3597122302158273 0.357980162308386 0.36370903277378097 0.35752930568079355 0.381294964028777 0.35933273219116324 0.38529176658673064
0 0 0.2270183852917666 0.009017132551848512 0.23181454836131096 0.01127141568981064 0.2302158273381295 0.015329125338142471 0.22062350119904078 0.016230838593327322 0.2070343725019984 0.009017132551848512 0.1950439648281375 0.0040577096483318306 0.19264588329336532 0 0.19904076738609114 0 0.2270183852917666
0 0.7628494138863842 0.6498800959232613 0.7651036970243462 0.6538768984812151 0.7759242560865645 0.657074340527578 0.7790802524797115 0.6506794564348523 0.7831379621280433 0.6330935251798562 0.7835888187556357 0.6211031175059952 0.7678088367899009 0.6099120703437251 0.7646528403967539 0.6155075939248602 0.7619477006311993 0.6322941646682655 0.7614968440036068 0.6442845723421263 0.7628494138863842 0.6498800959232613
0 0.47745716862037874 0.636290967226219 0.49098286744815145 0.6498800959232613 0.4945897204688909 0.6474820143884892 0.49729486023444547 0.636290967226219 0.49729486023444547 0.6298960831334932 0.4914337240757439 0.6187050359712231 0.48016230838593327 0.6147082334132695 0.47610459873760147 0.6266986410871304 0.47565374211000905 0.6330935251798562 0.47745716862037874 0.636290967226219
0 0.20649233543733095 0.7649880095923263 0.21325518485121733 0.7721822541966427 0.22091974752028853 0.7753796962430056 0.22723174030658252 0.7529976019184652 0.22993688007213708 0.7338129496402878 0.2164111812443643 0.718625099920064 0.21235347159603246 0.7266187050359713 0.20513976555455368 0.7498001598721024 0.20468890892696123 0.7593924860111911 0.20649233543733095 0.7649880095923263
0 0.21325518485121733 0.5227817745803358 0.21596032461677186 0.5291766586730615 0.23083859332732193 0.5491606714628298 0.2357980162308386 0.5523581135091926 0.2430117222723174 0.5515587529976019 0.24436429215509467 0.5323741007194245 0.2407574391343553 0.5139888089528377 0.2236248872858431 0.49640287769784175 0.21911632100991885 0.495603517186251 0.21596032461677186 0.5011990407673861 0.21325518485121733 0.5155875299760192 0.21325518485121733 0.5227817745803358
0 0.4003606853020739 0.5979216626698641 0.4098286744815149 0.6099120703437251 0.4147880973850316 0.6099120703437251 0.418394950405771 0.5963229416466826 0.4165915238954013 0.5851318944844125 0.41118124436429215 0.577937649880096 0.4044183949504058 0.5731414868105515 0.3990081154192967 0.5795363709032775 0.3976555455365194 0.5891286970423661 0.4003606853020739 0.5979216626698641
0 0.1988277727682597 0.5987210231814549 0.20153291253381425 0.6035171862509993 0.22046889089269614 0.6227018385291766 0.22407574391343554 0.6235011990407675 0.22633002705139765 0.6203037569944045 0.2285843101893598 0.6083133493205436 0.2236248872858431 0.595523581135092 0.20694319206492334 0.577937649880096 0.20288548241659152 0.5787370103916867 0.20198376916140667 0.5811350919264588 0.1988277727682597 0.5907274180655476 0.1988277727682597 0.5987210231814549
0 0.4355275022542831 0.08553157474020784 0.445897204688909 0.09832134292565947 0.45356176735798015 0.10391686650679458 0.45852119026149685 0.10391686650679458 0.4621280432822363 0.09832134292565947 0.4643823264201984 0.08952837729816147 0.4630297565374211 0.0815347721822542 0.45356176735798015 0.0671462829736211 0.445897204688909 0.059952038369304565 0.44183949504057707 0.0583533173461231 0.4386834986474301 0.062350119904076746 0.4341749323715059 0.07913669064748202 0.4355275022542831 0.08553157474020784
0 0.6370604147880974 0.41247002398081534 0.6438232642019839 0.4180655475619504 0.6541929666366095 0.42206235011990406 0.6600541027953112 0.390087929656275 0.6528403967538323 0.3749000799360512 0.6474301172227231 0.37010391686650684 0.6433724075743913 0.37010391686650684 0.6343552750225429 0.3996802557953637 0.6339044183949504 0.40447641886490815 0.6370604147880974 0.41247002398081534
0 0.3417493237150586 0.6530775379696243 0.34761045987376016 0.6610711430855316 0.35211902614968443 0.6602717825739409 0.35617673579801623 0.6522781774580336 0.36113615870153287 0.6338928856914469 0.36158701532912535 0.6227018385291766 0.3602344454463481 0.6155075939248602 0.3557258791704238 0.6051159072741806 0.3494138863841299 0.6067146282973622 0.345356176735798 0.6115107913669064 0.34490532010820557 0.6195043964828137 0.3417493237150586 0.6290967226219025 0.34039675383228135 0.6410871302957634 0.3417493237150586 0.6530775379696243
0 0.5216411181244364 0.6067146282973622 0.5261496844003607 0.6067146282973622 0.5320108205590622 0.5883293365307755 0.5302073940486925 0.5827338129496403 0.5207394048692516 0.5723421262989609 0.5175834084761046 0.5731414868105515 0.5112714156898106 0.5883293365307755 0.5117222723174031 0.5971223021582733 0.5216411181244364 0.6067146282973622
0 0.44183949504057707 0.15187849720223823 0.4472497745716862 0.14948041566746603 0.45130748422001804 0.1398880895283773 0.4499549143372408 0.13589128697042366 0.4355275022542831 0.12070343725019984 0.4314697926059513 0.12230215827338131 0.42831379621280435 0.12869704236610713 0.4287646528403968 0.1374900079936051 0.44183949504057707 0.15187849720223823
0 0.6158701532912535 0.7202238209432456 0.6203787195671777 0.7218225419664269 0.6375112714156899 0.6882494004796164 0.6402164111812444 0.6730615507593926 0.6388638412984671 0.6682653876898482 0.6352569882777277 0.6642685851318945 0.6275924256086564 0.6586730615507593 0.6226330027051398 0.6578737010391686 0.6194770063119928 0.6602717825739409 0.6149684400360685 0.6706634692246204 0.6086564472497746 0.6914468425259792 0.6086564472497746 0.7122302158273383 0.6158701532912535 0.7202238209432456
0 0.5568079350766456 0.6594724220623502 0.566726780883679 0.6722621902478018 0.5716862037871957 0.6722621902478018 0.5802524797114518 0.6506794564348523 0.5807033363390443 0.6410871302957634 0.5793507664562669 0.6322941646682655 0.5748422001803427 0.6250999200639489 0.5694319206492335 0.6250999200639489 0.5640216411181245 0.6290967226219025 0.5608656447249775 0.636290967226219 0.5563570784490532 0.6522781774580336 0.5568079350766456 0.6594724220623502
0 0.5919747520288549 0.7897681854516387 0.5982867448151488 0.7937649880095924 0.6023444544634806 0.7905675459632294 0.6041478809738504 0.7769784172661871 0.6014427412082958 0.7689848121502798 0.5919747520288549 0.7681854516386891 0.5888187556357078 0.7737809752198243 0.5883678990081154 0.7825739408473221 0.5919747520288549 0.7897681854516387
0 0.4522091974752029 0.5539568345323741 0.45671776375112716 0.5507593924860112 0.4594229035166817 0.5371702637889688 0.4580703336339044 0.5315747402078338 0.4526600541027953 0.525179856115108 0.44905320108205593 0.5259792166266987 0.44409377817853923 0.5355715427657874 0.4436429215509468 0.5459632294164669 0.4522091974752029 0.5539568345323741
0 0.4147880973850316 0.7378097521982414 0.42155094679891797 0.7306155075939249 0.4269612263300271 0.709832134292566 0.4224526600541028 0.6994404476418865 0.42200180342651034 0.689048760991207 0.4174932371505861 0.6850519584332534 0.41343552750225426 0.6850519584332534 0.40712353471596036 0.701039168665068 0.4053201082055906 0.709832134292566 0.402614968440036 0.7138289368505196 0.4030658250676285 0.7258193445243806 0.4147880973850316 0.7378097521982414
0 0.021190261496844002 0.14948041566746603 0.04147880973850316 0.17186250999200642 0.043733092876465283 0.17266187050359713 0.04643823264201984 0.16946442845723422 0.05184851217312895 0.1566746602717826 0.05275022542831379 0.14708233413269386 0.05139765554553652 0.14308553157474022 0.043733092876465283 0.13509192645883294 0.027051397655545536 0.12390087929656275 0.02614968440036069 0.11590727418065548 0.024797114517583405 0.12070343725019984 0.02164111812443643 0.12230215827338131 0.018935978358881875 0.13189448441247004 0.018034265103697024 0.14068745003996805 0.021190261496844002 0.14948041566746603
0 0.5991884580703336 0.4708233413269384 0.609107303877367 0.47801758593125504 0.6127141568981065 0.4756195043964829 0.6145175834084761 0.46282973621103124 0.6121131650135256 0.45776738609112716 0.60595130748422 0.44844124700239807 0.6023444544634806 0.44924060751398887 0.6005410279531108 0.4540367705835332 0.5987376014427412 0.460431654676259 0.5991884580703336 0.4708233413269384
0 0.5712353471596032 0.023980815347721826 0.5761947700631199 0.020783373301358914 0.5816050495942291 0.007194244604316547 0.5825067628494138 0 0.5577096483318305 0 0.5563570784490532 0.003996802557953637 0.5563570784490532 0.011990407673860913 0.5712353471596032 0.023980815347721826
0 0.3935978358881876 0.7138289368505196 0.4008115419296664 0.7178257394084733 0.40577096483318303 0.709832134292566 0.40622182146077546 0.6922462030375699 0.4030658250676285 0.6850519584332534 0.39720468890892696 0.6786570743405277 0.3935978358881876 0.6770583533173462 0.3904418394950406 0.6794564348521184 0.3859332732191163 0.6946442845723421 0.3863841298467087 0.704236610711431 0.3935978358881876 0.7138289368505196