0 0.6645626690712354 0.28617106314948043 0.6825969341749324 0.2797761790567546 0.7060414788097384 0.26538768984812156 0.7100991884580703 0.26059152677857716 0.7042380522993689 0.22621902478017586 0.7028854824165914 0.22062350119904078 0.6997294860234445 0.21742605915267785 0.6559963931469793 0.24380495603517185 0.6564472497745717 0.2533972821742606 0.6645626690712354 0.28617106314948043
0 0.4688908926961226 0.00639488409272582 0.47024346257889993 0.010391686650679457 0.47339945897204694 0.010391686650679457 0.48647430117222723 0 0.4688908926961226 0 0.4688908926961226 0.00639488409272582
0 0.6005410279531108 0.9200639488409273 0.6568981064021642 0.9248601119104717 0.6645626690712354 0.9224620303756994 0.6825969341749324 0.9072741806554757 0.6848512173128946 0.9040767386091128 0.6857529305680793 0.897681854516387 0.6717763751127143 0.8936850519584333 0.609107303877367 0.8888888888888888 0.6036970243462578 0.8984812150279777 0.5960324616771866 0.9048760991207034 0.5955816050495942 0.9144684252597922 0.6005410279531108 0.9200639488409273
0 0.5401262398557259 0.9960031974420465 0.5437330928764653 0.9952038369304558 0.5441839495040577 0.9808153477218226 0.5396753832281335 0.9792166266986412 0.5378719567177638 0.9840127897681855 0.5378719567177638 0.9936051159072742 0.5401262398557259 0.9960031974420465
0 0.7858431018935979 0.34372501998401284 0.7899008115419297 0.3525179856115108 0.7948602344454464 0.35331734612310156 0.8043282236248873 0.3493205435651479 0.8174030658250677 0.3413269384492406 0.8232642019837692 0.3349320543565148 0.8223624887285843 0.3205435651478817 0.8178539224526601 0.31095123900879296 0.8146979260595131 0.2949640287769784 0.8106402164111812 0.2869704236610712 0.8007213706041478 0.2805755395683453 0.7759242560865645 0.28617106314948043 0.7781785392245266 0.31015187849720227 0.7858431018935979 0.34372501998401284
0 0.5563570784490532 0.9992006394884093 0.5590622182146078 0.9952038369304558 0.5590622182146078 0.9840127897681855 0.5577096483318305 0.9816147082334133 0.548692515779982 0.9800159872102319 0.5464382326420198 0.9832134292565947 0.5468890892696122 0.9968025579536371 0.5563570784490532 0.9992006394884093
0 0.584761045987376 0.9704236610711432 0.5901713255184852 0.9672262190247802 0.5897204688908927 0.9560351718625101 0.587917042380523 0.9528377298161471 0.5802524797114518 0.9512390087929657 0.5770964833183048 0.9536370903277379 0.5770964833183048 0.9672262190247802 0.584761045987376 0.9704236610711432
0 0.48737601442741213 0.7378097521982414 0.49233543733092877 0.7378097521982414 0.5027051397655545 0.7314148681055157 0.5297565374211001 0.7138289368505196 0.5360685302073941 0.7066346922462031 0.5333633904418394 0.6898481215027978 0.5256988277727683 0.6618705035971224 0.5234445446348062 0.6586730615507593 0.5130748422001803 0.6602717825739409 0.5085662759242561 0.6498800959232613 0.5054102795311091 0.6466826538768985 0.47745716862037874 0.6626698641087131 0.47339945897204694 0.6682653876898482 0.47385031559963936 0.6842525979216627 0.48737601442741213 0.7378097521982414
0 0.7619477006311993 0.2677857713828937 0.7660054102795312 0.27737809752198245 0.7736699729486024 0.2829736211031175 0.7840396753832282 0.3445243804956035 0.7880973850315599 0.35171862509992013 0.7930568079350766 0.35411670663469225 0.7971145175834086 0.3525179856115108 0.8155996393146979 0.34212629896083135 0.8232642019837692 0.3341326938449241 0.8219116321009919 0.31734612310151883 0.8160504959422903 0.3045563549160672 0.8142470694319207 0.293365307753797 0.8101893597835889 0.28617106314948043 0.8020739404869252 0.27817745803357313 0.7993688007213706 0.26298960831334933 0.8007213706041478 0.2533972821742606 0.8065825067628495 0.24860111910471622 0.8106402164111812 0.23980815347721826 0.8165013525698828 0.23421262989608316 0.8124436429215509 0.21103117505995203 0.8142470694319207 0.1950439648281375 0.799819657348963 0.19984012789768185 0.7759242560865645 0.21742605915267785 0.7614968440036068 0.2238209432454037 0.7578899909828674 0.2294164668265388 0.7578899909828674 0.24300559552358114 0.7619477006311993 0.2677857713828937
0 0.5955816050495942 0.959232613908873 0.5978358881875564 0.9616306954436452 0.6018935978358882 0.9608313349320544 0.6018935978358882 0.9448441247002399 0.5951307484220018 0.9440447641886491 0.594229035166817 0.947242206235012 0.5955816050495942 0.959232613908873
0 0.5076645626690712 0.020783373301358914 0.5103697024346258 0.020783373301358914 0.5311091073038774 0.004796163069544364 0.5333633904418394 0 0.5148782687105501 0 0.5139765554553652 0.002398081534772182 0.5049594229035167 0.007194244604316547 0.5049594229035167 0.016786570743405275 0.5076645626690712 0.020783373301358914
0 0.5081154192966637 0.8353317346123101 0.5148782687105501 0.8361310951239008 0.5365193868349865 0.8289368505195844 0.5437330928764653 0.8193445243804957 0.5545536519386834 0.8113509192645884 0.5568079350766456 0.806554756195044 0.5568079350766456 0.800959232613909 0.5468890892696122 0.753796962430056 0.539224526600541 0.7242206235011991 0.5360685302073941 0.7202238209432456 0.4914337240757439 0.7498001598721024 0.49098286744815145 0.7633892885691447 0.5081154192966637 0.8353317346123101
0 0.6357078449053201 0.30135891286970423 0.6411181244364292 0.302158273381295 0.65238954012624 0.2973621103117506 0.6618575293056808 0.28936850519584334 0.6537421100090172 0.24620303756994405 0.6505861136158702 0.24540367705835334 0.6411181244364292 0.25259792166266987 0.628043282236249 0.25739408473221426 0.6293958521190262 0.2749800159872102 0.6357078449053201 0.30135891286970423
0 0.5468890892696122 0.004796163069544364 0.5495942290351669 0.015187849720223821 0.5536519386834987 0.016786570743405275 0.5694319206492335 0.008792965627498003 0.5784490532010821 0 0.5468890892696122 0 0.5468890892696122 0.004796163069544364