0 0.27547339945897203 0.9640287769784173 0.2795311091073039 0.9640287769784173 0.2980162308385933 0.9536370903277379 0.3007213706041479 0.9496402877697842 0.29981965734896304 0.9400479616306955 0.2966636609558161 0.9312549960031975 0.2781785392245266 0.938449240607514 0.27186654643823266 0.9448441247002399 0.27186654643823266 0.9568345323741008 0.27547339945897203 0.9640287769784173
0 0.33543733092876465 0.7785771382893686 0.33814247069431924 0.7833733013589129 0.34220018034265104 0.7833733013589129 0.3656447249774572 0.7705835331734613 0.3800721370604148 0.765787370103917 0.38322813345356177 0.762589928057554 0.3841298467087466 0.7585931254996003 0.3818755635707845 0.7450039968025579 0.3805229936880072 0.7426059152677859 0.3751127141568981 0.7426059152677859 0.33588818755635713 0.7617905675459633 0.3340847610459874 0.7649880095923263 0.33543733092876465 0.7785771382893686
0 0.03787195671776375 0.7058353317346123 0.04869251577998197 0.7026378896882494 0.04959422903516681 0.6962430055955237 0.046889089269612265 0.6834532374100719 0.04283137962128043 0.6826538768984812 0.0351668169522092 0.6858513189448442 0.034265103697024346 0.6898481215027978 0.03787195671776375 0.7058353317346123
0 0.3796212804328224 0.8113509192645884 0.38322813345356177 0.8113509192645884 0.3994589720468891 0.800959232613909 0.4278629395852119 0.7889688249400479 0.4711451758340848 0.765787370103917 0.47700631199278626 0.7577937649880097 0.4824165915238954 0.7585931254996003 0.5009017132551848 0.7513988808952838 0.5676284941388638 0.7170263788968825 0.5707844905320109 0.7138289368505196 0.5712353471596032 0.7090327737809753 0.5685302073940487 0.6970423661071143 0.5640216411181245 0.6946442845723421 0.4977457168620379 0.7298161470823342 0.48016230838593327 0.7370103916866507 0.4743011722272317 0.7410071942446044 0.4715960324616772 0.7458033573141487 0.4657348963029757 0.7450039968025579 0.4508566275924256 0.7513988808952838 0.43733092876465285 0.7601918465227818 0.3890892696122633 0.7825739408473221 0.3764652840396754 0.7905675459632294 0.37691614066726786 0.8073541167066347 0.3796212804328224 0.8113509192645884
0 0 0.6235011990407675 0.02614968440036069 0.6131095123900879 0.031109107303877368 0.6067146282973622 0.029756537421100092 0.5931254996003198 0.02614968440036069 0.5891286970423661 0.0031559963931469793 0.5987210231814549 0 0.6003197442046363 0 0.6235011990407675
0 0 0.5227817745803358 0.013525698827772768 0.5187849720223822 0.020288548241659154 0.5115907274180655 0.019386834986474304 0.49880095923261397 0.017132551848512173 0.495603517186251 0.004508566275924256 0.49800159872102323 0 0.5003996802557954 0 0.5227817745803358
0 0.7781785392245266 0.0407673860911271 0.784941388638413 0.07114308553157474 0.7903516681695222 0.07593924860111911 0.8020739404869252 0.06874500399680256 0.8034265103697025 0.06554756195043965 0.8025247971145176 0.05195843325339729 0.7957619477006312 0.01598721023181455 0.7903516681695222 0 0.7777276825969343 0 0.7750225428313796 0.004796163069544364 0.7745716862037872 0.01278976818545164 0.7781785392245266 0.0407673860911271
0 0.40171325518485124 0.7354116706634692 0.40396753832281335 0.7466027178257394 0.40802524797114514 0.7490007993605117 0.4341749323715059 0.7354116706634692 0.44905320108205593 0.7306155075939249 0.46528403967538323 0.7210231814548362 0.4688908926961226 0.7162270183852918 0.4675383228133454 0.7058353317346123 0.4643823264201984 0.6994404476418865 0.4621280432822363 0.6986410871302958 0.4030658250676285 0.7274180655475619 0.40171325518485124 0.7298161470823342 0.40171325518485124 0.7354116706634692
0 0.4828674481514878 0.806554756195044 0.48782687105500455 0.806554756195044 0.4914337240757439 0.8033573141486812 0.49008115419296666 0.7897681854516387 0.48782687105500455 0.7841726618705037 0.4837691614066727 0.7833733013589129 0.47971145175834085 0.7881694644284573 0.4792605951307485 0.7945643485211831 0.4828674481514878 0.806554756195044
0 0.7642019837691614 0.5819344524380495 0.7651036970243462 0.6019184652278178 0.7678088367899009 0.6163069544364509 0.7709648331830479 0.6195043964828137 0.7962128043282236 0.6131095123900879 0.863390441839495 0.5883293365307755 0.8701532912533815 0.5819344524380495 0.8701532912533815 0.5667466027178258 0.866546438232642 0.5459632294164669 0.8651938683498648 0.5275779376498801 0.863390441839495 0.5187849720223822 0.8606853020739406 0.5163868904876099 0.7894499549143373 0.5435651478816946 0.7646528403967539 0.5491606714628298 0.7614968440036068 0.5531574740207834 0.7614968440036068 0.5667466027178258 0.7642019837691614 0.5819344524380495
0 0.21415689810640218 0.6235011990407675 0.2168620378719567 0.6250999200639489 0.22091974752028853 0.6211031175059952 0.2479711451758341 0.6075139888089529 0.2862939585211903 0.592326139088729 0.2894499549143373 0.5883293365307755 0.28990081154192965 0.5835331734612311 0.28764652840396754 0.5635491606714629 0.28313796212804326 0.5627498001598722 0.23354373309287646 0.5843325339728218 0.21055004508566277 0.5987210231814549 0.21190261496844004 0.6179056754596324 0.21415689810640218 0.6235011990407675
0 0.3169522091974752 0.9928057553956835 0.3196573489630297 0.9928057553956835 0.3944995491433724 0.9544364508393286 0.3976555455365194 0.9488409272581935 0.39495040577096485 0.9344524380495605 0.3935978358881876 0.9320543565147882 0.3904418394950406 0.9320543565147882 0.3133453561767358 0.9720223820943246 0.3137962128043282 0.9872102318145485 0.3169522091974752 0.9928057553956835
0 0.029756537421100092 0.6578737010391686 0.03606853020739405 0.6578737010391686 0.04192966636609558 0.6538768984812151 0.03967538322813345 0.6354916067146283 0.033363390441839495 0.6338928856914469 0.027953110910730387 0.6370903277378098 0.027051397655545536 0.6458832933653078 0.029756537421100092 0.6578737010391686
0 0.23985572587917042 0.7857713828936851 0.24165915238954014 0.7889688249400479 0.24571686203787196 0.7897681854516387 0.30793507664562675 0.7585931254996003 0.31109107303877365 0.7545963229416467 0.31109107303877365 0.7498001598721024 0.30748422001803427 0.7370103916866507 0.3020739404869252 0.7370103916866507 0.23895401262398558 0.7689848121502798 0.23805229936880073 0.7793764988009593 0.23985572587917042 0.7857713828936851
0 0.022091974752028856 0.7601918465227818 0.024346257889990983 0.7633892885691447 0.05365193868349865 0.7513988808952838 0.0563570784490532 0.7442046362909672 0.05365193868349865 0.7298161470823342 0.05139765554553652 0.7282174260591526 0.04418394950405771 0.7298161470823342 0.02164111812443643 0.7418065547561951 0.020288548241659154 0.748201438848921 0.022091974752028856 0.7601918465227818
0 0.25293056807935077 0.37969624300559557 0.2578899909828674 0.40687450039968026 0.260595130748422 0.4324540367705836 0.2633002705139766 0.442845723421263 0.26645626690712354 0.47322142286171065 0.27141568981064024 0.49800159872102323 0.2709648331830478 0.5115907274180655 0.27547339945897203 0.5435651478816946 0.2795311091073039 0.5507593924860112 0.28358881875563574 0.5499600319744204 0.2867448151487827 0.5467625899280576 0.2867448151487827 0.5395683453237411 0.27592425608656446 0.46282973621103124 0.27592425608656446 0.4404476418864908 0.2732191163210099 0.4292565947242206 0.2660054102795311 0.3756994404476419 0.2623985572587917 0.36211031175059955 0.2578899909828674 0.3597122302158273 0.25247971145175835 0.3629096722621903 0.2515779981965735 0.3677058353317346 0.25293056807935077 0.37969624300559557
0 0.15734896302975654 0.46203037569944044 0.15915238954012625 0.4772182254196643 0.1618575293056808 0.4836131095123901 0.16230838593327324 0.5011990407673861 0.16681695220919746 0.5139888089528377 0.16771866546438233 0.5299760191846523 0.1708746618575293 0.5451638689048761 0.1704238052299369 0.5539568345323741 0.17808836789900812 0.5811350919264588 0.1834986474301172 0.5843325339728218 0.1956717763751127 0.5803357314148682 0.21235347159603246 0.5699440447641887 0.21415689810640218 0.5667466027178258 0.21370604147880973 0.5547561950439649 0.21009918845807032 0.542765787370104 0.20423805229936878 0.4932054356514788 0.19972948602344456 0.47322142286171065 0.1988277727682597 0.4588329336530776 0.19431920649233542 0.4396482813749001 0.18755635707844906 0.39568345323741005 0.18620378719567177 0.3932853717026379 0.18214607754733994 0.3932853717026379 0.17853922452660054 0.398880895283773 0.16771866546438233 0.3996802557953637 0.16095581605049597 0.4084732214228617 0.15238954012623987 0.41486810551558756 0.15509467989179443 0.4556354916067146 0.15734896302975654 0.46203037569944044
0 0 0.8792965627498002 0.06853020739404869 0.8481215027977619 0.07168620378719567 0.844924060751399 0.0721370604147881 0.8409272581934453 0.06898106402164111 0.827338129496403 0.062218214607754736 0.827338129496403 0.002705139765554554 0.8553157474020784 0 0.8569144684252599 0 0.8792965627498002
0 0.6104598737601443 0.9992006394884093 0.611361587015329 0.9968025579536371 0.6226330027051398 0.991207034372502 0.6235347159603246 0.9848121502797762 0.6199278629395851 0.9640287769784173 0.6158701532912535 0.9624300559552359 0.5671776375112715 0.9952038369304558 0.5653742110009017 0.9992006394884093 0.6104598737601443 0.9992006394884093
0 0.21866546438232642 0.6746602717825739 0.22046889089269614 0.6770583533173462 0.23805229936880073 0.6714628297362111 0.2533814247069432 0.6626698641087131 0.2623985572587917 0.6610711430855316 0.28990081154192965 0.64828137490008 0.2921550946798918 0.6434852118305356 0.2889990982867448 0.6147082334132695 0.2862939585211903 0.6019184652278178 0.2844905320108206 0.5995203836930456 0.2551848512173129 0.6075139888089529 0.24887285843101895 0.6139088729016786 0.218214607754734 0.6258992805755397 0.2146077547339946 0.6314948041566747 0.2164111812443643 0.6634692246203038 0.21866546438232642 0.6746602717825739
0 0.33047790802524796 0.8353317346123101 0.3340847610459874 0.8353317346123101 0.35888187556357076 0.8249400479616307 0.36158701532912535 0.8169464428457234 0.35888187556357076 0.8033573141486812 0.3539224526600541 0.8017585931254997 0.3309287646528404 0.8121502797761792 0.32642019837691616 0.818545163868905 0.32822362488728585 0.8321342925659473 0.33047790802524796 0.8353317346123101
0 0.005861136158701533 0.5683453237410072 0.008115419296663661 0.5707434052757794 0.024797114517583405 0.5643485211830536 0.027953110910730387 0.5611510791366906 0.027502254283137965 0.5499600319744204 0.02614968440036069 0.5443645083932854 0.023895401262398558 0.5419664268585133 0.008115419296663661 0.5475619504396483 0.004508566275924256 0.5515587529976019 0.004508566275924256 0.5627498001598722 0.005861136158701533 0.5683453237410072
0 0.35888187556357076 0.8705035971223022 0.3633904418394951 0.8697042366107114 0.4743011722272317 0.8137490007993605 0.47790802524797116 0.809752198241407 0.4783588818755636 0.8041566746602719 0.47565374211000905 0.7921662669864108 0.4670874661857529 0.7929656274980017 0.3692515779981966 0.8441247002398081 0.35752930568079355 0.8465227817745804 0.35527502254283133 0.8489208633093526 0.35437330928764654 0.853717026378897 0.35527502254283133 0.8665067945643485 0.35888187556357076 0.8705035971223022
0 0.74165915238954 0.6266986410871304 0.7538322813345357 0.6235011990407675 0.7628494138863842 0.6163069544364509 0.7623985572587918 0.6011191047162271 0.7592425608656448 0.595523581135092 0.7353471596032463 0.6059152677857713 0.7376014427412083 0.6227018385291766 0.74165915238954 0.6266986410871304
0 0.3408476104598738 0.9320543565147882 0.46167718665464386 0.8697042366107114 0.4661857529305681 0.8665067945643485 0.4670874661857529 0.862509992006395 0.46393146979260597 0.8489208633093526 0.4594229035166817 0.8465227817745804 0.33588818755635713 0.9096722621902479 0.3331830477908025 0.9136690647482014 0.33498647430117223 0.9304556354916067 0.3408476104598738 0.9320543565147882
0 0.08160504959422904 0.5459632294164669 0.08566275924256087 0.5619504396482814 0.09197475202885483 0.6115107913669064 0.09738503155996393 0.6203037569944045 0.10504959422903516 0.6147082334132695 0.1127141568981064 0.6139088729016786 0.11632100991884581 0.6083133493205436 0.11632100991884581 0.5979216626698641 0.11136158701532912 0.5875299760191847 0.11045987376014427 0.5707434052757794 0.1036970243462579 0.5307753796962431 0.10324616771866547 0.5091926458832934 0.09648331830477908 0.4836131095123901 0.09603246167718665 0.47002398081534774 0.0915238954012624 0.4476418864908074 0.09197475202885483 0.4420463629096723 0.09017132551848513 0.43804956035171866 0.08656447249774572 0.4372501998401279 0.08025247971145176 0.442845723421263 0.07078449053201082 0.4420463629096723 0.06943192064923355 0.4452438049560352 0.07439134355275022 0.49640287769784175 0.08160504959422904 0.5459632294164669
0 0.2655545536519387 0.91207034372502 0.2678088367899008 0.9160671462829737 0.2723174030658251 0.9160671462829737 0.30613165013525695 0.8992805755395684 0.30748422001803427 0.897681854516387 0.30748422001803427 0.8904876099120704 0.3056807935076645 0.8800959232613909 0.30297565374211 0.876898481215028 0.2655545536519387 0.894484412470024 0.26420198376916143 0.8968824940047961 0.2655545536519387 0.91207034372502
0 0.09693417493237151 0.4660271782573941 0.09693417493237151 0.47322142286171065 0.09963931469792607 0.4804156674660272 0.10144274120829576 0.504396482813749 0.10009017132551848 0.5139888089528377 0.1036970243462579 0.5187849720223822 0.10459873760144275 0.5291766586730615 0.10865644724977458 0.5395683453237411 0.109107303877367 0.5475619504396483 0.10775473399458972 0.5539568345323741 0.1127141568981064 0.5707434052757794 0.11226330027051398 0.5851318944844125 0.11722272317403065 0.6035171862509993 0.11947700631199279 0.6067146282973622 0.13480613165013525 0.6067146282973622 0.13931469792605952 0.6027178257394085 0.1564472497745717 0.5963229416466826 0.15779981965734896 0.5939248601119105 0.15779981965734896 0.5843325339728218 0.15599639314697925 0.5795363709032775 0.15554553651938682 0.5635491606714629 0.15193868349864742 0.5475619504396483 0.1492335437330929 0.5187849720223822 0.14697926059513075 0.5139888089528377 0.1460775473399459 0.49960031974420466 0.14156898106402163 0.48121502797761795 0.14021641118124437 0.46442845723421267 0.13570784490532012 0.44604316546762596 0.13435527502254285 0.4292565947242206 0.13210099188458072 0.42046362909672264 0.12263300270513977 0.4196642685851319 0.11541929666366096 0.4268585131894485 0.1073038773669973 0.4276578737010392 0.10009017132551848 0.43645083932853723 0.09332732191163211 0.4396482813749001 0.09377817853922453 0.4556354916067146 0.09693417493237151 0.4660271782573941
0 0.327321911632101 0.7362110311750599 0.3318304779080253 0.7386091127098321 0.38548241659152394 0.7106314948041567 0.3976555455365194 0.7066346922462031 0.4008115419296664 0.7034372501998403 0.4008115419296664 0.6986410871302958 0.3976555455365194 0.6834532374100719 0.39404869251577995 0.6826538768984812 0.32506762849413884 0.718625099920064 0.32461677186654647 0.7234212629896084 0.327321911632101 0.7362110311750599
0 0.6505861136158702 0.6258992805755397 0.6550946798917944 0.6314948041566747 0.7348963029756538 0.60431654676259 0.7551848512173129 0.595523581135092 0.7578899909828674 0.5915267785771383 0.7533814247069431 0.5635491606714629 0.7515779981965736 0.5603517186250999 0.7479711451758341 0.5603517186250999 0.7326420198376916 0.565947242206235 0.7240757439134355 0.5723421262989609 0.6681695220919748 0.5899280575539568 0.6501352569882777 0.5971223021582733 0.6474301172227231 0.6003197442046363 0.6474301172227231 0.6107114308553158 0.6505861136158702 0.6258992805755397
0 0.5640216411181245 0.5763389288569145 0.5874661857529305 0.5619504396482814 0.5924256086564473 0.5619504396482814 0.5937781785392245 0.5603517186250999 0.5937781785392245 0.5547561950439649 0.5919747520288549 0.5491606714628298 0.5865644724977458 0.5499600319744204 0.560414788097385 0.5635491606714629 0.5599639314697926 0.5707434052757794 0.5640216411181245 0.5763389288569145
0 0.2569882777276826 0.8665067945643485 0.2583408476104599 0.8697042366107114 0.2623985572587917 0.8705035971223022 0.3137962128043282 0.8465227817745804 0.3165013525698828 0.8441247002398081 0.3169522091974752 0.8393285371702638 0.3146979260595131 0.827338129496403 0.31018935978358886 0.8233413269384493 0.2551848512173129 0.850519584332534 0.25473399458972046 0.8585131894484412 0.2569882777276826 0.8665067945643485
0 0.47745716862037874 0.7593924860111911 0.4824165915238954 0.7593924860111911 0.5022542831379622 0.7513988808952838 0.545536519386835 0.7274180655475619 0.5689810640216412 0.7170263788968825 0.5712353471596032 0.7130295763389289 0.5712353471596032 0.7074340527577938 0.5680793507664563 0.695443645083933 0.5631199278629396 0.6946442845723421 0.478809738503156 0.7370103916866507 0.47385031559963936 0.7418065547561951 0.47520288548241657 0.7561950439648283 0.47745716862037874 0.7593924860111911
0 0.3205590622182146 0.8824940047961631 0.3237150586113616 0.8888888888888888 0.3318304779080253 0.8864908073541167 0.33904418394950403 0.8800959232613909 0.3376916140667268 0.8665067945643485 0.33498647430117223 0.8609112709832134 0.31875563570784493 0.8689048760991207 0.3183047790802525 0.8729016786570745 0.3205590622182146 0.8824940047961631
0 0.021190261496844002 0.8113509192645884 0.022993688007213707 0.8161470823341327 0.027502254283137965 0.8177458033573143 0.06266907123534717 0.800959232613909 0.06492335437330929 0.7969624300559552 0.06492335437330929 0.7889688249400479 0.060414788097385035 0.7793764988009593 0.05680793507664563 0.7793764988009593 0.02164111812443643 0.7969624300559552 0.019837691614066726 0.8001598721023181 0.021190261496844002 0.8113509192645884
0 0 0.9320543565147882 0.02569882777276826 0.9216626698641087 0.07484220018034266 0.8968824940047961 0.07844905320108204 0.8936850519584333 0.07844905320108204 0.8872901678657075 0.07619477006311993 0.8760991207034373 0.06988277727682597 0.8752997601918465 0.004508566275924256 0.906474820143885 0 0.9088729016786572 0 0.9320543565147882
0 0 0.4268585131894485 0.0063119927862939585 0.4260591526778577 0.009017132551848512 0.42206235011990406 0.008566275924256087 0.407673860911271 0.005410279531109108 0.3996802557953637 0.002254283137962128 0.3980815347721823 0 0.3980815347721823 0 0.4268585131894485
0 0.7962128043282236 0.12070343725019984 0.8002705139765555 0.13029576338928858 0.8038773669972948 0.1310951239008793 0.8174030658250677 0.12310151878497202 0.8174030658250677 0.1167066346922462 0.8137962128043282 0.09912070343725021 0.8101893597835889 0.08952837729816147 0.8056807935076646 0.08952837729816147 0.793507664562669 0.10551558752997602 0.7930568079350766 0.10871302957633892 0.7962128043282236 0.12070343725019984
0 0.37917042380523 0.8113509192645884 0.38322813345356177 0.8113509192645884 0.3999098286744815 0.800959232613909 0.4260595130748422 0.7897681854516387 0.4711451758340848 0.765787370103917 0.4743011722272317 0.7617905675459633 0.4743011722272317 0.7577937649880097 0.4715960324616772 0.7466027178257394 0.4666366095581605 0.7442046362909672 0.3764652840396754 0.7905675459632294 0.37691614066726786 0.8073541167066347 0.37917042380523 0.8113509192645884
0 0.2290351668169522 0.42845723421262993 0.23534715960324618 0.43884892086330934 0.23489630297565375 0.4636290967226219 0.23669972948602347 0.4828137490007994 0.24030658250676284 0.49880095923261397 0.23985572587917042 0.5083932853717026 0.24616771866546439 0.5395683453237411 0.24752028854824168 0.5603517186250999 0.25022542831379624 0.5627498001598722 0.2583408476104599 0.5611510791366906 0.2763751127141569 0.5539568345323741 0.28584310189359785 0.5475619504396483 0.2862939585211903 0.5379696243005596 0.27412082957619477 0.4540367705835332 0.2750225428313796 0.442845723421263 0.26916140667267807 0.4028776978417266 0.2673579801623084 0.3980815347721823 0.2655545536519387 0.3749000799360512 0.26194770063119927 0.36370903277378097 0.25428313796212804 0.3613109512390088 0.2520288548241659 0.3629096722621903 0.25067628494138866 0.37010391686650684 0.23669972948602347 0.3669064748201439 0.2218214607754734 0.37170263788968827 0.22137060414788098 0.3788968824940048 0.2290351668169522 0.42845723421262993
0 0.8106402164111812 0.390087929656275 0.8160504959422903 0.4276578737010392 0.8210099188458071 0.4772182254196643 0.8232642019837692 0.486810551558753 0.824165915238954 0.504396482813749 0.8277727682596934 0.5099920063948842 0.8476104598737602 0.5059952038369305 0.8494138863841298 0.5019984012789769 0.8480613165013525 0.4836131095123901 0.8543733092876465 0.4748201438848921 0.8534715960324617 0.45643485211830537 0.8507664562669072 0.4420463629096723 0.8503155996393147 0.4212629896083134 0.8467087466185753 0.39728217426059154 0.8426510369702435 0.3741007194244605 0.8372407574391344 0.3557154276578737 0.8354373309287646 0.32773780975219824 0.8259693417493238 0.3253397282174261 0.8137962128043282 0.328537170263789 0.8065825067628495 0.3349320543565148 0.806131650135257 0.3445243804956035 0.8106402164111812 0.390087929656275
0 0.5595130748422003 0.9664268585131894 0.5644724977457168 0.9672262190247802 0.6212804328223626 0.9288569144684253 0.6221821460775473 0.9240607513988809 0.6194770063119928 0.91207034372502 0.6163210099188459 0.9080735411670664 0.6055004508566276 0.9112709832134293 0.5969341749323716 0.9200639488409273 0.5933273219116322 0.9312549960031975 0.5892696122633003 0.9368505195843326 0.5811541929666366 0.938449240607514 0.5743913435527502 0.9360511590727418 0.5568079350766456 0.947242206235012 0.5568079350766456 0.9560351718625101 0.5595130748422003 0.9664268585131894
0 0.19477006311992787 0.42206235011990406 0.19747520288548243 0.4452438049560352 0.20153291253381425 0.4556354916067146 0.20243462578899912 0.46442845723421267 0.20513976555455368 0.4668265387689848 0.20513976555455368 0.47002398081534774 0.20243462578899912 0.47242206235011996 0.20243462578899912 0.4796163069544365 0.2060414788097385 0.49640287769784175 0.20694319206492334 0.5115907274180655 0.21415689810640218 0.5555555555555556 0.218214607754734 0.5627498001598722 0.23715058611361586 0.5579536370903277 0.239404869251578 0.5531574740207834 0.239404869251578 0.5459632294164669 0.23534715960324618 0.5235811350919265 0.23354373309287646 0.49960031974420466 0.2285843101893598 0.4748201438848921 0.22813345356176737 0.46282973621103124 0.2231740306582507 0.442845723421263 0.215058611361587 0.3844924060751399 0.21235347159603246 0.37969624300559557 0.2073940486925158 0.3788968824940048 0.19927862939585214 0.3844924060751399 0.19161406672678089 0.39408473221422863 0.19116321009918846 0.4108713029576339 0.19477006311992787 0.42206235011990406
0 0 0.4748201438848921 0.004959422903516681 0.4748201438848921 0.013976555455365193 0.47002398081534774 0.015329125338142471 0.46442845723421267 0.012623985572587917 0.45003996802557955 0.0031559963931469793 0.44924060751398887 0 0.45003996802557955 0 0.4748201438848921
0 0.42335437330928766 0.6850519584332534 0.42515779981965734 0.6882494004796164 0.4296663660955816 0.6882494004796164 0.4571686203787196 0.6754596322941646 0.4630297565374211 0.6682653876898482 0.4810640216411181 0.6626698641087131 0.5527502254283138 0.6266986410871304 0.5554553651938684 0.6243005595523582 0.5568079350766456 0.6195043964828137 0.5532010820559062 0.6051159072741806 0.5459873760144275 0.6051159072741806 0.42335437330928766 0.6682653876898482 0.42155094679891797 0.6706634692246204 0.42335437330928766 0.6850519584332534
0 0.5671776375112715 0.6019184652278178 0.5716862037871957 0.6019184652278178 0.5946798917944094 0.592326139088729 0.5982867448151488 0.5875299760191847 0.5969341749323716 0.5787370103916867 0.5951307484220018 0.5755395683453238 0.5928764652840397 0.5755395683453238 0.5653742110009017 0.5907274180655476 0.5653742110009017 0.5987210231814549 0.5671776375112715 0.6019184652278178
0 0.7060414788097384 0.6354916067146283 0.7209197475202885 0.6338928856914469 0.7236248872858432 0.6298960831334932 0.7231740306582507 0.6139088729016786 0.7204688908926962 0.6107114308553158 0.7091974752028855 0.6123101518784972 0.7019837691614067 0.6179056754596324 0.7037871956717764 0.6330935251798562 0.7060414788097384 0.6354916067146283
0 0.4715960324616772 0.7114308553157473 0.47385031559963936 0.7146282973621104 0.47745716862037874 0.7138289368505196 0.5550045085662759 0.6754596322941646 0.5622182146077548 0.6706634692246204 0.563570784490532 0.6634692246203038 0.5622182146077548 0.6538768984812151 0.560414788097385 0.6506794564348523 0.5545536519386834 0.6506794564348523 0.47339945897204694 0.6914468425259792 0.46844003606853024 0.6962430055955237 0.4688908926961226 0.704236610711431 0.4715960324616772 0.7114308553157473
0 0.7146077547339945 0.5083932853717026 0.7236248872858432 0.5083932853717026 0.7357980162308386 0.5011990407673861 0.7385031559963932 0.495603517186251 0.7366997294860235 0.4876099120703437 0.7376014427412083 0.4860111910471623 0.7587917042380523 0.4676258992805756 0.7587917042380523 0.46282973621103124 0.7542831379621281 0.45163868904876103 0.7538322813345357 0.4420463629096723 0.7502254283137962 0.4244604316546763 0.7484220018034266 0.42206235011990406 0.7087466185752931 0.434052757793765 0.7055906221821461 0.4372501998401279 0.7100991884580703 0.49000799360511593 0.7146077547339945 0.5083932853717026
0 0.22633002705139765 0.7258193445243806 0.22723174030658252 0.7306155075939249 0.23038773669972948 0.7338129496402878 0.26465284039675385 0.7178257394084733 0.2781785392245266 0.7138289368505196 0.2975653742110009 0.7034372501998403 0.3002705139765554 0.697841726618705 0.3002705139765554 0.6906474820143885 0.2966636609558161 0.6706634692246204 0.2935076645626691 0.6586730615507593 0.29080252479711455 0.6562749800159873 0.2218214607754734 0.6850519584332534 0.2218214607754734 0.6962430055955237 0.22633002705139765 0.7258193445243806
0 0.6677186654643824 0.6858513189448442 0.6744815148782687 0.6858513189448442 0.6997294860234445 0.6754596322941646 0.706492335437331 0.6714628297362111 0.7087466185752931 0.6650679456434853 0.7046889089269612 0.6386890487609912 0.7028854824165914 0.6354916067146283 0.6672678088367898 0.6474820143884892 0.6632100991884582 0.6498800959232613 0.6587015329125337 0.657074340527578 0.6582506762849414 0.6714628297362111 0.6677186654643824 0.6858513189448442