0 0.8358881875563571 0.10631494804156676 0.8372407574391344 0.12150279776179057 0.8458070333633905 0.12629896083133493 0.8660955816050496 0.12629896083133493 0.8692515779981966 0.07034372501998402 0.8656447249774571 0.032773780975219824 0.860234445446348 0.02557953637090328 0.8498647430117223 0.02238209432454037 0.8422001803426511 0.023181454836131096 0.8376916140667268 0.031175059952038373 0.836789900811542 0.049560351718625106 0.8372407574391344 0.0783373301358913 0.8358881875563571 0.10631494804156676
0 0.5121731289449956 0.8585131894484412 0.5225428313796213 0.8585131894484412 0.524346257889991 0.8513189448441247 0.5234445446348062 0.82414068745004 0.5162308385933273 0.82414068745004 0.5130748422001803 0.8313349320543566 0.5112714156898106 0.844924060751399 0.5108205590622182 0.8521183053557154 0.5121731289449956 0.8585131894484412
0 0.5378719567177638 0.10391686650679458 0.5541027953110911 0.10791366906474821 0.5599639314697926 0.10711430855315748 0.5617673579801623 0.1047162270183853 0.5631199278629396 0.08073541167066348 0.560414788097385 0.062350119904076746 0.5554553651938684 0.060751398880895285 0.5504959422903517 0.06474820143884892 0.5387736699729486 0.06554756195043965 0.5365193868349865 0.08073541167066348 0.5360685302073941 0.10071942446043165 0.5378719567177638 0.10391686650679458
0 0.062218214607754736 0.3525179856115108 0.08070333633904418 0.3557154276578737 0.08836789900811542 0.35411670663469225 0.08836789900811542 0.3341326938449241 0.08521190261496844 0.3229416466826539 0.06988277727682597 0.3165467625899281 0.06357078449053201 0.3165467625899281 0.06176735798016231 0.31894484412470026 0.06086564472497746 0.3469224620303757 0.062218214607754736 0.3525179856115108
0 0.9206492335437331 0.08792965627498003 0.9238052299368801 0.09272581934452438 0.9431920649233544 0.09752198241406874 0.9499549143372408 0.09752198241406874 0.9517583408476105 0.09512390087929656 0.9531109107303878 0.055155875299760196 0.9508566275924257 0.04796163069544365 0.9233543733092877 0.04396482813749002 0.9201983769161407 0.04716227018385292 0.9183949504057709 0.05675459632294165 0.9179440937781785 0.07114308553157474 0.9206492335437331 0.08792965627498003
0 0.20513976555455368 0.07913669064748202 0.2168620378719567 0.08233413269384492 0.22137060414788098 0.08073541167066348 0.2218214607754734 0.06314948041566747 0.22046889089269614 0.05755395683453238 0.20874661857529306 0.05435651478816946 0.20559062218214608 0.05435651478816946 0.20423805229936878 0.05675459632294165 0.2037871956717764 0.07513988808952839 0.20513976555455368 0.07913669064748202
0 0.47475202885482415 0.4172661870503597 0.48647430117222723 0.4196642685851319 0.4905320108205591 0.4180655475619504 0.49233543733092877 0.4004796163069545 0.49233543733092877 0.3764988009592326 0.4891794409377818 0.37250199840127896 0.47700631199278626 0.37090327737809753 0.47520288548241657 0.37250199840127896 0.47385031559963936 0.3820943245403677 0.47294860234445446 0.40367705835331735 0.47475202885482415 0.4172661870503597
0 0.19612263300270513 0.4172661870503597 0.21100090171325517 0.4188649080735412 0.21415689810640218 0.4156674660271783 0.21325518485121733 0.4060751398880896 0.21055004508566277 0.40367705835331735 0.1956717763751127 0.4020783373301359 0.19477006311992787 0.41247002398081534 0.19612263300270513 0.4172661870503597
0 0.029756537421100092 0.5051958433253397 0.034715960324616775 0.5035971223021583 0.03606853020739405 0.4948041566746603 0.035617673579801626 0.47801758593125504 0.033363390441839495 0.47002398081534774 0.018935978358881875 0.4676258992805756 0.016681695220919748 0.469224620303757 0.015779981965734897 0.47322142286171065 0.016230838593327322 0.5027977617905676 0.029756537421100092 0.5051958433253397
0 0.3034265103697024 0.19104716227018384 0.31018935978358886 0.19024780175859313 0.31154192966636607 0.1654676258992806 0.3106402164111813 0.14948041566746603 0.30703336339044185 0.14628297362110312 0.30297565374211 0.14628297362110312 0.2989179440937782 0.15027977617905677 0.2989179440937782 0.18784972022382096 0.3034265103697024 0.19104716227018384
0 0.15554553651938682 0.0639488409272582 0.15599639314697925 0.0815347721822542 0.15960324616771868 0.08792965627498003 0.178990081154193 0.09352517985611512 0.18620378719567177 0.09272581934452438 0.18800721370604148 0.08872901678657075 0.18935978358881875 0.07274180655475619 0.18575293056807937 0.05675459632294165 0.16681695220919746 0.05355715427657874 0.15509467989179443 0.05435651478816946 0.15238954012623987 0.05675459632294165 0.15554553651938682 0.0639488409272582
0 0.4431920649233544 0.542765787370104 0.445897204688909 0.5571542765787371 0.45626690712353474 0.5571542765787371 0.4612263300270514 0.5539568345323741 0.4630297565374211 0.5395683453237411 0.46167718665464386 0.533972821742606 0.44454463480613166 0.5331734612310152 0.4431920649233544 0.5355715427657874 0.4431920649233544 0.542765787370104
0 0 0.8209432454036771 0.02254283137962128 0.8233413269384493 0.024797114517583405 0.8129496402877698 0.022993688007213707 0.7905675459632294 0.020288548241659154 0.7881694644284573 0.002705139765554554 0.7865707434052758 0 0.7873701039168666 0 0.8209432454036771
0 0.9571686203787195 0.5811350919264588 0.9598737601442742 0.5835331734612311 0.9715960324616773 0.5827338129496403 0.9774571686203787 0.5819344524380495 0.9806131650135257 0.5787370103916867 0.9815148782687105 0.5723421262989609 0.978809738503156 0.5603517186250999 0.9761045987376015 0.5083932853717026 0.9738503155996393 0.504396482813749 0.9684400360685302 0.5011990407673861 0.9589720468890893 0.5003996802557954 0.9558160504959423 0.504396482813749 0.954463480613165 0.5195843325339728 0.9531109107303878 0.5435651478816946 0.9571686203787195 0.5811350919264588
0 0.21325518485121733 0.7330135891286971 0.2344454463480613 0.7354116706634692 0.23850315599639313 0.7346123101518786 0.24165915238954014 0.7298161470823342 0.23985572587917042 0.7058353317346123 0.2344454463480613 0.6994404476418865 0.21325518485121733 0.6970423661071143 0.21009918845807032 0.7114308553157473 0.21009918845807032 0.7282174260591526 0.21325518485121733 0.7330135891286971
0 0.46844003606853024 0.9088729016786572 0.47700631199278626 0.9112709832134293 0.4977457168620379 0.9104716227018386 0.5018034265103697 0.9008792965627499 0.5013525698827773 0.8824940047961631 0.4981965734896303 0.8745003996802558 0.4945897204688909 0.8721023181454837 0.4806131650135257 0.8689048760991207 0.47700631199278626 0.8745003996802558 0.4634806131650135 0.8729016786570745 0.46077547339945896 0.8760991207034373 0.4594229035166817 0.8840927258193446 0.4594229035166817 0.9008792965627499 0.46844003606853024 0.9088729016786572
0 0.03967538322813345 0.827338129496403 0.05680793507664563 0.8313349320543566 0.06402164111812444 0.8265387689848122 0.06582506762849415 0.8017585931254997 0.06402164111812444 0.7841726618705037 0.061316501352569885 0.7769784172661871 0.05590622182146077 0.7745803357314149 0.04328223624887286 0.7745803357314149 0.03787195671776375 0.7785771382893686 0.035617673579801626 0.7857713828936851 0.0351668169522092 0.8137490007993605 0.03967538322813345 0.827338129496403
0 0.4720468890892696 0.18784972022382096 0.47249774571686204 0.17985611510791366 0.46934174932371503 0.17106314948041568 0.44905320108205593 0.16786570743405277 0.4495040577096483 0.18864908073541167 0.4720468890892696 0.18784972022382096
0 0.14337240757439135 0.7066346922462031 0.15915238954012625 0.709832134292566 0.1650135256988278 0.709832134292566 0.16591523895401264 0.7074340527577938 0.1650135256988278 0.6850519584332534 0.16275924256086563 0.6818545163868905 0.1501352569882777 0.6810551558752997 0.14697926059513075 0.6850519584332534 0.1388638412984671 0.689048760991207 0.13976555455365194 0.7002398081534772 0.14337240757439135 0.7066346922462031
0 0.3065825067628494 0.521982414068745 0.3083859332732191 0.5179856115107914 0.30748422001803427 0.49800159872102323 0.2984670874661858 0.49640287769784175 0.2957619477006312 0.49880095923261397 0.2957619477006312 0.5211830535571543 0.3065825067628494 0.521982414068745
0 0.5946798917944094 0.8864908073541167 0.6429215509467989 0.8920863309352519 0.6469792605951307 0.8912869704236611 0.6487826871055005 0.8880895283772982 0.6474301172227231 0.8729016786570745 0.6424706943192064 0.8705035971223022 0.5951307484220018 0.8657074340527579 0.5919747520288549 0.8752997601918465 0.5919747520288549 0.8832933653077538 0.5946798917944094 0.8864908073541167
0 0.19161406672678089 0.3868904876099121 0.1934174932371506 0.390087929656275 0.21415689810640218 0.39168665067945646 0.2164111812443643 0.38609112709832133 0.2164111812443643 0.38049560351718625 0.21370604147880973 0.3756994404476419 0.1988277727682597 0.3741007194244605 0.19296663660955815 0.3764988009592326 0.19161406672678089 0.3788968824940048 0.19161406672678089 0.3868904876099121
0 0.8318304779080252 0.14708233413269386 0.8376916140667268 0.1486810551558753 0.8746618575293057 0.15347721822541965 0.8782687105500451 0.15187849720223823 0.8805229936880072 0.14708233413269386 0.8800721370604149 0.14068745003996805 0.8782687105500451 0.1374900079936051 0.8715058611361587 0.1342925659472422 0.8440036068530207 0.13269384492406078 0.8345356176735799 0.1342925659472422 0.830477908025248 0.13828936850519585 0.8300270513976555 0.14388489208633096 0.8318304779080252 0.14708233413269386
0 0.6064021641118125 0.49160671462829736 0.628043282236249 0.4860111910471623 0.6307484220018034 0.4804156674660272 0.627141568981064 0.4740207833733014 0.6212804328223626 0.4740207833733014 0.6050495942290353 0.4788169464428457 0.5991884580703336 0.48441247002398086 0.5996393146979261 0.4908073541167067 0.6064021641118125 0.49160671462829736
0 0.345356176735798 0.19024780175859313 0.3480613165013526 0.17106314948041568 0.3480613165013526 0.15987210231814547 0.345356176735798 0.14628297362110312 0.3408476104598738 0.14228617106314947 0.32777276825969337 0.14068745003996805 0.32551848512173126 0.14228617106314947 0.32416591523895405 0.14708233413269386 0.32416591523895405 0.18465227817745802 0.345356176735798 0.19024780175859313
0 0.48872858431018934 0.0903277378097522 0.5139765554553652 0.10711430855315748 0.5198376916140668 0.10711430855315748 0.5229936880072137 0.10311750599520383 0.5220919747520288 0.08792965627498003 0.5085662759242561 0.07354116706634693 0.49504057709648336 0.06634692246203039 0.49008115419296666 0.0671462829736211 0.48737601442741213 0.07034372501998402 0.48692515779981965 0.08553157474020784 0.48872858431018934 0.0903277378097522
0 0.5311091073038774 0.1894484412470024 0.5536519386834987 0.19264588329336532 0.5563570784490532 0.18864908073541167 0.5563570784490532 0.16386890487609912 0.5536519386834987 0.15907274180655476 0.5320108205590622 0.1566746602717826 0.5288548241659152 0.15827338129496404 0.5261496844003607 0.1654676258992806 0.5284039675383229 0.18465227817745802 0.5311091073038774 0.1894484412470024
0 0.35933273219116324 0.09912070343725021 0.3660955816050496 0.09912070343725021 0.3674481514878269 0.07354116706634693 0.3656447249774572 0.060751398880895285 0.3606853020739405 0.055155875299760196 0.35437330928764654 0.055155875299760196 0.3525698827772768 0.05755395683453238 0.3525698827772768 0.08952837729816147 0.35933273219116324 0.09912070343725021
0 0.9693417493237151 0.26938449240607515 0.9815148782687105 0.2733812949640288 0.9918845807033364 0.27258193445243806 0.993688007213706 0.24940047961630699 0.9909828674481516 0.2358113509192646 0.9675383228133454 0.23661071143085532 0.9666366095581606 0.26298960831334933 0.9693417493237151 0.26938449240607515
0 0.560414788097385 0.7697841726618705 0.5640216411181245 0.7689848121502798 0.5671776375112715 0.762589928057554 0.5829576194770063 0.7641886490807354 0.5883678990081154 0.7633892885691447 0.5901713255184852 0.7601918465227818 0.5906221821460775 0.7402078337330137 0.5883678990081154 0.7306155075939249 0.560414788097385 0.7242206235011991 0.5568079350766456 0.7282174260591526 0.5550045085662759 0.7354116706634692 0.5554553651938684 0.762589928057554 0.560414788097385 0.7697841726618705
0 0.5157799819657348 0.7769784172661871 0.5315599639314699 0.7873701039168666 0.5441839495040577 0.7873701039168666 0.5491433724075744 0.7825739408473221 0.5504959422903517 0.7521982414068745 0.5491433724075744 0.7410071942446044 0.5468890892696122 0.7362110311750599 0.5139765554553652 0.7330135891286971 0.5094679891794409 0.7362110311750599 0.5076645626690712 0.7442046362909672 0.5081154192966637 0.765787370103917 0.5157799819657348 0.7769784172661871
0 0.5261496844003607 0.897681854516387 0.5410279531109107 0.8984812150279777 0.5428313796212805 0.8952837729816148 0.542380522993688 0.8816946442845724 0.5396753832281335 0.871302957633893 0.5284039675383229 0.8705035971223022 0.5256988277727683 0.8721023181454837 0.5220919747520288 0.8816946442845724 0.5220919747520288 0.8904876099120704 0.5261496844003607 0.897681854516387
0 0.28358881875563574 0.03756994404476419 0.2862939585211903 0.042366107114308556 0.3002705139765554 0.04476418864908074 0.30613165013525695 0.04476418864908074 0.3083859332732191 0.042366107114308556 0.30883678990081154 0.02797761790567546 0.30703336339044185 0.023181454836131096 0.2871956717763751 0.020783373301358914 0.284941388638413 0.02238209432454037 0.28358881875563574 0.02717825739408473 0.28358881875563574 0.03756994404476419
0 0.42515779981965734 0.915267785771383 0.43192064923354373 0.9192645883293366 0.4431920649233544 0.9160671462829737 0.44409377817853923 0.8960831334932055 0.4409377817853923 0.8816946442845724 0.42515779981965734 0.8792965627498002 0.42335437330928766 0.8824940047961631 0.42290351668169524 0.9040767386091128 0.42515779981965734 0.915267785771383
0 0.03832281334535618 0.03357314148681055 0.045987376014427414 0.03597122302158274 0.0545536519386835 0.03597122302158274 0.05725879170423805 0.03357314148681055 0.05725879170423805 0.00639488409272582 0.0545536519386835 0 0.03651938683498648 0 0.03606853020739405 0.02158273381294964 0.03832281334535618 0.03357314148681055
0 0.48467087466185754 0.5643485211830536 0.4977457168620379 0.5651478816946442 0.4990982867448151 0.5355715427657874 0.4905320108205591 0.5315747402078338 0.48782687105500455 0.5259792166266987 0.48512173128945 0.5243804956035172 0.48016230838593327 0.5243804956035172 0.4783588818755636 0.5275779376498801 0.4783588818755636 0.5603517186250999 0.48467087466185754 0.5643485211830536
0 0.46167718665464386 0.11191047162270185 0.4666366095581605 0.11270983213429257 0.4711451758340848 0.10871302957633892 0.4715960324616772 0.09272581934452438 0.46167718665464386 0.08713029576338929 0.4540126239855726 0.07753796962430057 0.44229035166816955 0.07593924860111911 0.44048692515779986 0.0783373301358913 0.43913435527502254 0.08633093525179857 0.43958521190261496 0.10231814548361312 0.46167718665464386 0.11191047162270185
0 0.13345356176735798 0.8305355715427658 0.15058611361587015 0.8321342925659473 0.15238954012623987 0.8297362110311751 0.1532912533814247 0.8105515587529977 0.15058611361587015 0.7993605115907274 0.13796212804328223 0.7953637090327739 0.13435527502254285 0.7961630695443646 0.13255184851217314 0.7993605115907274 0.13210099188458072 0.8265387689848122 0.13345356176735798 0.8305355715427658
0 0.521190261496844 0.548361310951239 0.5446348061316502 0.5515587529976019 0.5536519386834987 0.5515587529976019 0.5545536519386834 0.548361310951239 0.5541027953110911 0.5387689848121503 0.5504959422903517 0.5347721822541966 0.5189359783588818 0.5291766586730615 0.5162308385933273 0.5323741007194245 0.5157799819657348 0.5435651478816946 0.521190261496844 0.548361310951239
0 0.2822362488728584 0.521982414068745 0.2903516681695221 0.5235811350919265 0.2921550946798918 0.5203836930455635 0.29305680793507666 0.5115907274180655 0.2935076645626691 0.4908073541167067 0.2921550946798918 0.4772182254196643 0.2867448151487827 0.47242206235011996 0.28088367899008115 0.47242206235011996 0.2781785392245266 0.4772182254196643 0.2781785392245266 0.5163868904876099 0.2822362488728584 0.521982414068745