0 0.7339945897204688 0.6642685851318945 0.74165915238954 0.6714628297362111 0.7542831379621281 0.6802557953637091 0.7587917042380523 0.6762589928057555 0.7592425608656448 0.6650679456434853 0.7524797114517583 0.6538768984812151 0.7380522993688007 0.6434852118305356 0.7335437330928765 0.6434852118305356 0.729936880072137 0.6506794564348523 0.7303877366997296 0.6578737010391686 0.7339945897204688 0.6642685851318945
0 0.5658250676284942 0.37250199840127896 0.5743913435527502 0.37969624300559557 0.5843101893597836 0.3844924060751399 0.5883678990081154 0.3892885691446843 0.5919747520288549 0.3892885691446843 0.5937781785392245 0.3844924060751399 0.594229035166817 0.37969624300559557 0.5919747520288549 0.3741007194244605 0.584761045987376 0.37170263788968827 0.5739404869251578 0.35891286970423664 0.5671776375112715 0.3557154276578737 0.5640216411181245 0.36211031175059955 0.5640216411181245 0.36930455635491605 0.5658250676284942 0.37250199840127896
0 0.9733994589720468 0.12150279776179057 0.9765554553651938 0.1334932054356515 0.9945897204688909 0.15027977617905677 0.9995491433724076 0.1510791366906475 0.9995491433724076 0.11191047162270185 0.978809738503156 0.09512390087929656 0.9733994589720468 0.09832134292565947 0.9706943192064924 0.10791366906474821 0.9702434625789 0.11590727418065548 0.9733994589720468 0.12150279776179057
0 0.9039675383228134 0.28617106314948043 0.9080252479711453 0.2853717026378897 0.9084761045987376 0.2741806554756195 0.9057709648331831 0.2677857713828937 0.8976555455365194 0.26618705035971224 0.8935978358881875 0.27098321342925663 0.89404869251578 0.2821742605915268 0.9039675383228134 0.28617106314948043
0 0.4837691614066727 0.7130295763389289 0.5049594229035167 0.7306155075939249 0.5099188458070334 0.7290167865707434 0.5157799819657348 0.7106314948041567 0.5157799819657348 0.7074340527577938 0.5058611361587015 0.6906474820143885 0.48737601442741213 0.6738609112709832 0.4833183047790803 0.6786570743405277 0.4783588818755636 0.6946442845723421 0.4783588818755636 0.7026378896882494 0.4837691614066727 0.7130295763389289
0 0.48512173128945 0.8145483613109513 0.4905320108205591 0.8145483613109513 0.4990982867448151 0.7945643485211831 0.5022542831379622 0.7721822541966427 0.4959422903516682 0.7601918465227818 0.49098286744815145 0.7601918465227818 0.48737601442741213 0.7665867306155076 0.478809738503156 0.7913669064748201 0.478809738503156 0.806554756195044 0.48512173128945 0.8145483613109513
0 0.3313796212804328 0.7170263788968825 0.35617673579801623 0.7418065547561951 0.35933273219116324 0.7434052757793765 0.3629395852119026 0.7402078337330137 0.369702434625789 0.709832134292566 0.369702434625789 0.697841726618705 0.3678990081154193 0.6922462030375699 0.33814247069431924 0.6706634692246204 0.3336339044183949 0.6730615507593926 0.3309287646528404 0.6778577138289369 0.32596934174932374 0.6962430055955237 0.32642019837691616 0.709832134292566 0.3313796212804328 0.7170263788968825
0 0.5022542831379622 0.7969624300559552 0.5171325518485121 0.8049560351718625 0.5207394048692516 0.800959232613909 0.5247971145175834 0.7785771382893686 0.5234445446348062 0.7721822541966427 0.5202885482416592 0.7681854516386891 0.5081154192966637 0.7601918465227818 0.5049594229035167 0.7673860911270984 0.5018034265103697 0.7825739408473221 0.5009017132551848 0.7937649880095924 0.5022542831379622 0.7969624300559552
0 0.5779981965734896 0.35331734612310156 0.5955816050495942 0.3645083932853717 0.5991884580703336 0.36370903277378097 0.6009918845807034 0.3597122302158273 0.6005410279531108 0.35171862509992013 0.5915238954012624 0.34212629896083135 0.5743913435527502 0.3309352517985612 0.5707844905320109 0.3341326938449241 0.5712353471596032 0.34612310151878495 0.5779981965734896 0.35331734612310156
0 0.9391343552750226 0.10071942446043165 0.9467989179440939 0.10711430855315748 0.9567177637511272 0.12949640287769784 0.9630297565374212 0.13029576338928858 0.9652840396753832 0.12629896083133493 0.9702434625789 0.11191047162270185 0.9715960324616773 0.10311750599520383 0.9702434625789 0.09192645883293366 0.967087466185753 0.08473221422861711 0.9598737601442742 0.08313349320543566 0.9431920649233544 0.06634692246203039 0.9391343552750226 0.06954436450839328 0.9346257889990982 0.07913669064748202 0.9350766456266908 0.09432454036770584 0.9391343552750226 0.10071942446043165
0 0.836789900811542 0.7561950439648283 0.8417493237150586 0.765787370103917 0.8453561767357981 0.7673860911270984 0.8503155996393147 0.7601918465227818 0.8530207394048693 0.7521982414068745 0.8561767357980163 0.7410071942446044 0.8566275924256087 0.7338129496402878 0.8521190261496844 0.7258193445243806 0.8462578899909828 0.7258193445243806 0.8390441839495041 0.7418065547561951 0.8363390441839494 0.7513988808952838 0.836789900811542 0.7561950439648283
0 0.16681695220919746 0.9760191846522782 0.17538322813345356 0.982414068745004 0.17989179440937783 0.9808153477218226 0.18440036068530208 0.9632294164668266 0.1830477908025248 0.9504396482813751 0.17944093778178538 0.9440447641886491 0.16862037871956717 0.9352517985611511 0.1650135256988278 0.9376498800959233 0.16095581605049597 0.9568345323741008 0.16095581605049597 0.9672262190247802 0.16681695220919746 0.9760191846522782
0 0.9283137962128044 0.7993605115907274 0.9386834986474301 0.809752198241407 0.9458972046889089 0.8121502797761792 0.9513074842200181 0.7929656274980017 0.9477006311992787 0.7769784172661871 0.9422903516681695 0.7689848121502798 0.9323715058611362 0.7609912070343725 0.9283137962128044 0.7609912070343725 0.9251577998196574 0.7721822541966427 0.9247069431920649 0.7881694644284573 0.9283137962128044 0.7993605115907274
0 0.4431920649233544 0.9992006394884093 0.4630297565374211 0.9992006394884093 0.4643823264201984 0.9944044764188649 0.4571686203787196 0.9800159872102319 0.45130748422001804 0.973621103117506 0.445897204688909 0.9744204636290967 0.4409377817853923 0.9840127897681855 0.44048692515779986 0.9920063948840928 0.4431920649233544 0.9992006394884093
0 0.6848512173128946 0.9960031974420465 0.6889089269612263 0.9952038369304558 0.690712353471596 0.9920063948840928 0.6952209197475203 0.9768185451638689 0.6952209197475203 0.9680255795363709 0.6925157799819658 0.9616306954436452 0.6767357980162308 0.9488409272581935 0.6740306582506763 0.9512390087929657 0.6708746618575293 0.9696243005595524 0.6708746618575293 0.9800159872102319 0.6848512173128946 0.9960031974420465
0 0.7087466185752931 0.8609112709832134 0.7222723174030657 0.8609112709832134 0.7245266005410279 0.8585131894484412 0.7258791704238052 0.8521183053557154 0.7150586113615871 0.8473221422861711 0.7055906221821461 0.8489208633093526 0.7055906221821461 0.8577138289368506 0.7087466185752931 0.8609112709832134
0 0.1920649233543733 0.9696243005595524 0.2146077547339946 0.9952038369304558 0.22046889089269614 0.9992006394884093 0.22452660054102797 0.9944044764188649 0.22768259693417492 0.9800159872102319 0.22768259693417492 0.9728217426059154 0.22587917042380526 0.9680255795363709 0.2164111812443643 0.9608313349320544 0.21415689810640218 0.9528377298161471 0.20018034265103696 0.938449240607514 0.1956717763751127 0.9392486011191048 0.19116321009918846 0.9496402877697842 0.18935978358881875 0.9640287769784173 0.1920649233543733 0.9696243005595524
0 0.5572587917042381 0.4740207833733014 0.5608656447249775 0.4740207833733014 0.5622182146077548 0.47002398081534774 0.560414788097385 0.46203037569944044 0.5504959422903517 0.4524380495603517 0.5464382326420198 0.4508393285371703 0.542380522993688 0.4556354916067146 0.542380522993688 0.4612310151878497 0.5572587917042381 0.4740207833733014
0 0.5387736699729486 0.4876099120703437 0.5504959422903517 0.49640287769784175 0.5536519386834987 0.49720223820943243 0.5554553651938684 0.4940047961630696 0.5541027953110911 0.4860111910471623 0.5383228133453561 0.47641886490807356 0.5365193868349865 0.48201438848920863 0.5387736699729486 0.4876099120703437
0 0.8854824165915239 0.3085531574740208 0.8904418394950405 0.31095123900879296 0.8976555455365194 0.30935251798561153 0.8999098286744815 0.30135891286970423 0.8990081154192966 0.29576338928856916 0.8949504057709649 0.29256594724220625 0.8868349864743011 0.29256594724220625 0.8836789900811541 0.2965627498001599 0.8832281334535618 0.3045563549160672 0.8854824165915239 0.3085531574740208
0 0.8070333633904418 0.18225419664268586 0.8110910730387737 0.1750599520383693 0.8146979260595131 0.15507593924860114 0.8115419296663661 0.14388489208633096 0.806131650135257 0.14228617106314947 0.793507664562669 0.12869704236610713 0.7889990982867447 0.12869704236610713 0.7871956717763752 0.13189448441247004 0.7826871055004508 0.15187849720223823 0.7831379621280433 0.16147082334132695 0.8070333633904418 0.18225419664268586
0 0.7953110910730388 0.7074340527577938 0.8088367899008116 0.7170263788968825 0.8106402164111812 0.7170263788968825 0.8142470694319207 0.7090327737809753 0.8165013525698828 0.6962430055955237 0.8155996393146979 0.6866506794564349 0.799819657348963 0.6714628297362111 0.7930568079350766 0.6690647482014389 0.7885482416591524 0.6874500399680257 0.7885482416591524 0.6994404476418865 0.7953110910730388 0.7074340527577938
0 0.9053201082055906 0.8816946442845724 0.9170423805229937 0.8968824940047961 0.9247069431920649 0.894484412470024 0.9287646528403968 0.8824940047961631 0.9287646528403968 0.8752997601918465 0.9256086564472498 0.859312549960032 0.9201983769161407 0.8521183053557154 0.9120829576194771 0.8465227817745804 0.9098286744815148 0.8481215027977619 0.9075743913435527 0.8585131894484412 0.9048692515779982 0.8737010391686652 0.9053201082055906 0.8816946442845724
0 0.9819657348963029 0.9992006394884093 0.9828674481514879 0.9952038369304558 0.9828674481514879 0.9896083133493206 0.9815148782687105 0.9872102318145485 0.9598737601442742 0.9704236610711432 0.9558160504959423 0.9720223820943246 0.9522091974752029 0.9848121502797762 0.9504057709648331 0.9992006394884093 0.9819657348963029 0.9992006394884093
0 0.6559963931469793 0.9704236610711432 0.6645626690712354 0.9792166266986412 0.6690712353471596 0.9776179056754596 0.6708746618575293 0.9696243005595524 0.6690712353471596 0.9552358113509193 0.6654643823264202 0.9504396482813751 0.6582506762849414 0.947242206235012 0.6555455365193867 0.9528377298161471 0.654643823264202 0.9648281374900081 0.6559963931469793 0.9704236610711432
0 0.8733092876465285 0.4020783373301359 0.8904418394950405 0.4180655475619504 0.8944995491433724 0.4172661870503597 0.8958521190261496 0.40367705835331735 0.8935978358881875 0.3996802557953637 0.8805229936880072 0.38609112709832133 0.8751127141568981 0.3844924060751399 0.8724075743913436 0.3868904876099121 0.871956717763751 0.3980815347721823 0.8733092876465285 0.4020783373301359
0 0.7055906221821461 0.8393285371702638 0.7263300270513976 0.8409272581934453 0.7294860234445446 0.8377298161470824 0.7290351668169522 0.8305355715427658 0.7240757439134355 0.827338129496403 0.7078449053201082 0.827338129496403 0.7037871956717764 0.8313349320543566 0.703336339044184 0.8353317346123101 0.7055906221821461 0.8393285371702638
0 0.9080252479711453 0.32773780975219824 0.9174932371505862 0.33573141486810554 0.9220018034265104 0.3349320543565148 0.9265103697024346 0.32214228617106316 0.9260595130748422 0.31414868105515587 0.9238052299368801 0.30935251798561153 0.9152389540126239 0.30295763389288566 0.9134355275022543 0.30375699440447645 0.9066726780883679 0.3181454836131095 0.9062218214607755 0.3237410071942446 0.9080252479711453 0.32773780975219824
0 0.6212804328223626 0.9248601119104717 0.6496844003606853 0.9504396482813751 0.6550946798917944 0.9456434852118306 0.654643823264202 0.9336530775379696 0.6456266907123535 0.9176658673061552 0.6262398557258791 0.9008792965627499 0.6226330027051398 0.9008792965627499 0.6194770063119928 0.9080735411670664 0.6185752930568079 0.9216626698641087 0.6212804328223626 0.9248601119104717
0 0.7069431920649234 0.9992006394884093 0.739404869251578 0.9992006394884093 0.7443642921550947 0.9848121502797762 0.7448151487826871 0.9704236610711432 0.7339945897204688 0.9576338928856915 0.7164111812443643 0.9456434852118306 0.7128043282236249 0.9456434852118306 0.7082957619477006 0.9584332533972821 0.7055906221821461 0.9784172661870505 0.7051397655545536 0.9944044764188649 0.7069431920649234 0.9992006394884093
0 0.7204688908926962 0.2334132693844924 0.7236248872858432 0.23741007194244604 0.7276825969341749 0.23741007194244604 0.7308385933273219 0.23421262989608316 0.7348963029756538 0.22462030375699443 0.7385031559963932 0.20543565147881696 0.7339945897204688 0.19904076738609114 0.7294860234445446 0.19824140687450043 0.7258791704238052 0.20223820943245407 0.7195671776375113 0.21822541966426862 0.7186654643823265 0.2270183852917666 0.7204688908926962 0.2334132693844924
0 0.2727682596934175 0.9992006394884093 0.2732191163210099 0.9968025579536371 0.2727682596934175 0.9880095923261392 0.27006311992786297 0.9832134292565947 0.26194770063119927 0.9768185451638689 0.2583408476104599 0.9768185451638689 0.25293056807935077 0.9936051159072742 0.25247971145175835 0.9992006394884093 0.2727682596934175 0.9992006394884093
0 0.876014427412083 0.3788968824940048 0.89404869251578 0.3924860111910472 0.8990081154192966 0.3868904876099121 0.8985572587917042 0.3788968824940048 0.89404869251578 0.37250199840127896 0.8800721370604149 0.36211031175059955 0.876014427412083 0.3613109512390088 0.8746618575293057 0.36370903277378097 0.8742110009017132 0.3749000799360512 0.876014427412083 0.3788968824940048
0 0.9147880973850315 0.4108713029576339 0.9319206492335438 0.425259792166267 0.9355275022542832 0.42366107114308554 0.9404869251577999 0.4028776978417266 0.9382326420198377 0.39408473221422863 0.9346257889990982 0.39168665067945646 0.9323715058611362 0.3868904876099121 0.9229035166816953 0.38049560351718625 0.9183949504057709 0.38049560351718625 0.9134355275022543 0.38609112709832133 0.9129846708746618 0.4028776978417266 0.9147880973850315 0.4108713029576339
0 0.445897204688909 0.7386091127098321 0.4504057709648332 0.7386091127098321 0.45897204688908927 0.7162270183852918 0.4580703336339044 0.709832134292566 0.44274120829576197 0.6810551558752997 0.4341749323715059 0.6762589928057555 0.43056807935076646 0.6786570743405277 0.4278629395852119 0.6962430055955237 0.42425608656447256 0.7058353317346123 0.42425608656447256 0.718625099920064 0.445897204688909 0.7386091127098321
0 0.38863841298467083 0.9728217426059154 0.4008115419296664 0.9816147082334133 0.40577096483318303 0.982414068745004 0.41073038773669973 0.9640287769784173 0.40802524797114514 0.9432454036770584 0.3981064021641118 0.9320543565147882 0.39404869251577995 0.9320543565147882 0.3890892696122633 0.9504396482813751 0.38773669972948605 0.959232613908873 0.38863841298467083 0.9728217426059154
0 0.8327321911632102 0.7521982414068745 0.8408476104598738 0.7633892885691447 0.8458070333633905 0.765787370103917 0.8494138863841298 0.7617905675459633 0.8521190261496844 0.753796962430056 0.8561767357980163 0.7346123101518786 0.8534715960324617 0.7274180655475619 0.8408476104598738 0.7162270183852918 0.8340847610459874 0.7138289368505196 0.8291253381424708 0.7202238209432456 0.824165915238954 0.7378097521982414 0.8246167718665464 0.748201438848921 0.8327321911632102 0.7521982414068745