0 0.9039675383228134 0.19104716227018384 0.9206492335437331 0.2006394884092726 0.9247069431920649 0.19904076738609114 0.9283137962128044 0.19104716227018384 0.9283137962128044 0.17985611510791366 0.9211000901713255 0.17106314948041568 0.9075743913435527 0.1654676258992806 0.9012623985572588 0.1654676258992806 0.8990081154192966 0.16946442845723422 0.8990081154192966 0.1830535571542766 0.9039675383228134 0.19104716227018384
0 0.5617673579801623 0.9008792965627499 0.5802524797114518 0.9056754596322941 0.5852119026149685 0.9040767386091128 0.5856627592425608 0.8880895283772982 0.5834084761045988 0.8792965627498002 0.569882777276826 0.8729016786570745 0.5631199278629396 0.8729016786570745 0.5599639314697926 0.8776978417266187 0.5595130748422003 0.8920863309352519 0.5617673579801623 0.9008792965627499
0 0.8471596032461677 0.16786570743405277 0.8787195671776376 0.1750599520383693 0.8832281334535618 0.1750599520383693 0.8872858431018936 0.1654676258992806 0.8877366997294861 0.16067146282973624 0.8872858431018936 0.15027977617905677 0.8809738503155997 0.1374900079936051 0.8773669972948602 0.13589128697042366 0.8660955816050496 0.1366906474820144 0.8629395852119026 0.1398880895283773 0.8489630297565375 0.13908872901678657 0.8453561767357981 0.14468425259792167 0.8435527502254283 0.15587529976019188 0.8435527502254283 0.16386890487609912 0.8471596032461677 0.16786570743405277
0 0.584761045987376 0.5371702637889688 0.6127141568981065 0.5379696243005596 0.6172227231740307 0.5323741007194245 0.6167718665464382 0.513189448441247 0.6149684400360685 0.5107913669064749 0.5906221821460775 0.5099920063948842 0.5834084761045988 0.5147881694644285 0.5820559062218215 0.5267785771382895 0.584761045987376 0.5371702637889688
0 0.6519386834986475 0.33812949640287776 0.6645626690712354 0.3445243804956035 0.6686203787195673 0.3429256594724221 0.6704238052299368 0.3333333333333333 0.6704238052299368 0.3261390887290168 0.6686203787195673 0.3213429256594725 0.6582506762849414 0.31414868105515587 0.6532912533814247 0.31414868105515587 0.6501352569882777 0.3213429256594725 0.6496844003606853 0.3333333333333333 0.6519386834986475 0.33812949640287776
0 0.9761045987376015 0.24460431654676262 0.9900811541929667 0.2549960031974421 0.9963931469792606 0.2549960031974421 0.9995491433724076 0.2501998401278977 0.9995491433724076 0.23661071143085532 0.9909828674481516 0.22861710631494805 0.9806131650135257 0.2238209432454037 0.9774571686203787 0.22621902478017586 0.9756537421100091 0.23101518784972022 0.9738503155996393 0.2414068745003997 0.9761045987376015 0.24460431654676262
0 0.9711451758340848 0.31015187849720227 0.9860234445446348 0.3237410071942446 0.9909828674481516 0.3213429256594725 0.9954914337240758 0.30375699440447645 0.9945897204688909 0.2973621103117506 0.9864743011722273 0.293365307753797 0.9810640216411182 0.2877697841726619 0.9765554553651938 0.28936850519584334 0.9729486023444545 0.2965627498001599 0.9706943192064924 0.3061550759392486 0.9711451758340848 0.31015187849720227
0 0.43958521190261496 0.8553157474020784 0.45356176735798015 0.8697042366107114 0.45626690712353474 0.8705035971223022 0.4612263300270514 0.8665067945643485 0.4634806131650135 0.862509992006395 0.4661857529305681 0.8497202238209433 0.46528403967538323 0.8409272581934453 0.4558160504959423 0.82414068745004 0.4495040577096483 0.8169464428457234 0.44229035166816955 0.8161470823341327 0.4359783588818755 0.8393285371702638 0.436429215509468 0.8489208633093526 0.43958521190261496 0.8553157474020784
0 0.39404869251577995 0.4948041566746603 0.3958521190261497 0.49880095923261397 0.42200180342651034 0.5155875299760192 0.43192064923354373 0.5195843325339728 0.4355275022542831 0.5179856115107914 0.43958521190261496 0.49880095923261397 0.4355275022542831 0.4860111910471623 0.4125338142470695 0.47002398081534774 0.40712353471596036 0.47002398081534774 0.3990081154192967 0.46522781774580335 0.39720468890892696 0.46522781774580335 0.3958521190261497 0.47002398081534774 0.3935978358881876 0.486810551558753 0.39404869251577995 0.4948041566746603
0 0.47745716862037874 0.8281374900079936 0.49098286744815145 0.8393285371702638 0.4945897204688909 0.8393285371702638 0.5004508566275925 0.8297362110311751 0.5081154192966637 0.8361310951239008 0.5121731289449956 0.8361310951239008 0.5229936880072137 0.8073541167066347 0.524346257889991 0.797761790567546 0.521190261496844 0.7825739408473221 0.5040577096483319 0.765787370103917 0.49323715058611367 0.7474020783373301 0.4905320108205591 0.7458033573141487 0.48737601442741213 0.7505995203836932 0.48737601442741213 0.756994404476419 0.4842200180342651 0.7641886490807354 0.4828674481514878 0.7769784172661871 0.47339945897204694 0.8089528377298163 0.47339945897204694 0.8209432454036771 0.47745716862037874 0.8281374900079936
0 0.8692515779981966 0.9272581934452439 0.8963029756537422 0.9424460431654678 0.8999098286744815 0.9424460431654678 0.9012623985572588 0.9400479616306955 0.9030658250676284 0.9168665067945644 0.9012623985572588 0.9112709832134293 0.8976555455365194 0.9080735411670664 0.871956717763751 0.8984812150279777 0.8656447249774571 0.9112709832134293 0.8651938683498648 0.920863309352518 0.8692515779981966 0.9272581934452439
0 0.8313796212804329 0.8928856914468426 0.8458070333633905 0.9072741806554757 0.8512173128944995 0.9072741806554757 0.8570784490532011 0.8912869704236611 0.8575293056807936 0.8808952837729817 0.8422001803426511 0.8641087130295764 0.8381424706943192 0.8641087130295764 0.833633904418395 0.871302957633893 0.830477908025248 0.8824940047961631 0.8313796212804329 0.8928856914468426
0 0.9770063119927863 0.9424460431654678 0.9869251577998197 0.9512390087929657 0.9995491433724076 0.9496402877697842 0.9995491433724076 0.9000799360511591 0.9909828674481516 0.8920863309352519 0.9864743011722273 0.894484412470024 0.9828674481514879 0.9024780175859313 0.9747520288548243 0.9312549960031975 0.9747520288548243 0.938449240607514 0.9770063119927863 0.9424460431654678
0 0.5256988277727683 0.8697042366107114 0.5459873760144275 0.8912869704236611 0.5500450856627592 0.8928856914468426 0.5554553651938684 0.885691446842526 0.5577096483318305 0.8776978417266187 0.5599639314697926 0.8521183053557154 0.5559062218214608 0.8441247002398081 0.5468890892696122 0.8345323741007195 0.5405770964833183 0.8297362110311751 0.5356176735798016 0.8297362110311751 0.5324616771866546 0.8337330135891287 0.5238954012623985 0.8585131894484412 0.5234445446348062 0.8657074340527579 0.5256988277727683 0.8697042366107114
0 0.9833183047790803 0.6834532374100719 0.993688007213706 0.6898481215027978 0.996844003606853 0.689048760991207 0.9977457168620378 0.6842525979216627 0.9995491433724076 0.6834532374100719 0.9995491433724076 0.6530775379696243 0.9855725879170424 0.6354916067146283 0.9810640216411182 0.6314948041566747 0.9783588818755636 0.6330935251798562 0.9733994589720468 0.6538768984812151 0.9738503155996393 0.6698641087130296 0.9833183047790803 0.6834532374100719
0 0.18440036068530208 0.818545163868905 0.19612263300270513 0.8265387689848122 0.19837691614066724 0.8321342925659473 0.19792605951307485 0.8385291766586731 0.19927862939585214 0.841726618705036 0.22723174030658252 0.862509992006395 0.23038773669972948 0.8617106314948043 0.2344454463480613 0.853717026378897 0.23805229936880073 0.8385291766586731 0.23805229936880073 0.8249400479616307 0.23489630297565375 0.8177458033573143 0.22723174030658252 0.8113509192645884 0.2231740306582507 0.8001598721023181 0.18575293056807937 0.7641886490807354 0.18169522091974755 0.7641886490807354 0.178990081154193 0.7689848121502798 0.17673579801623085 0.7849720223820944 0.1740306582506763 0.7929656274980017 0.1740306582506763 0.8041566746602719 0.18440036068530208 0.818545163868905
0 0.45626690712353474 0.31015187849720227 0.4580703336339044 0.31734612310151883 0.47024346257889993 0.3165467625899281 0.47024346257889993 0.3053557154276579 0.4688908926961226 0.302158273381295 0.45761947700631195 0.30135891286970423 0.45626690712353474 0.30375699440447645 0.45626690712353474 0.31015187849720227
0 0.27908025247971147 0.4668265387689848 0.28088367899008115 0.4708233413269384 0.2867448151487827 0.4756195043964829 0.2966636609558161 0.4924060751398881 0.3097385031559964 0.5059952038369305 0.3205590622182146 0.5139888089528377 0.32416591523895405 0.5107913669064749 0.3300270513976556 0.4908073541167067 0.32822362488728585 0.4804156674660272 0.32416591523895405 0.4716227018385292 0.29260595130748424 0.4396482813749001 0.28268710550045084 0.43804956035171866 0.2813345356176736 0.4420463629096723 0.27908025247971147 0.45643485211830537 0.27908025247971147 0.4668265387689848
0 0.26194770063119927 0.6059152677857713 0.29080252479711455 0.6338928856914469 0.2966636609558161 0.6354916067146283 0.3002705139765554 0.6306954436450839 0.30522993688007216 0.6155075939248602 0.30748422001803427 0.6019184652278178 0.30793507664562675 0.5883293365307755 0.30613165013525695 0.5843325339728218 0.27592425608656446 0.5595523581135092 0.2660054102795311 0.5627498001598722 0.2610459873760144 0.5787370103916867 0.2583408476104599 0.5979216626698641 0.26194770063119927 0.6059152677857713
0 0.8904418394950405 0.22541966426858515 0.9080252479711453 0.23661071143085532 0.9147880973850315 0.23501199040767387 0.9165915238954013 0.2302158273381295 0.9170423805229937 0.21342925659472425 0.9129846708746618 0.2070343725019984 0.89404869251578 0.20223820943245407 0.8899909828674482 0.20223820943245407 0.8863841298467088 0.20623501199040767 0.8868349864743011 0.21982414068745004 0.8904418394950405 0.22541966426858515
0 0.32777276825969337 0.7034372501998403 0.3431018935978359 0.718625099920064 0.348512173128945 0.7298161470823342 0.35211902614968443 0.7282174260591526 0.3557258791704238 0.7202238209432456 0.3602344454463481 0.7034372501998403 0.3602344454463481 0.6986410871302958 0.35752930568079355 0.6930455635491607 0.33543733092876465 0.6730615507593926 0.33047790802524796 0.6778577138289369 0.3268710550045086 0.6914468425259792 0.32642019837691616 0.6994404476418865 0.32777276825969337 0.7034372501998403
0 0.6127141568981065 0.6714628297362111 0.6235347159603246 0.6722621902478018 0.627141568981064 0.6674660271782575 0.633453561767358 0.6498800959232613 0.6352569882777277 0.636290967226219 0.6235347159603246 0.6163069544364509 0.6149684400360685 0.6115107913669064 0.6122633002705139 0.6131095123900879 0.6055004508566276 0.6258992805755397 0.6009918845807034 0.6458832933653078 0.6000901713255185 0.6618705035971224 0.6127141568981065 0.6714628297362111
0 0.9711451758340848 0.29096722621902477 0.9774571686203787 0.28936850519584334 0.9801623083859333 0.2829736211031175 0.9792605951307485 0.27098321342925663 0.9711451758340848 0.2637889688249401 0.9666366095581606 0.26538768984812156 0.9634806131650135 0.27577937649880097 0.9630297565374212 0.2821742605915268 0.9711451758340848 0.29096722621902477
0 0.5816050495942291 0.9888089528377298 0.5928764652840397 0.9968025579536371 0.5933273219116322 0.9992006394884093 0.611361587015329 0.9992006394884093 0.6131650135256989 0.9944044764188649 0.6109107303877367 0.9864108713029576 0.6055004508566276 0.9776179056754596 0.5897204688908927 0.9584332533972821 0.584761045987376 0.9576338928856915 0.5816050495942291 0.9632294164668266 0.5788999098286746 0.9744204636290967 0.5784490532010821 0.9800159872102319 0.5816050495942291 0.9888089528377298
0 0.9768674481514878 0.9992006394884093 0.9774571686203787 0.9960031974420465 0.9791911632100991 0.9992006394884093 0.9815148782687105 0.9992006394884093 0.9806131650135257 0.9952038369304558 0.9738503155996393 0.9928057553956835 0.9688908926961226 0.9840127897681855 0.9616771866546439 0.9784172661870505 0.9594229035166817 0.9784172661870505 0.9567177637511272 0.982414068745004 0.9517583408476105 0.9944044764188649 0.9513074842200181 0.9992006394884093 0.9768674481514878 0.9992006394884093
0 0.6402164111812444 0.9632294164668266 0.6505861136158702 0.973621103117506 0.6596032461677187 0.9792166266986412 0.6677186654643824 0.9896083133493206 0.6722272317403066 0.9920063948840928 0.6785392245266005 0.9792166266986412 0.6785392245266005 0.9632294164668266 0.6650135256988278 0.9464428457234213 0.654643823264202 0.9432454036770584 0.6460775473399459 0.9336530775379696 0.6438232642019839 0.9336530775379696 0.6393146979260594 0.9432454036770584 0.636609558160505 0.9560351718625101 0.6402164111812444 0.9632294164668266
0 0.5374211000901714 0.9992006394884093 0.5617673579801623 0.9992006394884093 0.5640216411181245 0.9944044764188649 0.5626690712353472 0.9840127897681855 0.560414788097385 0.9792166266986412 0.5405770964833183 0.9608313349320544 0.5365193868349865 0.9640287769784173 0.5324616771866546 0.9792166266986412 0.5320108205590622 0.9896083133493206 0.5374211000901714 0.9992006394884093
0 0.602795311091073 0.9584332533972821 0.6050495942290353 0.9664268585131894 0.6095581605049595 0.973621103117506 0.6154192966636609 0.9792166266986412 0.6194770063119928 0.9792166266986412 0.6226330027051398 0.9776179056754596 0.627141568981064 0.9704236610711432 0.6284941388638413 0.9632294164668266 0.627141568981064 0.9528377298161471 0.6140667267808837 0.9352517985611511 0.5987376014427412 0.9224620303756994 0.5933273219116322 0.9248601119104717 0.59107303877367 0.9328537170263789 0.59107303877367 0.9480415667466028 0.602795311091073 0.9584332533972821
0 0.5617673579801623 0.4708233413269384 0.5743913435527502 0.4828137490007994 0.5775473399458972 0.48121502797761795 0.5802524797114518 0.4740207833733014 0.5798016230838593 0.47002398081534774 0.566726780883679 0.45643485211830537 0.5631199278629396 0.4556354916067146 0.560414788097385 0.460431654676259 0.5599639314697926 0.4660271782573941 0.5617673579801623 0.4708233413269384
0 0.41794409377817854 0.8760991207034373 0.42425608656447256 0.8808952837729817 0.4292155094679892 0.8760991207034373 0.4310189359783589 0.8601119104716227 0.42651036970243467 0.8521183053557154 0.42155094679891797 0.8473221422861711 0.41794409377817854 0.8473221422861711 0.4143372407574391 0.8601119104716227 0.4138863841298467 0.8689048760991207 0.41794409377817854 0.8760991207034373
0 0.860234445446348 0.07434052757793765 0.8624887285843102 0.0783373301358913 0.871956717763751 0.08393285371702638 0.8764652840396754 0.07913669064748202 0.8778178539224527 0.07194244604316548 0.8769161406672679 0.0639488409272582 0.8674481514878268 0.05595523581135092 0.863390441839495 0.05675459632294165 0.8615870153291254 0.059952038369304565 0.8593327321911632 0.06794564348521183 0.860234445446348 0.07434052757793765
0 0.809287646528404 0.8489208633093526 0.8137962128043282 0.8513189448441247 0.8165013525698828 0.8481215027977619 0.8174030658250677 0.844924060751399 0.8151487826871056 0.8409272581934453 0.8106402164111812 0.8353317346123101 0.8088367899008116 0.8369304556354917 0.8070333633904418 0.8441247002398081 0.809287646528404 0.8489208633093526
0 0.8101893597835889 0.8257394084732215 0.8205590622182147 0.832933653077538 0.8246167718665464 0.8281374900079936 0.825067628494139 0.8177458033573143 0.8219116321009919 0.809752198241407 0.8137962128043282 0.8049560351718625 0.8088367899008116 0.8073541167066347 0.8070333633904418 0.8177458033573143 0.8101893597835889 0.8257394084732215
0 0.45987376014427417 0.29096722621902477 0.4806131650135257 0.2901678657074341 0.4815148782687106 0.2877697841726619 0.4806131650135257 0.2733812949640288 0.4594229035166817 0.2741806554756195 0.45852119026149685 0.28936850519584334 0.45987376014427417 0.29096722621902477