0 0.5180342651036971 0.21982414068745004 0.521190261496844 0.2238209432454037 0.5261496844003607 0.22541966426858515 0.5297565374211001 0.22302158273381298 0.5329125338142471 0.2126298960831335 0.5342651036970244 0.19584332533972823 0.5270513976555455 0.18545163868904876 0.5220919747520288 0.18465227817745802 0.5166816952209198 0.20623501199040767 0.5162308385933273 0.21342925659472425 0.5180342651036971 0.21982414068745004
0 0 0.5163868904876099 0.015329125338142471 0.525179856115108 0.018935978358881875 0.5243804956035172 0.02254283137962128 0.5083932853717026 0.02073940486925158 0.4932054356514788 0.018935978358881875 0.49000799360511593 0.011722272317403066 0.49000799360511593 0.0018034265103697026 0.4852118305355716 0 0.4852118305355716 0 0.5163868904876099
0 0.3376916140667268 0.23421262989608316 0.3412984670874662 0.23661071143085532 0.34761045987376016 0.23501199040767387 0.3534715960324617 0.20783373301358915 0.3530207394048692 0.19424460431654678 0.3412984670874662 0.18864908073541167 0.33859332732191166 0.19344524380495606 0.33498647430117223 0.21502797761790568 0.33498647430117223 0.2270183852917666 0.3376916140667268 0.23421262989608316
0 0.657799819657349 0.11590727418065548 0.6605049594229035 0.11750599520383694 0.6650135256988278 0.1135091926458833 0.6690712353471596 0.10391686650679458 0.6672678088367898 0.09272581934452438 0.6614066726780884 0.08792965627498003 0.657799819657349 0.08872901678657075 0.6532912533814247 0.09832134292565947 0.6532912533814247 0.10551558752997602 0.657799819657349 0.11590727418065548
0 0.545536519386835 0.21422861710631497 0.5532010820559062 0.21582733812949642 0.5577096483318305 0.21023181454836132 0.5577096483318305 0.2006394884092726 0.5518485121731289 0.1918465227817746 0.5446348061316502 0.18864908073541167 0.5410279531109107 0.19344524380495606 0.5410279531109107 0.20863309352517986 0.545536519386835 0.21422861710631497
0 0.39179440937781784 0.533972821742606 0.3935978358881876 0.5379696243005596 0.4044183949504058 0.5403677058353318 0.40802524797114514 0.5355715427657874 0.40937781785392247 0.5179856115107914 0.40712353471596036 0.5115907274180655 0.4008115419296664 0.5083932853717026 0.39314697926059516 0.5171862509992007 0.39179440937781784 0.521982414068745 0.39179440937781784 0.533972821742606
0 0.29080252479711455 0.7082334132693845 0.3056807935076645 0.7242206235011991 0.3119927862939585 0.7242206235011991 0.31424706943192066 0.7194244604316546 0.3160504959422904 0.704236610711431 0.31424706943192066 0.6874500399680257 0.31154192966636607 0.6842525979216627 0.3002705139765554 0.6826538768984812 0.29621280432822367 0.6826538768984812 0.29305680793507666 0.6866506794564349 0.2894499549143373 0.6994404476418865 0.29080252479711455 0.7082334132693845
0 0 0.6346922462030377 0.005861136158701533 0.6354916067146283 0.012173128944995492 0.6258992805755397 0.013976555455365193 0.6091127098321344 0.012173128944995492 0.6019184652278178 0.0018034265103697026 0.595523581135092 0 0.595523581135092 0 0.6346922462030377
0 0.23669972948602347 0.6610711430855316 0.24481514878268712 0.6714628297362111 0.2583408476104599 0.6786570743405277 0.26375112714156895 0.6722621902478018 0.2610459873760144 0.6578737010391686 0.2484220018034265 0.6434852118305356 0.24030658250676284 0.6386890487609912 0.23760144274120829 0.6418864908073542 0.2357980162308386 0.6490807354116707 0.23534715960324618 0.6554756195043965 0.23669972948602347 0.6610711430855316
0 0 0.7945643485211831 0.008566275924256087 0.8001598721023181 0.015329125338142471 0.7969624300559552 0.015779981965734897 0.7857713828936851 0.013525698827772768 0.7721822541966427 0.008566275924256087 0.765787370103917 0.002705139765554554 0.7633892885691447 0 0.7633892885691447 0 0.7945643485211831
0 0.13480613165013525 0.21742605915267785 0.14201983769161408 0.21662669864108713 0.14652840396753833 0.2014388489208633 0.1442741208295762 0.18864908073541167 0.1411181244364292 0.1838529176658673 0.13435527502254285 0.17985611510791366 0.13119927862939584 0.18225419664268586 0.12984670874661858 0.18864908073541167 0.12984670874661858 0.2126298960831335 0.13480613165013525 0.21742605915267785
0 0.23985572587917042 0.9360511590727418 0.2551848512173129 0.9488409272581935 0.2587917042380523 0.9496402877697842 0.26194770063119927 0.9456434852118306 0.26284941388638416 0.9336530775379696 0.2560865644724978 0.9200639488409273 0.24436429215509467 0.9136690647482014 0.2407574391343553 0.9144684252597922 0.23850315599639313 0.9304556354916067 0.23985572587917042 0.9360511590727418
0 0.009017132551848512 0.8832933653077538 0.04102795311091073 0.9056754596322941 0.046889089269612265 0.9032773780975221 0.05049594229035167 0.8968824940047961 0.05410279531109107 0.8776978417266187 0.05410279531109107 0.8729016786570745 0.05184851217312895 0.8697042366107114 0.03877366997294861 0.8617106314948043 0.032461677186654644 0.8513189448441247 0.019386834986474304 0.8433253397282174 0.01442741208295762 0.8441247002398081 0.01127141568981064 0.8553157474020784 0.008566275924256087 0.8760991207034373 0.009017132551848512 0.8832933653077538
0 0.13435527502254285 0.12230215827338131 0.1492335437330929 0.1310951239008793 0.15554553651938682 0.12949640287769784 0.15734896302975654 0.10951239008792966 0.15464382326420198 0.1047162270183853 0.1510369702434626 0.1015187849720224 0.14021641118124437 0.10071942446043165 0.13706041478809738 0.10311750599520383 0.13570784490532012 0.10711430855315748 0.13345356176735798 0.11910471622701839 0.13435527502254285 0.12230215827338131
0 0.1920649233543733 0.8872901678657075 0.19747520288548243 0.9008792965627499 0.20694319206492334 0.9016786570743406 0.22137060414788098 0.9112709832134293 0.22768259693417492 0.91207034372502 0.23083859332732193 0.9080735411670664 0.2344454463480613 0.894484412470024 0.23534715960324618 0.8673061550759393 0.23354373309287646 0.862509992006395 0.2290351668169522 0.859312549960032 0.2164111812443643 0.8545163868904877 0.21325518485121733 0.8705035971223022 0.19477006311992787 0.8705035971223022 0.1920649233543733 0.8800959232613909 0.1920649233543733 0.8872901678657075
0 0.566726780883679 0.38049560351718625 0.5775473399458972 0.3876898481215028 0.5816050495942291 0.38848920863309355 0.5843101893597836 0.3828936850519585 0.5829576194770063 0.37010391686650684 0.5775473399458972 0.36530775379696245 0.569882777276826 0.36370903277378097 0.5671776375112715 0.3661071143085532 0.5649233543733093 0.3733013589128697 0.5644724977457168 0.3764988009592326 0.566726780883679 0.38049560351718625
0 0.5293056807935077 0.3525179856115108 0.5324616771866546 0.3493205435651479 0.5369702434625789 0.32454036770583533 0.5360685302073941 0.3149480415667466 0.5329125338142471 0.31095123900879296 0.5256988277727683 0.3133493205435652 0.5238954012623985 0.3165467625899281 0.5238954012623985 0.328537170263789 0.5216411181244364 0.33733013589128696 0.5220919747520288 0.3493205435651479 0.5293056807935077 0.3525179856115108
0 0.49504057709648336 0.11990407673860913 0.5 0.12230215827338131 0.5036068530207394 0.12070343725019984 0.5067628494138864 0.10951239008792966 0.5049594229035167 0.09432454036770584 0.5018034265103697 0.09112709832134293 0.4977457168620379 0.09272581934452438 0.49413886384129846 0.10951239008792966 0.49368800721370604 0.1167066346922462 0.49504057709648336 0.11990407673860913
0 0.28268710550045084 0.4684252597921663 0.29621280432822367 0.4740207833733014 0.3002705139765554 0.4740207833733014 0.3034265103697024 0.4684252597921663 0.3034265103697024 0.4588329336530776 0.2980162308385933 0.44844124700239807 0.2867448151487827 0.4404476418864908 0.27908025247971147 0.442845723421263 0.27908025247971147 0.4596322941646683 0.28268710550045084 0.4684252597921663
0 0.09197475202885483 0.5235811350919265 0.09783588818755636 0.5243804956035172 0.10279531109107304 0.5027977617905676 0.1036970243462579 0.49160671462829736 0.09873760144274121 0.4756195043964829 0.08926961226330027 0.47242206235011996 0.08431018935978359 0.47801758593125504 0.08115419296663662 0.5011990407673861 0.08160504959422904 0.5171862509992007 0.09197475202885483 0.5235811350919265
0 0.13525698827772767 0.18864908073541167 0.13345356176735798 0.1838529176658673 0.13345356176735798 0.1918465227817746 0.13525698827772767 0.18864908073541167
0 0.018034265103697024 0.6330935251798562 0.027502254283137965 0.6410871302957634 0.05004508566275924 0.6530775379696243 0.05320108205590622 0.6466826538768985 0.0563570784490532 0.6282973621103117 0.05590622182146077 0.6091127098321344 0.05320108205590622 0.6019184652278178 0.02164111812443643 0.5835331734612311 0.01848512173128945 0.5883293365307755 0.015329125338142471 0.6107114308553158 0.014878268710550046 0.6235011990407675 0.018034265103697024 0.6330935251798562
0 0.05500450856627593 0.991207034372502 0.06582506762849415 0.9960031974420465 0.07168620378719567 0.9960031974420465 0.07348963029756538 0.9936051159072742 0.0757439134355275 0.9840127897681855 0.07664562669071236 0.9704236610711432 0.0721370604147881 0.9576338928856915 0.060414788097385035 0.9488409272581935 0.05725879170423805 0.9496402877697842 0.05275022542831379 0.9648281374900081 0.05229936880072138 0.9840127897681855 0.05500450856627593 0.991207034372502
0 0.38097385031559966 0.8001598721023181 0.39404869251577995 0.8017585931254997 0.39720468890892696 0.7961630695443646 0.3958521190261497 0.7865707434052758 0.39314697926059516 0.7825739408473221 0.38097385031559966 0.7753796962430056 0.3764652840396754 0.7745803357314149 0.37330928764652843 0.7785771382893686 0.37240757439134353 0.7897681854516387 0.38097385031559966 0.8001598721023181
0 0.43192064923354373 0.4420463629096723 0.43733092876465285 0.4452438049560352 0.44274120829576197 0.4420463629096723 0.4436429215509468 0.42845723421262993 0.44048692515779986 0.42046362909672264 0.4346257889990983 0.4180655475619504 0.43192064923354373 0.4212629896083134 0.430117222723174 0.4276578737010392 0.4292155094679892 0.43325339728217427 0.43192064923354373 0.4420463629096723
0 0.418394950405771 0.7969624300559552 0.4310189359783589 0.8049560351718625 0.4355275022542831 0.8049560351718625 0.44003606853020744 0.7897681854516387 0.44003606853020744 0.7825739408473221 0.43778178539224527 0.7737809752198243 0.43507664562669074 0.7689848121502798 0.42425608656447256 0.7617905675459633 0.4206492335437331 0.7633892885691447 0.4170423805229937 0.7809752198241406 0.4165915238954013 0.7921662669864108 0.418394950405771 0.7969624300559552
0 0.08070333633904418 0.14068745003996805 0.08521190261496844 0.1334932054356515 0.09197475202885483 0.10311750599520383 0.0915238954012624 0.09512390087929656 0.087917042380523 0.08473221422861711 0.08431018935978359 0.08393285371702638 0.08115419296663662 0.08872901678657075 0.07348963029756538 0.12150279776179057 0.0739404869251578 0.13908872901678657 0.08070333633904418 0.14068745003996805
0 0.3782687105500451 0.6618705035971224 0.40396753832281335 0.6794564348521184 0.41073038773669973 0.6802557953637091 0.4138863841298467 0.6714628297362111 0.41343552750225426 0.6634692246203038 0.41118124436429215 0.657074340527578 0.3913435527502254 0.6418864908073542 0.3800721370604148 0.6378896882494005 0.37691614066726786 0.6498800959232613 0.3764652840396754 0.6554756195043965 0.3782687105500451 0.6618705035971224
0 0.40486925157799825 0.8737010391686652 0.418394950405771 0.8800959232613909 0.42110009017132555 0.8729016786570745 0.42155094679891797 0.8649080735411672 0.42019837691614065 0.8601119104716227 0.40847610459873757 0.8481215027977619 0.40171325518485124 0.8481215027977619 0.3990081154192967 0.8585131894484412 0.3990081154192967 0.8689048760991207 0.40486925157799825 0.8737010391686652
0 0.4310189359783589 0.08233413269384492 0.43913435527502254 0.08633093525179857 0.44274120829576197 0.08073541167066348 0.4454463480613165 0.06874500399680256 0.4449954914337241 0.05275779376498801 0.44229035166816955 0.045563549160671464 0.4359783588818755 0.03836930455635491 0.4314697926059513 0.03836930455635491 0.42831379621280435 0.04476418864908074 0.4278629395852119 0.07593924860111911 0.4310189359783589 0.08233413269384492
0 0.3935978358881876 0.938449240607514 0.402614968440036 0.9464428457234213 0.41118124436429215 0.9504396482813751 0.4161406672678088 0.9424460431654678 0.418394950405771 0.9224620303756994 0.4147880973850316 0.9144684252597922 0.39720468890892696 0.9072741806554757 0.39224526600541026 0.9280575539568345 0.39179440937781784 0.9320543565147882 0.3935978358881876 0.938449240607514
0 0.13435527502254285 0.5411670663469225 0.15960324616771868 0.548361310951239 0.1650135256988278 0.5459632294164669 0.16636609558160506 0.5283772981614708 0.1650135256988278 0.5179856115107914 0.16275924256086563 0.5123900879296562 0.14021641118124437 0.5075939248601119 0.13570784490532012 0.5099920063948842 0.13435527502254285 0.5147881694644285 0.13300270513976556 0.5387689848121503 0.13435527502254285 0.5411670663469225
0 0.28313796212804326 0.0583533173461231 0.2944093778178539 0.06155075939248601 0.29981965734896304 0.060751398880895285 0.3011722272317403 0.0583533173461231 0.3034265103697024 0.049560351718625106 0.3011722272317403 0.042366107114308556 0.2894499549143373 0.03357314148681055 0.28268710550045084 0.03437250199840128 0.2813345356176736 0.036770583533173466 0.2813345356176736 0.05435651478816946 0.28313796212804326 0.0583533173461231