0 0.42515779981965734 0.5323741007194245 0.4346257889990983 0.5347721822541966 0.44274120829576197 0.5347721822541966 0.44409377817853923 0.5323741007194245 0.4449954914337241 0.5115907274180655 0.4431920649233544 0.5067945643485212 0.4287646528403968 0.49800159872102323 0.42560865644724977 0.5011990407673861 0.4238052299368801 0.5123900879296562 0.4238052299368801 0.5299760191846523 0.42515779981965734 0.5323741007194245
0 0.706492335437331 0.14708233413269386 0.7231740306582507 0.1486810551558753 0.7254283137962128 0.14628297362110312 0.7240757439134355 0.12070343725019984 0.7209197475202885 0.11191047162270185 0.7078449053201082 0.1111111111111111 0.7060414788097384 0.1135091926458833 0.7055906221821461 0.11830535571542766 0.7051397655545536 0.1334932054356515 0.706492335437331 0.14708233413269386
0 0.5725879170423805 0.5187849720223822 0.5865644724977458 0.521982414068745 0.5915238954012624 0.5195843325339728 0.5928764652840397 0.5155875299760192 0.5937781785392245 0.49800159872102323 0.5897204688908927 0.4876099120703437 0.584761045987376 0.4836131095123901 0.5752930568079351 0.4852118305355716 0.5703336339044184 0.49000799360511593 0.5703336339044184 0.5107913669064749 0.5725879170423805 0.5187849720223822
0 0.11000901713255186 0.21822541966426862 0.11902614968440037 0.22462030375699443 0.1289449954914337 0.2238209432454037 0.12714156898106402 0.2094324540367706 0.1280432822362489 0.19744204636290968 0.1266907123534716 0.19104716227018384 0.1212804328223625 0.18864908073541167 0.109107303877367 0.19024780175859313 0.10865644724977458 0.21342925659472425 0.11000901713255186 0.21822541966426862
0 0.6623083859332732 0.4180655475619504 0.6789900811541929 0.42206235011990406 0.6898106402164111 0.4212629896083134 0.690712353471596 0.4004796163069545 0.6889089269612263 0.3868904876099121 0.6807935076645627 0.38609112709832133 0.6753832281334536 0.381294964028777 0.6668169522091975 0.37969624300559557 0.6627592425608656 0.3836930455635492 0.6609558160504959 0.3924860111910472 0.6600541027953112 0.4140687450039968 0.6623083859332732 0.4180655475619504
0 0.4386834986474301 0.25739408473221426 0.4436429215509468 0.2565947242206235 0.4549143372407574 0.26059152677857716 0.46032461677186653 0.25819344524380494 0.4612263300270514 0.2334132693844924 0.45897204688908927 0.2270183852917666 0.4495040577096483 0.22302158273381298 0.4409377817853923 0.2238209432454037 0.43778178539224527 0.2270183852917666 0.4368800721370604 0.2334132693844924 0.436429215509468 0.24940047961630699 0.4386834986474301 0.25739408473221426
0 0.8827772768259693 0.14708233413269386 0.8963029756537422 0.15027977617905677 0.9075743913435527 0.14788169464428458 0.9080252479711453 0.12949640287769784 0.9044183949504058 0.10871302957633892 0.8967538322813345 0.1047162270183853 0.8827772768259693 0.1047162270183853 0.8814247069431921 0.10871302957633892 0.8800721370604149 0.1374900079936051 0.8827772768259693 0.14708233413269386
0 0.7403065825067628 0.1047162270183853 0.7623985572587918 0.10551558752997602 0.7655545536519388 0.1015187849720224 0.7664562669071235 0.08473221422861711 0.7646528403967539 0.07673860911270983 0.7565374211000901 0.07274180655475619 0.7434625788999099 0.07194244604316548 0.7407574391343553 0.07354116706634693 0.7385031559963932 0.0815347721822542 0.7380522993688007 0.09912070343725021 0.7403065825067628 0.1047162270183853
0 0.4594229035166817 0.43325339728217427 0.47385031559963936 0.4348521183053557 0.47700631199278626 0.4404476418864908 0.48016230838593327 0.4420463629096723 0.48692515779981965 0.43884892086330934 0.48872858431018934 0.4132693844924061 0.48782687105500455 0.40447641886490815 0.4855725879170424 0.4004796163069545 0.45987376014427417 0.39648281374900085 0.4571686203787196 0.4028776978417266 0.45626690712353474 0.4188649080735412 0.4594229035166817 0.43325339728217427
0 0.6884580703336339 0.6522781774580336 0.6997294860234445 0.6514788169464429 0.6988277727682598 0.6354916067146283 0.6911632100991884 0.6322941646682655 0.6871055004508567 0.636290967226219 0.6862037871956718 0.6434852118305356 0.6884580703336339 0.6522781774580336
0 0.5419296663660956 0.6163069544364509 0.5545536519386834 0.6187050359712231 0.560414788097385 0.6171063149480416 0.5617673579801623 0.6011191047162271 0.5608656447249775 0.5883293365307755 0.5432822362488728 0.5835331734612311 0.5405770964833183 0.5915267785771383 0.5405770964833183 0.6131095123900879 0.5419296663660956 0.6163069544364509
0 0.3331830477908025 0.43645083932853723 0.33588818755635713 0.4324540367705836 0.33498647430117223 0.4100719424460432 0.3327321911632101 0.4060751398880896 0.31018935978358886 0.40527577937649883 0.3065825067628494 0.4108713029576339 0.30748422001803427 0.43325339728217427 0.3331830477908025 0.43645083932853723
0 0.07754733994589721 0.5099920063948842 0.09377817853922453 0.5099920063948842 0.0951307484220018 0.48201438848920863 0.0915238954012624 0.4740207833733014 0.08701532912533815 0.47242206235011996 0.07889990982867448 0.4756195043964829 0.07439134355275022 0.4836131095123901 0.0739404869251578 0.49880095923261397 0.07754733994589721 0.5099920063948842
0 0.28268710550045084 0.5051958433253397 0.2984670874661858 0.5067945643485212 0.30162308385933273 0.504396482813749 0.3020739404869252 0.48201438848920863 0.3007213706041479 0.47002398081534774 0.2966636609558161 0.4676258992805756 0.28539224526600543 0.4684252597921663 0.281785392245266 0.47322142286171065 0.28088367899008115 0.5011990407673861 0.28268710550045084 0.5051958433253397
0 0.1492335437330929 0.7474020783373301 0.16095581605049597 0.7513988808952838 0.16636609558160506 0.7513988808952838 0.16862037871956717 0.7490007993605117 0.16952209197475201 0.7234212629896084 0.16681695220919746 0.7138289368505196 0.15238954012623987 0.7122302158273383 0.1496844003606853 0.7154276578737011 0.14833183047790804 0.7218225419664269 0.1478809738503156 0.7378097521982414 0.1492335437330929 0.7474020783373301
0 0.21415689810640218 0.1830535571542766 0.22407574391343554 0.18225419664268586 0.22633002705139765 0.1750599520383693 0.22768259693417492 0.16147082334132695 0.22678088367899008 0.1366906474820144 0.2236248872858431 0.1334932054356515 0.2146077547339946 0.13189448441247004 0.21100090171325517 0.13269384492406078 0.2091974752028855 0.1366906474820144 0.2096483318304779 0.1806554756195044 0.21415689810640218 0.1830535571542766
0 0.3313796212804328 0.5395683453237411 0.3336339044183949 0.5499600319744204 0.33859332732191166 0.5539568345323741 0.3489630297565374 0.5539568345323741 0.3557258791704238 0.5507593924860112 0.35978358881875566 0.5091926458832934 0.3602344454463481 0.4836131095123901 0.35888187556357076 0.47002398081534774 0.35482416591523896 0.46203037569944044 0.3494138863841299 0.4596322941646683 0.33814247069431924 0.460431654676259 0.33588818755635713 0.4668265387689848 0.3340847610459874 0.4836131095123901 0.3340847610459874 0.521982414068745 0.3313796212804328 0.5395683453237411
0 0.5532010820559062 0.5267785771382895 0.5545536519386834 0.5355715427657874 0.5577096483318305 0.5387689848121503 0.5658250676284942 0.5379696243005596 0.5676284941388638 0.5323741007194245 0.5662759242560865 0.5051958433253397 0.5613165013525699 0.5019984012789769 0.5541027953110911 0.5051958433253397 0.5550045085662759 0.5203836930455635 0.5532010820559062 0.5267785771382895
0 0.013074842200180344 0.9168665067945644 0.04733994589720469 0.9192645883293366 0.04959422903516681 0.91207034372502 0.04959422903516681 0.9016786570743406 0.04824165915238954 0.8992805755395684 0.027953110910730387 0.8896882494004797 0.01848512173128945 0.8920863309352519 0.010820559062218215 0.897681854516387 0.01036970243462579 0.91207034372502 0.013074842200180344 0.9168665067945644
0 0.11902614968440037 0.15827338129496404 0.130297565374211 0.16067146282973624 0.1339044183949504 0.1542765787370104 0.13345356176735798 0.14148681055155876 0.12037871956717765 0.13828936850519585 0.11722272317403065 0.14068745003996805 0.11722272317403065 0.15267785771382894 0.11902614968440037 0.15827338129496404
0 0.5527502254283138 0.5363709032773781 0.5532010820559062 0.5227817745803358 0.5545536519386834 0.5187849720223822 0.5536519386834987 0.5051958433253397 0.5509467989179441 0.5019984012789769 0.5464382326420198 0.5011990407673861 0.5432822362488728 0.5027977617905676 0.542380522993688 0.5099920063948842 0.5428313796212805 0.5363709032773781 0.5527502254283138 0.5363709032773781
0 0.8237150586113616 0.26538768984812156 0.8282236248872858 0.26458832933653076 0.8295761947700632 0.2597921662669864 0.8282236248872858 0.24380495603517185 0.824165915238954 0.23980815347721826 0.8160504959422903 0.2414068745003997 0.8165013525698828 0.2621902478017586 0.8237150586113616 0.26538768984812156
0 0.32777276825969337 0.9344524380495605 0.3651938683498648 0.9360511590727418 0.3674481514878269 0.9336530775379696 0.369702434625789 0.9240607513988809 0.3692515779981966 0.9112709832134293 0.3669972948602344 0.906474820143885 0.36203787195671777 0.9032773780975221 0.3291253381424707 0.9000799360511591 0.32596934174932374 0.9080735411670664 0.32506762849413884 0.9288569144684253 0.32777276825969337 0.9344524380495605
0 0.3165013525698828 0.2765787370103917 0.33994589720468893 0.2797761790567546 0.3417493237150586 0.27737809752198245 0.34265103697024346 0.2685851318944844 0.34220018034265104 0.23741007194244604 0.33498647430117223 0.23421262989608316 0.31785392245266003 0.2334132693844924 0.31424706943192066 0.25819344524380494 0.3137962128043282 0.27098321342925663 0.3165013525698828 0.2765787370103917
0 0.26645626690712354 0.7521982414068745 0.28088367899008115 0.756994404476419 0.2903516681695221 0.7553956834532374 0.2912533814247069 0.7274180655475619 0.2894499549143373 0.7202238209432456 0.2795311091073039 0.7162270183852918 0.26916140667267807 0.7162270183852918 0.2660054102795311 0.718625099920064 0.26465284039675385 0.7226219024780176 0.26420198376916143 0.7418065547561951 0.26645626690712354 0.7521982414068745
0 0.3678990081154193 0.44924060751398887 0.3800721370604148 0.4540367705835332 0.38954012623985573 0.4540367705835332 0.3935978358881876 0.45003996802557955 0.3954012623985573 0.42845723421262993 0.39224526600541026 0.41486810551558756 0.3827772768259694 0.4140687450039968 0.3692515779981966 0.40687450039968026 0.3660955816050496 0.4092725819344525 0.3651938683498648 0.4156674660271783 0.3651938683498648 0.4396482813749001 0.3678990081154193 0.44924060751398887
0 0.6321009918845808 0.6642685851318945 0.6402164111812444 0.6682653876898482 0.6510369702434625 0.6682653876898482 0.6555455365193867 0.6642685851318945 0.6559963931469793 0.6410871302957634 0.654643823264202 0.6378896882494005 0.6447249774571686 0.6354916067146283 0.6384129846708747 0.6290967226219025 0.6321009918845808 0.6290967226219025 0.6298467087466186 0.6330935251798562 0.6293958521190262 0.657074340527578 0.6321009918845808 0.6642685851318945
0 0.412082957619477 0.2965627498001599 0.42831379621280435 0.29896083133493206 0.43056807935076646 0.2965627498001599 0.43192064923354373 0.2901678657074341 0.43056807935076646 0.2765787370103917 0.42741208295761945 0.27098321342925663 0.41027953110910736 0.26938449240607515 0.40802524797114514 0.2717825739408473 0.40667267808836793 0.2805755395683453 0.40667267808836793 0.29176658673061556 0.412082957619477 0.2965627498001599
0 0.6961226330027052 0.30135891286970423 0.7006311992786294 0.30375699440447645 0.7236248872858432 0.3053557154276579 0.7276825969341749 0.29896083133493206 0.7290351668169522 0.2589928057553957 0.7272317403065826 0.24940047961630699 0.7028854824165914 0.2478017585931255 0.6983769161406672 0.2501998401278977 0.6961226330027052 0.2541966426858513 0.6952209197475203 0.2733812949640288 0.694770063119928 0.2965627498001599 0.6961226330027052 0.30135891286970423
0 0.5694319206492335 0.1510791366906475 0.5788999098286746 0.1542765787370104 0.584761045987376 0.15027977617905677 0.584761045987376 0.13189448441247004 0.5829576194770063 0.1278976818545164 0.5707844905320109 0.12390087929656275 0.5685302073940487 0.13029576338928858 0.5680793507664563 0.14228617106314947 0.5694319206492335 0.1510791366906475
0 0.32777276825969337 0.6818545163868905 0.33994589720468893 0.6818545163868905 0.3417493237150586 0.6762589928057555 0.34265103697024346 0.6610711430855316 0.34220018034265104 0.6474820143884892 0.33994589720468893 0.6370903277378098 0.3367899008115419 0.6346922462030377 0.3300270513976556 0.636290967226219 0.3268710550045086 0.6506794564348523 0.32642019837691616 0.6738609112709832 0.32777276825969337 0.6818545163868905
0 0.0063119927862939585 0.9840127897681855 0.007664562669071236 0.9848121502797762 0.02254283137962128 0.9880095923261392 0.046889089269612265 0.9880095923261392 0.04869251577998197 0.9840127897681855 0.049143372407574396 0.9616306954436452 0.047790802524797116 0.9584332533972821 0.03922452660054102 0.9520383693045564 0.02164111812443643 0.9512390087929657 0.015779981965734897 0.9568345323741008 0.008566275924256087 0.959232613908873 0.00721370604147881 0.9640287769784173 0.007664562669071236 0.9744204636290967 0.0063119927862939585 0.9840127897681855
0 0.8002705139765555 0.15907274180655476 0.8137962128043282 0.16227018385291767 0.8187556357078449 0.15827338129496404 0.8196573489630298 0.1366906474820144 0.8178539224526601 0.13189448441247004 0.8110910730387737 0.12869704236610713 0.8034265103697025 0.12869704236610713 0.7989179440937783 0.13269384492406078 0.7984670874661858 0.1486810551558753 0.8002705139765555 0.15907274180655476
0 0.8737601442741209 0.14948041566746603 0.8746618575293057 0.12310151878497202 0.8733092876465285 0.11910471622701839 0.866546438232642 0.11590727418065548 0.8516681695220919 0.11590727418065548 0.8489630297565375 0.11830535571542766 0.8485121731289451 0.12150279776179057 0.8489630297565375 0.15027977617905677 0.8737601442741209 0.14948041566746603
0 0.5419296663660956 0.5259792166266987 0.5432822362488728 0.5363709032773781 0.5577096483318305 0.5387689848121503 0.5644724977457168 0.5387689848121503 0.5662759242560865 0.5363709032773781 0.566726780883679 0.5179856115107914 0.5649233543733093 0.5035971223021583 0.5446348061316502 0.5019984012789769 0.5428313796212805 0.504396482813749 0.5432822362488728 0.5195843325339728 0.5419296663660956 0.5259792166266987
0 0.36158701532912535 0.2589928057553957 0.36880072137060416 0.25819344524380494 0.3719567177637511 0.25099920063948844 0.37240757439134353 0.21982414068745004 0.3692515779981966 0.21183053557154277 0.3656447249774572 0.21103117505995203 0.35933273219116324 0.21103117505995203 0.357980162308386 0.21742605915267785 0.357980162308386 0.2549960031974421 0.36158701532912535 0.2589928057553957
0 0.47339945897204694 0.5083932853717026 0.47520288548241657 0.48920863309352525 0.4743011722272317 0.48201438848920863 0.4666366095581605 0.4772182254196643 0.45987376014427417 0.47641886490807356 0.4558160504959423 0.4788169464428457 0.45311091073038773 0.4860111910471623 0.4540126239855726 0.5083932853717026 0.47339945897204694 0.5083932853717026
0 0.6023444544634806 0.548361310951239 0.6212804328223626 0.5515587529976019 0.6248872858431019 0.5475619504396483 0.6248872858431019 0.5235811350919265 0.6045987376014428 0.5195843325339728 0.6014427412082958 0.525179856115108 0.6009918845807034 0.542765787370104 0.6023444544634806 0.548361310951239
0 0.30613165013525695 0.18465227817745802 0.31109107303877365 0.1838529176658673 0.31244364292155097 0.18145483613109514 0.31424706943192066 0.17026378896882494 0.3128944995491434 0.16147082334132695 0.2971145175834085 0.15587529976019188 0.2939585211902615 0.1574740207833733 0.29305680793507666 0.16147082334132695 0.2935076645626691 0.1806554756195044 0.30613165013525695 0.18465227817745802
0 0.16862037871956717 0.1486810551558753 0.17538322813345356 0.1486810551558753 0.18530207394048692 0.15267785771382894 0.1902614968440036 0.14948041566746603 0.19071235347159604 0.12629896083133493 0.18620378719567177 0.1135091926458833 0.1812443642921551 0.1135091926458833 0.17808836789900812 0.11750599520383694 0.16816952209197475 0.11750599520383694 0.1672678088367899 0.12150279776179057 0.16681695220919746 0.14068745003996805 0.16862037871956717 0.1486810551558753
0 0.5459873760144275 0.2829736211031175 0.5468890892696122 0.29096722621902477 0.5541027953110911 0.2965627498001599 0.5743913435527502 0.2965627498001599 0.5761947700631199 0.28377298161470826 0.5761947700631199 0.26618705035971224 0.573038773669973 0.2541966426858513 0.5707844905320109 0.2517985611510791 0.5640216411181245 0.25259792166266987 0.5577096483318305 0.2470023980815348 0.5509467989179441 0.2478017585931255 0.5491433724075744 0.2541966426858513 0.5477908025247972 0.2765787370103917 0.5459873760144275 0.2829736211031175
0 0.573038773669973 0.6171063149480416 0.5838593327321911 0.6258992805755397 0.5960324616771866 0.6258992805755397 0.5969341749323716 0.5883293365307755 0.5951307484220018 0.5819344524380495 0.5775473399458972 0.5787370103916867 0.5721370604147881 0.5819344524380495 0.5707844905320109 0.5851318944844125 0.5703336339044184 0.6083133493205436 0.573038773669973 0.6171063149480416
0 0.05139765554553652 0.959232613908873 0.0509467989179441 0.9800159872102319 0.060414788097385035 0.9840127897681855 0.0757439134355275 0.9840127897681855 0.07754733994589721 0.9704236610711432 0.07844905320108204 0.938449240607514 0.07484220018034266 0.9144684252597922 0.06762849413886383 0.9136690647482014 0.06176735798016231 0.9192645883293366 0.05365193868349865 0.9224620303756994 0.05184851217312895 0.9280575539568345 0.05004508566275924 0.9480415667466028 0.05139765554553652 0.959232613908873
0 0.6316501352569882 0.4060751398880896 0.6474301172227231 0.407673860911271 0.6510369702434625 0.40447641886490815 0.65238954012624 0.3820943245403677 0.6519386834986475 0.3733013589128697 0.6505861136158702 0.37090327737809753 0.633453561767358 0.36850519584332536 0.6307484220018034 0.381294964028777 0.6298467087466186 0.4012789768185452 0.6316501352569882 0.4060751398880896
0 0.5640216411181245 0.0815347721822542 0.5748422001803427 0.08393285371702638 0.5816050495942291 0.07993605115907274 0.5816050495942291 0.06794564348521183 0.5802524797114518 0.06634692246203039 0.5712353471596032 0.0639488409272582 0.5622182146077548 0.06554756195043965 0.5613165013525699 0.07114308553157474 0.5640216411181245 0.0815347721822542
0 0.26645626690712354 0.9992006394884093 0.2687105500450857 0.991207034372502 0.26916140667267807 0.9768185451638689 0.26465284039675385 0.9616306954436452 0.26375112714156895 0.9528377298161471 0.25924256086564473 0.9504396482813751 0.24752028854824168 0.9504396482813751 0.24526600541027954 0.9560351718625101 0.24661857529305684 0.9992006394884093 0.26645626690712354 0.9992006394884093
0 0.17989179440937783 0.7929656274980017 0.19837691614066724 0.7969624300559552 0.20243462578899912 0.7905675459632294 0.20198376916140667 0.7673860911270984 0.19296663660955815 0.7641886490807354 0.18890892696122633 0.7561950439648283 0.17853922452660054 0.7561950439648283 0.1762849413886384 0.7593924860111911 0.1744815148782687 0.7681854516386891 0.1744815148782687 0.7849720223820944 0.17989179440937783 0.7929656274980017