0 0.18575293056807937 0.7953637090327739 0.18845807033363393 0.7993605115907274 0.19612263300270513 0.8001598721023181 0.1988277727682597 0.7961630695443646 0.1988277727682597 0.7593924860111911 0.19251577998196576 0.7474020783373301 0.18530207394048692 0.7442046362909672 0.18214607754733994 0.7490007993605117 0.18214607754733994 0.7833733013589129 0.18575293056807937 0.7953637090327739
0 0.30297565374211 0.8137490007993605 0.31920649233543735 0.8145483613109513 0.32146077547339946 0.8105515587529977 0.32146077547339946 0.797761790567546 0.31875563570784493 0.7921662669864108 0.30297565374211 0.7897681854516387 0.3002705139765554 0.7961630695443646 0.3002705139765554 0.8089528377298163 0.30297565374211 0.8137490007993605
0 0.9400360685302074 0.19584332533972823 0.9418394950405771 0.19904076738609114 0.9702434625789 0.2014388489208633 0.9774571686203787 0.19904076738609114 0.9779080252479712 0.16866506794564348 0.9770063119927863 0.15987210231814547 0.9747520288548243 0.1542765787370104 0.9558160504959423 0.1574740207833733 0.9445446348061317 0.15187849720223823 0.9413886384129847 0.1566746602717826 0.9400360685302074 0.16626698641087131 0.9400360685302074 0.19584332533972823
0 0.9008115419296664 0.407673860911271 0.9080252479711453 0.4060751398880896 0.9152389540126239 0.3932853717026379 0.9147880973850315 0.38609112709832133 0.9048692515779982 0.3661071143085532 0.8999098286744815 0.36211031175059955 0.8954012623985572 0.36211031175059955 0.890892696122633 0.3669064748201439 0.8935978358881875 0.3836930455635492 0.9008115419296664 0.407673860911271
0 0.9084761045987376 0.3237410071942446 0.9066726780883679 0.32214228617106316 0.9075743913435527 0.33573141486810554 0.9084761045987376 0.3237410071942446
0 0.8800721370604149 0.3229416466826539 0.8809738503155997 0.3205435651478817 0.8800721370604149 0.31894484412470026 0.8800721370604149 0.3229416466826539
0 0.5550045085662759 0.49800159872102323 0.5802524797114518 0.5051958433253397 0.5856627592425608 0.504396482813749 0.5870153291253382 0.5019984012789769 0.5874661857529305 0.4940047961630696 0.5843101893597836 0.49000799360511593 0.5640216411181245 0.4836131095123901 0.5568079350766456 0.4828137490007994 0.5536519386834987 0.4852118305355716 0.5532010820559062 0.4940047961630696 0.5550045085662759 0.49800159872102323
0 0.24165915238954014 0.09512390087929656 0.2578899909828674 0.09832134292565947 0.2660054102795311 0.09832134292565947 0.2673579801623084 0.0959232613908873 0.26690712353471596 0.08872901678657075 0.2633002705139766 0.08633093525179857 0.2479711451758341 0.0815347721822542 0.242560865644725 0.08313349320543566 0.24030658250676284 0.08633093525179857 0.23985572587917042 0.09192645883293366 0.24165915238954014 0.09512390087929656
0 0.8660955816050496 0.4660271782573941 0.8836789900811541 0.469224620303757 0.8935978358881875 0.469224620303757 0.8954012623985572 0.4668265387689848 0.8954012623985572 0.43884892086330934 0.89404869251578 0.4356514788169465 0.8850315599639315 0.43165467625899284 0.8660955816050496 0.4324540367705836 0.8638412984670875 0.4356514788169465 0.8642921550946799 0.4572342126298961 0.8660955816050496 0.4660271782573941
0 0.47700631199278626 0.844924060751399 0.48647430117222723 0.8457234212629897 0.49098286744815145 0.8409272581934453 0.49098286744815145 0.8305355715427658 0.4882777276825969 0.827338129496403 0.47700631199278626 0.827338129496403 0.47475202885482415 0.8313349320543566 0.47475202885482415 0.841726618705036 0.47700631199278626 0.844924060751399
0 0.024797114517583405 0.7769784172661871 0.03922452660054102 0.7785771382893686 0.04418394950405771 0.7769784172661871 0.047790802524797116 0.7721822541966427 0.04869251577998197 0.7521982414068745 0.04643823264201984 0.7330135891286971 0.04147880973850316 0.7298161470823342 0.027953110910730387 0.7298161470823342 0.024346257889990983 0.7338129496402878 0.023444544634806132 0.7410071942446044 0.022993688007213707 0.7697841726618705 0.024797114517583405 0.7769784172661871
0 0.11947700631199279 0.7993605115907274 0.12533814247069433 0.8017585931254997 0.1406672678088368 0.8001598721023181 0.14156898106402163 0.7817745803357314 0.13976555455365194 0.7689848121502798 0.13706041478809738 0.7617905675459633 0.13255184851217314 0.7601918465227818 0.12939585211902616 0.7609912070343725 0.12623985572587917 0.7665867306155076 0.11947700631199279 0.765787370103917 0.11677186654643823 0.7721822541966427 0.11632100991884581 0.7897681854516387 0.11947700631199279 0.7993605115907274
0 0.8372407574391344 0.5859312549960032 0.8624887285843102 0.586730615507594 0.8638412984670875 0.5835331734612311 0.863390441839495 0.577937649880096 0.8606853020739406 0.5731414868105515 0.8539224526600542 0.5667466027178258 0.8381424706943192 0.5651478816946442 0.8354373309287646 0.5675459632294165 0.8349864743011722 0.5819344524380495 0.8372407574391344 0.5859312549960032
0 0.9319206492335438 0.8840927258193446 0.9337240757439135 0.8880895283772982 0.9526600541027953 0.8928856914468426 0.9567177637511272 0.8904876099120704 0.9571686203787195 0.862509992006395 0.9562669071235348 0.8545163868904877 0.9526600541027953 0.844924060751399 0.9368800721370605 0.841726618705036 0.9323715058611362 0.8433253397282174 0.9305680793507665 0.8473221422861711 0.9305680793507665 0.8689048760991207 0.9319206492335438 0.8840927258193446
0 0.5559062218214608 0.8161470823341327 0.5734896302975654 0.8209432454036771 0.5784490532010821 0.8177458033573143 0.5775473399458972 0.7857713828936851 0.5622182146077548 0.7809752198241406 0.5541027953110911 0.7825739408473221 0.5536519386834987 0.8049560351718625 0.5559062218214608 0.8161470823341327
0 0.33949504057709645 0.35331734612310156 0.345356176735798 0.35091926458832934 0.3462578899909829 0.3261390887290168 0.3440036068530208 0.3181454836131095 0.33904418394950403 0.31574740207833735 0.32777276825969337 0.31574740207833735 0.32551848512173126 0.32214228617106316 0.32642019837691616 0.3493205435651479 0.33949504057709645 0.35331734612310156
0 0.5748422001803427 0.19264588329336532 0.5892696122633003 0.19744204636290968 0.5991884580703336 0.19584332533972823 0.6009918845807034 0.1750599520383693 0.5991884580703336 0.1630695443645084 0.5955816050495942 0.15987210231814547 0.5834084761045988 0.15827338129496404 0.5757439134355276 0.16466826538768983 0.5739404869251578 0.16866506794564348 0.5734896302975654 0.1838529176658673 0.5748422001803427 0.19264588329336532
0 0.4125338142470695 0.6538768984812151 0.4197475202885482 0.6562749800159873 0.4292155094679892 0.6546762589928058 0.430117222723174 0.6282973621103117 0.4287646528403968 0.6227018385291766 0.42155094679891797 0.6187050359712231 0.4138863841298467 0.6195043964828137 0.41073038773669973 0.6250999200639489 0.41027953110910736 0.6442845723421263 0.4125338142470695 0.6538768984812151
0 0.3002705139765554 0.7729816147082335 0.3183047790802525 0.7769784172661871 0.32326420198376915 0.7753796962430056 0.32416591523895405 0.7617905675459633 0.32191163210099194 0.7553956834532374 0.29981965734896304 0.7521982414068745 0.2989179440937782 0.7689848121502798 0.3002705139765554 0.7729816147082335
0 0.5054102795311091 0.07194244604316548 0.5189359783588818 0.07194244604316548 0.5207394048692516 0.06794564348521183 0.5220919747520288 0.05675459632294165 0.5216411181244364 0.03836930455635491 0.5193868349864743 0.026378896882494004 0.5153291253381425 0.02238209432454037 0.5027051397655545 0.024780175859312553 0.503155996393147 0.06954436450839328 0.5054102795311091 0.07194244604316548
0 0.8692515779981966 0.9992006394884093 0.8688007213706042 0.9864108713029576 0.8660955816050496 0.9728217426059154 0.8606853020739406 0.9696243005595524 0.8426510369702435 0.9672262190247802 0.8390441839495041 0.9680255795363709 0.8376916140667268 0.9712230215827339 0.836789900811542 0.9992006394884093 0.8692515779981966 0.9992006394884093
0 0.6181244364292156 0.07513988808952839 0.6370604147880974 0.07753796962430057 0.6442741208295762 0.07434052757793765 0.6438232642019839 0.05595523581135092 0.6411181244364292 0.05275779376498801 0.6158701532912535 0.050359712230215826 0.6154192966636609 0.06874500399680256 0.6181244364292156 0.07513988808952839
0 0.21731289449954916 0.4540367705835332 0.2236248872858431 0.4596322941646683 0.2357980162308386 0.460431654676259 0.23760144274120829 0.45803357314148685 0.23850315599639313 0.4244604316546763 0.23669972948602347 0.4188649080735412 0.23083859332732193 0.41486810551558756 0.22046889089269614 0.4132693844924061 0.2168620378719567 0.4156674660271783 0.21550946798917944 0.4260591526778577 0.215058611361587 0.442845723421263 0.21731289449954916 0.4540367705835332
0 0.6956717763751128 0.5347721822541966 0.7209197475202885 0.5379696243005596 0.7236248872858432 0.533972821742606 0.7222723174030657 0.5187849720223822 0.7182146077547341 0.5123900879296562 0.6956717763751128 0.5091926458832934 0.6929666366095582 0.5147881694644285 0.6925157799819658 0.5259792166266987 0.6956717763751128 0.5347721822541966
0 0.28403967538322816 0.9840127897681855 0.30703336339044185 0.9864108713029576 0.30883678990081154 0.9832134292565947 0.30883678990081154 0.9704236610711432 0.30613165013525695 0.9648281374900081 0.28584310189359785 0.9632294164668266 0.28313796212804326 0.9704236610711432 0.28268710550045084 0.9800159872102319 0.28403967538322816 0.9840127897681855
0 0.6532912533814247 0.09992006394884093 0.6582506762849414 0.10231814548361312 0.6677186654643824 0.10231814548361312 0.6699729486023445 0.09992006394884093 0.6713255184851218 0.08792965627498003 0.6708746618575293 0.08073541167066348 0.6686203787195673 0.07513988808952839 0.6541929666366095 0.07194244604316548 0.6514878268710551 0.07593924860111911 0.6510369702434625 0.09112709832134293 0.6532912533814247 0.09992006394884093
0 0.17132551848512173 0.4684252597921663 0.17673579801623085 0.47242206235011996 0.1834986474301172 0.4708233413269384 0.18530207394048692 0.4660271782573941 0.1848512173128945 0.442845723421263 0.18214607754733994 0.4396482813749001 0.172678088367899 0.43804956035171866 0.16997294860234446 0.4452438049560352 0.16952209197475201 0.4572342126298961 0.17132551848512173 0.4684252597921663
0 0.09558160504959423 0.753796962430056 0.10009017132551848 0.7505995203836932 0.10009017132551848 0.7274180655475619 0.0951307484220018 0.7170263788968825 0.0915238954012624 0.7130295763389289 0.08566275924256087 0.7130295763389289 0.08115419296663662 0.7154276578737011 0.0793507664562669 0.7218225419664269 0.08160504959422904 0.7521982414068745 0.09558160504959423 0.753796962430056
0 0.03742110009017133 0.9800159872102319 0.05229936880072138 0.9832134292565947 0.05725879170423805 0.9800159872102319 0.05680793507664563 0.9528377298161471 0.05410279531109107 0.9440447641886491 0.04328223624887286 0.9416466826538769 0.0369702434625789 0.9424460431654678 0.035617673579801626 0.9448441247002399 0.0351668169522092 0.9640287769784173 0.03742110009017133 0.9800159872102319
0 0.8926961226330028 0.3669064748201439 0.8935978358881875 0.36370903277378097 0.8967538322813345 0.3669064748201439 0.9008115419296664 0.3661071143085532 0.8994589720468892 0.36211031175059955 0.8935978358881875 0.3629096722621903 0.891794409377818 0.3661071143085532 0.8926961226330028 0.3669064748201439
0 0.8800721370604149 0.33573141486810554 0.9080252479711453 0.33892885691446845 0.9102795311091073 0.3341326938449241 0.9107303877366997 0.3229416466826539 0.9093778178539225 0.31734612310151883 0.9071235347159603 0.31574740207833735 0.8863841298467088 0.3133493205435652 0.8773669972948602 0.3149480415667466 0.8769161406672679 0.32454036770583533 0.8800721370604149 0.33573141486810554
0 0.9531109107303878 0.9992006394884093 0.9535617673579802 0.9896083133493206 0.9517583408476105 0.982414068745004 0.9265103697024346 0.9776179056754596 0.9224526600541028 0.9784172661870505 0.9201983769161407 0.982414068745004 0.9183949504057709 0.9992006394884093 0.9531109107303878 0.9992006394884093
0 0.6884580703336339 0.39728217426059154 0.7046889089269612 0.3996802557953637 0.7123534715960325 0.3996802557953637 0.7146077547339945 0.39728217426059154 0.7141568981064021 0.37809752198241414 0.7105500450856627 0.36850519584332536 0.6916140667267809 0.3669064748201439 0.6893597835888188 0.3677058353317346 0.6875563570784491 0.37250199840127896 0.6866546438232641 0.390087929656275 0.6884580703336339 0.39728217426059154
0 0.8417493237150586 0.9040767386091128 0.8805229936880072 0.9096722621902479 0.890892696122633 0.9072741806554757 0.8913435527502254 0.8872901678657075 0.8877366997294861 0.8808952837729817 0.8656447249774571 0.8784972022382095 0.8512173128944995 0.8721023181454837 0.8422001803426511 0.8729016786570745 0.8385933273219116 0.8784972022382095 0.8381424706943192 0.8912869704236611 0.8417493237150586 0.9040767386091128
0 0.5491433724075744 0.7026378896882494 0.5721370604147881 0.7034372501998403 0.5748422001803427 0.7002398081534772 0.5743913435527502 0.6786570743405277 0.573038773669973 0.6714628297362111 0.5703336339044184 0.6674660271782575 0.5581605049594229 0.6634692246203038 0.5500450856627592 0.6642685851318945 0.5468890892696122 0.6722621902478018 0.5459873760144275 0.6826538768984812 0.5459873760144275 0.697841726618705 0.5491433724075744 0.7026378896882494
0 0.636609558160505 0.8665067945643485 0.6573489630297565 0.871302957633893 0.6632100991884582 0.8697042366107114 0.6627592425608656 0.844924060751399 0.6609558160504959 0.8393285371702638 0.657799819657349 0.8361310951239008 0.6447249774571686 0.8353317346123101 0.6438232642019839 0.827338129496403 0.6384129846708747 0.8281374900079936 0.6361587015329125 0.832933653077538 0.6352569882777277 0.862509992006395 0.636609558160505 0.8665067945643485
0 0.3534715960324617 0.3932853717026379 0.3719567177637511 0.39408473221422863 0.3764652840396754 0.3932853717026379 0.3782687105500451 0.390087929656275 0.37917042380523 0.3788968824940048 0.37285843101893595 0.34532374100719426 0.3557258791704238 0.34372501998401284 0.35211902614968443 0.35331734612310156 0.35121731289449953 0.3605115907274181 0.351668169522092 0.390087929656275 0.3534715960324617 0.3932853717026379
0 0.2822362488728584 0.14228617106314947 0.3034265103697024 0.14708233413269386 0.3065825067628494 0.14388489208633096 0.30793507664562675 0.12070343725019984 0.30703336339044185 0.11191047162270185 0.2989179440937782 0.10871302957633892 0.2844905320108206 0.10791366906474821 0.281785392245266 0.10951239008792966 0.28088367899008115 0.1135091926458833 0.28043282236248873 0.13589128697042366 0.2822362488728584 0.14228617106314947
0 0.6762849413886385 0.07434052757793765 0.6807935076645627 0.0783373301358913 0.693868349864743 0.0783373301358913 0.6956717763751128 0.0671462829736211 0.6943192064923354 0.03996802557953637 0.6925157799819658 0.03756994404476419 0.6807935076645627 0.03517186250999201 0.675834084761046 0.03597122302158274 0.6744815148782687 0.03836930455635491 0.6740306582506763 0.0671462829736211 0.6762849413886385 0.07434052757793765
0 0.47745716862037874 0.1398880895283773 0.5009017132551848 0.14548361310951238 0.5103697024346258 0.14548361310951238 0.5121731289449956 0.14308553157474022 0.5117222723174031 0.11990407673860913 0.5090171325518486 0.11430855315747403 0.48467087466185754 0.10951239008792966 0.4765554553651939 0.11191047162270185 0.47610459873760147 0.1342925659472422 0.47745716862037874 0.1398880895283773
0 0.7010820559062219 0.4260591526778577 0.7209197475202885 0.42845723421262993 0.721370604147881 0.41486810551558756 0.7200180342651037 0.407673860911271 0.6988277727682598 0.4060751398880896 0.6988277727682598 0.4212629896083134 0.7010820559062219 0.4260591526778577
0 0.8656447249774571 0.43005595523581136 0.8985572587917042 0.43325339728217427 0.9048692515779982 0.425259792166267 0.9044183949504058 0.4180655475619504 0.9008115419296664 0.4140687450039968 0.8913435527502254 0.41247002398081534 0.8845807033363391 0.4028776978417266 0.8651938683498648 0.4012789768185452 0.8624887285843102 0.40367705835331735 0.8620378719567178 0.4188649080735412 0.8656447249774571 0.43005595523581136
0 0.27186654643823266 0.43325339728217427 0.3002705139765554 0.4348521183053557 0.30252479711451763 0.43165467625899284 0.30387736699729484 0.4108713029576339 0.3034265103697024 0.407673860911271 0.3002705139765554 0.40447641886490815 0.2862939585211903 0.4012789768185452 0.27366997294860235 0.4020783373301359 0.2696122633002705 0.4084732214228617 0.26916140667267807 0.425259792166267 0.27186654643823266 0.43325339728217427
0 0.2146077547339946 0.8049560351718625 0.2254283137962128 0.8081534772182254 0.23309287646528404 0.8057553956834532 0.2339945897204689 0.7825739408473221 0.23174030658250674 0.7745803357314149 0.21280432822362488 0.7721822541966427 0.21190261496844004 0.7769784172661871 0.21145175834084762 0.797761790567546 0.2146077547339946 0.8049560351718625