0 0.3201082055906222 0.9536370903277379 0.33498647430117223 0.9552358113509193 0.3367899008115419 0.9528377298161471 0.33498647430117223 0.9416466826538769 0.32822362488728585 0.9280575539568345 0.32281334535617673 0.9256594724220625 0.3174030658250676 0.9336530775379696 0.3174030658250676 0.9480415667466028 0.3201082055906222 0.9536370903277379
0 0.5171325518485121 0.9816147082334133 0.524346257889991 0.9816147082334133 0.5252479711451759 0.9768185451638689 0.5238954012623985 0.9608313349320544 0.5189359783588818 0.9584332533972821 0.5153291253381425 0.9600319744204637 0.5153291253381425 0.9792166266986412 0.5171325518485121 0.9816147082334133
0 0.6226330027051398 0.3181454836131095 0.6343552750225429 0.31974420463629094 0.6379621280432822 0.31734612310151883 0.6375112714156899 0.2973621103117506 0.6348061316501352 0.28617106314948043 0.6266907123534716 0.2853717026378897 0.6221821460775473 0.28617106314948043 0.6212804328223626 0.2885691446842526 0.6208295761947701 0.30055955235811355 0.6226330027051398 0.3181454836131095
0 0.6469792605951307 0.6626698641087131 0.6568981064021642 0.6666666666666666 0.6632100991884582 0.6650679456434853 0.6645626690712354 0.6626698641087131 0.6654643823264202 0.6418864908073542 0.6645626690712354 0.6235011990407675 0.6614066726780884 0.6195043964828137 0.6505861136158702 0.6171063149480416 0.6469792605951307 0.6195043964828137 0.6451758340847611 0.6298960831334932 0.6447249774571686 0.6474820143884892 0.6469792605951307 0.6626698641087131
0 0 0.6938449240607514 0.012173128944995492 0.6946442845723421 0.012173128944995492 0.6610711430855316 0.008115419296663661 0.657074340527578 0.0018034265103697026 0.657074340527578 0 0.6578737010391686 0 0.6938449240607514
0 0.6050495942290353 0.3181454836131095 0.6136158701532913 0.31974420463629094 0.6208295761947701 0.31734612310151883 0.6199278629395851 0.28617106314948043 0.6050495942290353 0.28457234212629895 0.6018935978358882 0.28936850519584334 0.6014427412082958 0.3061550759392486 0.6050495942290353 0.3181454836131095
0 0.6532912533814247 0.48840927258193445 0.675834084761046 0.4908073541167067 0.6780883678990081 0.4876099120703437 0.6789900811541929 0.4660271782573941 0.675834084761046 0.4572342126298961 0.6568981064021642 0.4556354916067146 0.6505861136158702 0.4612310151878497 0.6505861136158702 0.4836131095123901 0.6532912533814247 0.48840927258193445
0 0.10820559062218214 0.7521982414068745 0.11316501352569883 0.7521982414068745 0.11632100991884581 0.7490007993605117 0.11767357980162309 0.7298161470823342 0.11541929666366096 0.7234212629896084 0.10640216411181244 0.7194244604316546 0.09873760144274121 0.7194244604316546 0.09693417493237151 0.7242206235011991 0.09738503155996393 0.7490007993605117 0.10820559062218214 0.7521982414068745
0 0.7614968440036068 0.5739408473221423 0.7687105500450856 0.5787370103916867 0.7786293958521191 0.577937649880096 0.7786293958521191 0.5499600319744204 0.7691614066726781 0.5411670663469225 0.7610459873760144 0.5451638689048761 0.7601442741208296 0.5595523581135092 0.7614968440036068 0.5739408473221423
0 0.7335437330928765 0.6802557953637091 0.7452660054102795 0.6834532374100719 0.7488728584310189 0.6818545163868905 0.7515779981965736 0.6762589928057555 0.7502254283137962 0.6618705035971224 0.7475202885482417 0.657074340527578 0.736248872858431 0.6554756195043965 0.7335437330928765 0.657074340527578 0.7321911632100992 0.6610711430855316 0.7317403065825068 0.6730615507593926 0.7335437330928765 0.6802557953637091
0 0.7412082957619477 0.24620303756994405 0.7610459873760144 0.24460431654676262 0.7619477006311993 0.21902478017585933 0.7601442741208296 0.21342925659472425 0.7434625788999099 0.20863309352517986 0.7412082957619477 0.2094324540367706 0.7389540126239856 0.21502797761790568 0.7376014427412083 0.2270183852917666 0.7412082957619477 0.24620303756994405
0 0.7100991884580703 0.6434852118305356 0.7308385933273219 0.6434852118305356 0.7312894499549144 0.6354916067146283 0.7285843101893598 0.6298960831334932 0.7168620378719567 0.6250999200639489 0.7110009017132553 0.6258992805755397 0.7096483318304779 0.6282973621103117 0.7100991884580703 0.6434852118305356
0 0.38322813345356177 0.5707434052757794 0.40712353471596036 0.574740207833733 0.4206492335437331 0.574740207833733 0.4224526600541028 0.5715427657873702 0.4224526600541028 0.5603517186250999 0.4197475202885482 0.542765787370104 0.4174932371505861 0.5395683453237411 0.4044183949504058 0.5411670663469225 0.39720468890892696 0.5371702637889688 0.3913435527502254 0.5411670663469225 0.3836789900811542 0.5403677058353318 0.3800721370604148 0.5467625899280576 0.3800721370604148 0.5635491606714629 0.38322813345356177 0.5707434052757794
0 0 0.7745803357314149 0.006762849413886384 0.7737809752198243 0.01036970243462579 0.7609912070343725 0.009918845807033363 0.7450039968025579 0.0040577096483318306 0.7402078337330137 0 0.7418065547561951 0 0.7745803357314149
0 0.6609558160504959 0.8089528377298163 0.6623083859332732 0.8177458033573143 0.6690712353471596 0.8233413269384493 0.6812443642921551 0.8225419664268585 0.6825969341749324 0.8169464428457234 0.6821460775473399 0.7969624300559552 0.6794409377817855 0.7737809752198243 0.6753832281334536 0.7689848121502798 0.6668169522091975 0.7681854516386891 0.6641118124436429 0.7705835331734613 0.6627592425608656 0.78017585931255 0.6627592425608656 0.7985611510791367 0.6609558160504959 0.8089528377298163
0 0.28403967538322816 0.13589128697042366 0.2844905320108206 0.15347721822541965 0.2894499549143373 0.16147082334132695 0.2966636609558161 0.16147082334132695 0.3137962128043282 0.15507593924860114 0.32191163210099194 0.14948041566746603 0.32461677186654647 0.14388489208633096 0.32416591523895405 0.12949640287769784 0.3137962128043282 0.10711430855315748 0.2966636609558161 0.10951239008792966 0.28584310189359785 0.11510791366906475 0.28358881875563574 0.11910471622701839 0.28268710550045084 0.1310951239008793 0.28403967538322816 0.13589128697042366
0 0 0.2541966426858513 0.008566275924256087 0.2549960031974421 0.01036970243462579 0.2517985611510791 0.011722272317403066 0.24220623501199043 0.011722272317403066 0.21582733812949642 0.009467989179440937 0.20623501199040767 0.0018034265103697026 0.2030375699440448 0 0.2038369304556355 0 0.2541966426858513
0 0.7511271415689811 0.29256594724220625 0.760595130748422 0.2901678657074341 0.7614968440036068 0.2677857713828937 0.75834084761046 0.2533972821742606 0.7412082957619477 0.2517985611510791 0.7389540126239856 0.2621902478017586 0.739404869251578 0.28936850519584334 0.7511271415689811 0.29256594724220625
0 0.7240757439134355 0.6091127098321344 0.7249774571686204 0.6019184652278178 0.7218214607754734 0.6027178257394085 0.721370604147881 0.6051159072741806 0.7240757439134355 0.6091127098321344
0 0.7191163210099188 0.5571542765787371 0.7267808836789902 0.5603517186250999 0.7312894499549144 0.5603517186250999 0.7335437330928765 0.5571542765787371 0.7335437330928765 0.5491606714628298 0.7308385933273219 0.5419664268585133 0.7195671776375113 0.5395683453237411 0.7177637511271415 0.542765787370104 0.7173128944995492 0.5499600319744204 0.7191163210099188 0.5571542765787371
0 0.013074842200180344 0.7841726618705037 0.027051397655545536 0.7865707434052758 0.033363390441839495 0.7825739408473221 0.03291253381424707 0.7681854516386891 0.02885482416591524 0.7561950439648283 0.014878268710550046 0.7545963229416467 0.011722272317403066 0.7617905675459633 0.01127141568981064 0.7745803357314149 0.013074842200180344 0.7841726618705037
0 0.0915238954012624 0.815347721822542 0.10820559062218214 0.8177458033573143 0.11226330027051398 0.8169464428457234 0.11406672678088368 0.8137490007993605 0.1145175834084761 0.7969624300559552 0.1127141568981064 0.7841726618705037 0.09467989179440937 0.7841726618705037 0.09197475202885483 0.7873701039168666 0.08926961226330027 0.7969624300559552 0.08836789900811542 0.8049560351718625 0.0915238954012624 0.815347721822542
0 0.49729486023444547 0.28936850519584334 0.4977457168620379 0.27817745803357313 0.49504057709648336 0.26618705035971224 0.4860234445446348 0.26538768984812156 0.4824165915238954 0.2677857713828937 0.4828674481514878 0.28936850519584334 0.49729486023444547 0.28936850519584334
0 0.1708746618575293 0.07274180655475619 0.1898106402164112 0.07354116706634693 0.19071235347159604 0.03996802557953637 0.1898106402164112 0.02557953637090328 0.18800721370604148 0.02158273381294964 0.18214607754733994 0.01598721023181455 0.1744815148782687 0.014388489208633094 0.17132551848512173 0.02158273381294964 0.16952209197475201 0.04316546762589928 0.16952209197475201 0.07034372501998402 0.1708746618575293 0.07274180655475619
0 0.46528403967538323 0.7585931254996003 0.4743011722272317 0.7633892885691447 0.4810640216411181 0.762589928057554 0.481965734896303 0.7601918465227818 0.4815148782687106 0.7426059152677859 0.4715960324616772 0.7394084732214229 0.46528403967538323 0.7402078337330137 0.4634806131650135 0.7426059152677859 0.4630297565374211 0.7513988808952838 0.46528403967538323 0.7585931254996003
0 0.11947700631199279 0.7633892885691447 0.13345356176735798 0.7649880095923263 0.13706041478809738 0.7585931254996003 0.13480613165013525 0.7386091127098321 0.13300270513976556 0.7338129496402878 0.12984670874661858 0.7314148681055157 0.12623985572587917 0.7306155075939249 0.11857529305680793 0.7418065547561951 0.11767357980162309 0.7466027178257394 0.11677186654643823 0.7553956834532374 0.11947700631199279 0.7633892885691447
0 0.6645626690712354 0.9624300559552359 0.6771866546438233 0.9616306954436452 0.6798917944093779 0.9568345323741008 0.6803426510369702 0.9424460431654678 0.6780883678990081 0.938449240607514 0.6708746618575293 0.9368505195843326 0.6614066726780884 0.9432454036770584 0.6614066726780884 0.9552358113509193 0.6645626690712354 0.9624300559552359
0 0.733092876465284 0.35091926458832934 0.733092876465284 0.36211031175059955 0.7357980162308386 0.36930455635491605 0.7376014427412083 0.3844924060751399 0.74165915238954 0.3876898481215028 0.7551848512173129 0.390087929656275 0.75834084761046 0.3836930455635492 0.75834084761046 0.3165467625899281 0.7547339945897205 0.31015187849720227 0.7407574391343553 0.3085531574740208 0.7371505861136158 0.31734612310151883 0.736248872858431 0.3349320543565148 0.733092876465284 0.35091926458832934
0 0.32596934174932374 0.7705835331734613 0.3331830477908025 0.7689848121502798 0.33498647430117223 0.7474020783373301 0.3327321911632101 0.7346123101518786 0.32822362488728585 0.7290167865707434 0.32416591523895405 0.7282174260591526 0.3201082055906222 0.7338129496402878 0.3196573489630297 0.7378097521982414 0.3201082055906222 0.7681854516386891 0.32596934174932374 0.7705835331734613
0 0.7055906221821461 0.4860111910471623 0.7263300270513976 0.4908073541167067 0.7326420198376916 0.4908073541167067 0.7348963029756538 0.4876099120703437 0.7357980162308386 0.4756195043964829 0.7348963029756538 0.4668265387689848 0.733092876465284 0.4636290967226219 0.7078449053201082 0.4596322941646683 0.7051397655545536 0.46203037569944044 0.7037871956717764 0.4676258992805756 0.703336339044184 0.4796163069544365 0.7055906221821461 0.4860111910471623
0 0.38863841298467083 0.5075939248601119 0.39495040577096485 0.5099920063948842 0.415238954012624 0.5099920063948842 0.4165915238954013 0.4948041566746603 0.4197475202885482 0.48920863309352525 0.42155094679891797 0.48121502797761795 0.42110009017132555 0.47002398081534774 0.4170423805229937 0.460431654676259 0.40171325518485124 0.4572342126298961 0.3976555455365194 0.45163868904876103 0.38999098286744815 0.45163868904876103 0.3868349864743012 0.45483613109512394 0.38548241659152394 0.4740207833733014 0.3859332732191163 0.5019984012789769 0.38863841298467083 0.5075939248601119
0 0.5 0.9840127897681855 0.5013525698827773 0.9864108713029576 0.5081154192966637 0.9880095923261392 0.5135256988277728 0.9856115107913669 0.5153291253381425 0.9808153477218226 0.5139765554553652 0.9568345323741008 0.5049594229035167 0.9528377298161471 0.5004508566275925 0.9536370903277379 0.4990982867448151 0.9560351718625101 0.5 0.9840127897681855
0 0.7551848512173129 0.6578737010391686 0.7651036970243462 0.6626698641087131 0.770063119927863 0.6610711430855316 0.7723174030658251 0.6474820143884892 0.7709648331830479 0.6394884092725819 0.7687105500450856 0.6354916067146283 0.7578899909828674 0.6346922462030377 0.7542831379621281 0.6386890487609912 0.7538322813345357 0.6538768984812151 0.7551848512173129 0.6578737010391686
0 0.672678088367899 0.019184652278177457 0.6794409377817855 0.018385291766586733 0.6798917944093779 0 0.6645626690712354 0 0.6645626690712354 0.01598721023181455 0.672678088367899 0.019184652278177457
0 0.4824165915238954 0.8001598721023181 0.4905320108205591 0.8025579536370904 0.4981965734896303 0.7969624300559552 0.4995491433724076 0.7817745803357314 0.4981965734896303 0.7649880095923263 0.4927862939585212 0.7633892885691447 0.4833183047790803 0.765787370103917 0.48016230838593327 0.7705835331734613 0.47971145175834085 0.7913669064748201 0.4824165915238954 0.8001598721023181
0 0.1587015329125338 0.7529976019184652 0.16952209197475201 0.7513988808952838 0.1708746618575293 0.7346123101518786 0.16997294860234446 0.7234212629896084 0.16321009918845808 0.7202238209432456 0.15779981965734896 0.7202238209432456 0.1564472497745717 0.7226219024780176 0.15599639314697925 0.7505995203836932 0.1587015329125338 0.7529976019184652
0 0.7547339945897205 0.542765787370104 0.757439134355275 0.5459632294164669 0.7614968440036068 0.5459632294164669 0.7696122633002704 0.5403677058353318 0.7691614066726781 0.5291766586730615 0.7655545536519388 0.5155875299760192 0.7596934174932372 0.5163868904876099 0.7538322813345357 0.525179856115108 0.7533814247069431 0.5371702637889688 0.7547339945897205 0.542765787370104
0 0.763751127141569 0.504396482813749 0.7831379621280433 0.5075939248601119 0.7876465284039675 0.5059952038369305 0.7899008115419297 0.5019984012789769 0.7899008115419297 0.49160671462829736 0.7871956717763752 0.4876099120703437 0.7655545536519388 0.4828137490007994 0.760595130748422 0.4852118305355716 0.760595130748422 0.49960031974420466 0.763751127141569 0.504396482813749
0 0.6253381424706943 0.5435651478816946 0.6406672678088369 0.5459632294164669 0.6456266907123535 0.5403677058353318 0.6465284039675383 0.5147881694644285 0.6438232642019839 0.5051958433253397 0.6230838593327321 0.5051958433253397 0.6226330027051398 0.5371702637889688 0.6253381424706943 0.5435651478816946
0 0.47339945897204694 0.2901678657074341 0.47790802524797116 0.29096722621902477 0.481965734896303 0.28617106314948043 0.4824165915238954 0.23261390887290168 0.4810640216411181 0.22462030375699443 0.4783588818755636 0.2222222222222222 0.47385031559963936 0.22302158273381298 0.4715960324616772 0.23261390887290168 0.47024346257889993 0.28617106314948043 0.47339945897204694 0.2901678657074341
0 0.7128043282236249 0.6666666666666666 0.7227231740306583 0.6690647482014389 0.7303877366997296 0.6674660271782575 0.7308385933273219 0.6562749800159873 0.7276825969341749 0.6490807354116707 0.7150586113615871 0.6490807354116707 0.7096483318304779 0.6522781774580336 0.7091974752028855 0.6610711430855316 0.7128043282236249 0.6666666666666666
0 0.18530207394048692 0.756994404476419 0.1934174932371506 0.7593924860111911 0.19792605951307485 0.756994404476419 0.19792605951307485 0.7370103916866507 0.18575293056807937 0.7322142286171064 0.1834986474301172 0.7354116706634692 0.1834986474301172 0.7513988808952838 0.18530207394048692 0.756994404476419
0 0.5153291253381425 0.64828137490008 0.5333633904418394 0.6498800959232613 0.5369702434625789 0.6466826538768985 0.5369702434625789 0.6187050359712231 0.5351668169522091 0.6131095123900879 0.5171325518485121 0.6107114308553158 0.5139765554553652 0.6155075939248602 0.5135256988277728 0.6410871302957634 0.5153291253381425 0.64828137490008
0 0.560414788097385 0.6219024780175859 0.563570784490532 0.6211031175059952 0.569882777276826 0.6107114308553158 0.5703336339044184 0.595523581135092 0.5662759242560865 0.5875299760191847 0.5568079350766456 0.5883293365307755 0.5559062218214608 0.6155075939248602 0.560414788097385 0.6219024780175859
0 0.5410279531109107 0.8073541167066347 0.5541027953110911 0.8089528377298163 0.5586113615870153 0.8033573141486812 0.5572587917042381 0.7889688249400479 0.5500450856627592 0.7761790567545964 0.5432822362488728 0.7761790567545964 0.5396753832281335 0.7881694644284573 0.5387736699729486 0.8017585931254997 0.5410279531109107 0.8073541167066347
0 0.5712353471596032 0.642685851318945 0.5933273219116322 0.64828137490008 0.5960324616771866 0.64828137490008 0.5987376014427412 0.6434852118305356 0.5991884580703336 0.6227018385291766 0.5955816050495942 0.6091127098321344 0.573038773669973 0.6059152677857713 0.5694319206492335 0.6139088729016786 0.5694319206492335 0.6330935251798562 0.5712353471596032 0.642685851318945
0 0.60595130748422 0.31894484412470026 0.6298467087466186 0.31974420463629094 0.6375112714156899 0.31734612310151883 0.6375112714156899 0.2973621103117506 0.6361587015329125 0.2885691446842526 0.6339044183949504 0.2853717026378897 0.6050495942290353 0.28457234212629895 0.602795311091073 0.2869704236610712 0.6018935978358882 0.3085531574740208 0.60595130748422 0.31894484412470026
0 0.6979260595130748 0.5995203836930456 0.7073940486925159 0.6027178257394085 0.7146077547339945 0.6011191047162271 0.7150586113615871 0.5843325339728218 0.7128043282236249 0.5811350919264588 0.7028854824165914 0.574740207833733 0.6983769161406672 0.5755395683453238 0.6961226330027052 0.5795363709032775 0.6961226330027052 0.5947242206235012 0.6979260595130748 0.5995203836930456
0 0.5779981965734896 0.293365307753797 0.5829576194770063 0.2965627498001599 0.5951307484220018 0.29576338928856916 0.5964833183047792 0.27577937649880097 0.5946798917944094 0.26298960831334933 0.5798016230838593 0.2613908872901679 0.5752930568079351 0.2637889688249401 0.5752930568079351 0.28617106314948043 0.5779981965734896 0.293365307753797
0 0.05049594229035167 0.8217426059152678 0.06807935076645627 0.82414068745004 0.0703336339044184 0.8209432454036771 0.0703336339044184 0.7929656274980017 0.05725879170423805 0.7913669064748201 0.05500450856627593 0.7897681854516387 0.05365193868349865 0.7849720223820944 0.05049594229035167 0.7849720223820944 0.04869251577998197 0.7889688249400479 0.04824165915238954 0.8113509192645884 0.05049594229035167 0.8217426059152678
0 0.6149684400360685 0.859312549960032 0.6217312894499549 0.8601119104716227 0.6262398557258791 0.8569144684252599 0.6316501352569882 0.8609112709832134 0.6375112714156899 0.859312549960032 0.6379621280432822 0.841726618705036 0.6348061316501352 0.8337330135891287 0.6190261496844004 0.8297362110311751 0.6158701532912535 0.8297362110311751 0.6145175834084761 0.8337330135891287 0.6131650135256989 0.8545163868904877 0.6149684400360685 0.859312549960032
0 0.42515779981965734 0.8425259792166268 0.42831379621280435 0.8257394084732215 0.4269612263300271 0.8089528377298163 0.4224526600541028 0.8025579536370904 0.41794409377817854 0.8025579536370904 0.4147880973850316 0.8049560351718625 0.41343552750225426 0.8113509192645884 0.4138863841298467 0.841726618705036 0.42515779981965734 0.8425259792166268