0 0.7944093778178539 0.9888089528377298 0.8016230838593328 0.9888089528377298 0.8056807935076646 0.9840127897681855 0.805229936880072 0.9768185451638689 0.8011722272317404 0.9664268585131894 0.7957619477006312 0.9656274980015987 0.7908025247971145 0.9688249400479617 0.7908025247971145 0.9760191846522782 0.7944093778178539 0.9888089528377298
0 0 0.6722621902478018 0.004959422903516681 0.6706634692246204 0.009467989179440937 0.6634692246203038 0.009017132551848512 0.6538768984812151 0.001352569882777277 0.6338928856914469 0 0.6338928856914469 0 0.6722621902478018
0 0.8593327321911632 0.9944044764188649 0.863390441839495 0.9952038369304558 0.8733092876465285 0.9864108713029576 0.8863841298467088 0.9792166266986412 0.8967538322813345 0.9680255795363709 0.9305680793507665 0.9432454036770584 0.9341749323715058 0.9400479616306955 0.936429215509468 0.9344524380495605 0.9328223624887286 0.9200639488409273 0.9283137962128044 0.9176658673061552 0.8769161406672679 0.9552358113509193 0.8561767357980163 0.9744204636290967 0.8552750225428314 0.9800159872102319 0.8593327321911632 0.9944044764188649
0 0.7718665464382326 0.8808952837729817 0.7759242560865645 0.9056754596322941 0.7899008115419297 0.8992805755395684 0.793507664562669 0.8928856914468426 0.7948602344454464 0.8864908073541167 0.7944093778178539 0.871302957633893 0.7899008115419297 0.8617106314948043 0.7741208295761948 0.8721023181454837 0.7718665464382326 0.8760991207034373 0.7718665464382326 0.8808952837729817
0 0.7862939585211903 0.9568345323741008 0.7889990982867447 0.959232613908873 0.8007213706041478 0.9528377298161471 0.8038773669972948 0.9488409272581935 0.8011722272317404 0.9344524380495605 0.7980162308385934 0.9304556354916067 0.7835888187556357 0.9392486011191048 0.784941388638413 0.9520383693045564 0.7862939585211903 0.9568345323741008
0 0.2687105500450857 0.5803357314148682 0.2687105500450857 0.5883293365307755 0.2772768259693417 0.6187050359712231 0.27908025247971147 0.6298960831334932 0.2889990982867448 0.6578737010391686 0.29305680793507666 0.6602717825739409 0.3165013525698828 0.6402877697841727 0.3165013525698828 0.6067146282973622 0.3043282236248873 0.5627498001598722 0.3002705139765554 0.5579536370903277 0.29531109107303877 0.5579536370903277 0.281785392245266 0.565947242206235 0.27592425608656446 0.5763389288569145 0.2687105500450857 0.5803357314148682
0 0.7980162308385934 0.8832933653077538 0.805229936880072 0.9048760991207034 0.8097385031559965 0.9264588329336532 0.8183047790802525 0.9560351718625101 0.8210099188458071 0.959232613908873 0.825067628494139 0.9576338928856915 0.8417493237150586 0.9456434852118306 0.8417493237150586 0.9352517985611511 0.8327321911632102 0.9048760991207034 0.8178539224526601 0.8425259792166268 0.8146979260595131 0.8385291766586731 0.8115419296663661 0.8385291766586731 0.80297565374211 0.8473221422861711 0.7939585211902616 0.8529176658673061 0.7944093778178539 0.8657074340527579 0.7980162308385934 0.8832933653077538
0 0.8539224526600542 0.9992006394884093 0.8534715960324617 0.9936051159072742 0.8489630297565375 0.9816147082334133 0.8408476104598738 0.9848121502797762 0.8354373309287646 0.9952038369304558 0.8340847610459874 0.9992006394884093 0.8539224526600542 0.9992006394884093
0 0.21280432822362488 0.5387689848121503 0.21956717763751127 0.5579536370903277 0.2236248872858431 0.5603517186250999 0.24346257889990983 0.5499600319744204 0.2484220018034265 0.5451638689048761 0.25653742110009015 0.5315747402078338 0.25924256086564473 0.5235811350919265 0.2533814247069432 0.5011990407673861 0.2551848512173129 0.49640287769784175 0.25969341749323716 0.4948041566746603 0.2651036970243463 0.5011990407673861 0.2687105500450857 0.5011990407673861 0.28403967538322816 0.48840927258193445 0.284941388638413 0.4804156674660272 0.2763751127141569 0.44924060751398887 0.2723174030658251 0.44124700239808157 0.26825969341749323 0.44124700239808157 0.26194770063119927 0.44844124700239807 0.21550946798917944 0.48201438848920863 0.20333633904418397 0.4948041566746603 0.2037871956717764 0.5067945643485212 0.21280432822362488 0.5387689848121503
0 0.8385933273219116 0.9648281374900081 0.8412984670874663 0.9704236610711432 0.8453561767357981 0.9704236610711432 0.8467087466185753 0.9656274980015987 0.8440036068530207 0.9512390087929657 0.8422001803426511 0.9480415667466028 0.8385933273219116 0.9496402877697842 0.8372407574391344 0.9520383693045564 0.8385933273219116 0.9648281374900081
0 0.8503155996393147 0.9552358113509193 0.8525698827772769 0.9608313349320544 0.8561767357980163 0.9616306954436452 0.9260595130748422 0.9088729016786572 0.9292155094679891 0.9048760991207034 0.9292155094679891 0.9016786570743406 0.9256086564472498 0.8888888888888888 0.9206492335437331 0.885691446842526 0.866546438232642 0.9264588329336532 0.8557258791704238 0.9328537170263789 0.8489630297565375 0.9336530775379696 0.8476104598737602 0.9360511590727418 0.8471596032461677 0.9432454036770584 0.8503155996393147 0.9552358113509193
0 0.7790802524797115 0.9240607513988809 0.7817853922452661 0.9264588329336532 0.7917042380522994 0.9216626698641087 0.7962128043282236 0.915267785771383 0.7944093778178539 0.9040767386091128 0.7917042380522994 0.8984812150279777 0.7876465284039675 0.8984812150279777 0.7768259693417493 0.9048760991207034 0.7768259693417493 0.915267785771383 0.7790802524797115 0.9240607513988809