0 0.827321911632101 0.9664268585131894 0.836789900811542 0.9648281374900081 0.8403967538322813 0.9568345323741008 0.8399458972046889 0.9456434852118306 0.8376916140667268 0.9392486011191048 0.8282236248872858 0.9408473221422862 0.824165915238954 0.9456434852118306 0.824165915238954 0.959232613908873 0.827321911632101 0.9664268585131894
0 0.8174030658250677 0.7849720223820944 0.8593327321911632 0.7665867306155076 0.8606853020739406 0.7649880095923263 0.8611361587015329 0.7585931254996003 0.8593327321911632 0.748201438848921 0.8539224526600542 0.7442046362909672 0.8205590622182147 0.7601918465227818 0.8133453561767359 0.7665867306155076 0.8142470694319207 0.7825739408473221 0.8174030658250677 0.7849720223820944
0 0.9156898106402165 0.9992006394884093 0.9165915238954013 0.9952038369304558 0.9161406672678089 0.9864108713029576 0.9143372407574392 0.9816147082334133 0.9039675383228134 0.9840127897681855 0.8994589720468892 0.9896083133493206 0.8985572587917042 0.9992006394884093 0.9156898106402165 0.9992006394884093
0 0.897204688908927 0.3349320543565148 0.9026149684400361 0.33573141486810554 0.9328223624887286 0.3213429256594725 0.9368800721370605 0.31734612310151883 0.9368800721370605 0.31095123900879296 0.9341749323715058 0.30135891286970423 0.9292155094679891 0.2997601918465228 0.9026149684400361 0.31015187849720227 0.8954012623985572 0.31574740207833735 0.8949504057709649 0.3237410071942446 0.897204688908927 0.3349320543565148
0 0.967087466185753 0.4404476418864908 0.9770063119927863 0.4404476418864908 0.9995491433724076 0.4292565947242206 0.9995491433724076 0.407673860911271 0.9954914337240758 0.407673860911271 0.9657348963029756 0.42206235011990406 0.9643823264201984 0.4292565947242206 0.967087466185753 0.4404476418864908
0 0.9057709648331831 0.17106314948041568 0.9075743913435527 0.17346123101518784 0.9120829576194771 0.17346123101518784 0.9603246167718665 0.15027977617905677 0.9634806131650135 0.14708233413269386 0.9634806131650135 0.14068745003996805 0.9616771866546439 0.1310951239008793 0.9580703336339044 0.12869704236610713 0.9044183949504058 0.15347721822541965 0.9039675383228134 0.16386890487609912 0.9057709648331831 0.17106314948041568
0 0.8904418394950405 0.9368505195843326 0.89404869251578 0.9376498800959233 0.9048692515779982 0.9272581934452439 0.9044183949504058 0.9176658673061552 0.9008115419296664 0.9072741806554757 0.8872858431018936 0.9128697042366107 0.8877366997294861 0.9288569144684253 0.8904418394950405 0.9368505195843326
0 0.9134355275022543 0.21662669864108713 0.9147880973850315 0.21902478017585933 0.9188458070333634 0.21902478017585933 0.9688908926961226 0.19584332533972823 0.9711451758340848 0.19264588329336532 0.9715960324616773 0.18784972022382096 0.9697926059513075 0.17665867306155078 0.9657348963029756 0.17346123101518784 0.9125338142470695 0.19984012789768185 0.9116321009918846 0.2038369304556355 0.9134355275022543 0.21662669864108713
0 0.8485121731289451 0.9992006394884093 0.8471596032461677 0.9888089528377298 0.8449053201082056 0.9840127897681855 0.8381424706943192 0.9832134292565947 0.8300270513976555 0.9888089528377298 0.8300270513976555 0.9992006394884093 0.8485121731289451 0.9992006394884093
0 0.8453561767357981 0.9648281374900081 0.8489630297565375 0.9704236610711432 0.8557258791704238 0.9704236610711432 0.8579801623083859 0.9672262190247802 0.8561767357980163 0.9432454036770584 0.8539224526600542 0.9400479616306955 0.8489630297565375 0.9400479616306955 0.8440036068530207 0.9496402877697842 0.8453561767357981 0.9648281374900081
0 0.8800721370604149 0.9440447641886491 0.8841298467087467 0.9424460431654678 0.8859332732191163 0.938449240607514 0.8841298467087467 0.920863309352518 0.8800721370604149 0.9176658673061552 0.8755635707844905 0.920863309352518 0.8769161406672679 0.9416466826538769 0.8800721370604149 0.9440447641886491
0 0.9927862939585211 0.4756195043964829 0.9941388638412986 0.47801758593125504 0.9995491433724076 0.47801758593125504 0.9995491433724076 0.45483613109512394 0.9927862939585211 0.45643485211830537 0.9909828674481516 0.4596322941646683 0.9927862939585211 0.4756195043964829
0 0.9860234445446348 0.8824940047961631 0.9909828674481516 0.8824940047961631 0.9995491433724076 0.8776978417266187 0.9995491433724076 0.8569144684252599 0.9905320108205591 0.8585131894484412 0.9833183047790803 0.8641087130295764 0.9828674481514879 0.8752997601918465 0.9860234445446348 0.8824940047961631
0 0.9702434625789 0.3892885691446843 0.9806131650135257 0.3868904876099121 0.9995491433724076 0.37729816147082335 0.9995491433724076 0.3669064748201439 0.9977457168620378 0.3661071143085532 0.9954914337240758 0.3573141486810552 0.9896302975653742 0.3581135091926459 0.9661857529305681 0.37010391686650684 0.9661857529305681 0.3868904876099121 0.9702434625789 0.3892885691446843
0 0.9914337240757439 0.929656274980016 0.9959422903516681 0.9312549960031975 0.9995491433724076 0.9288569144684253 0.9995491433724076 0.906474820143885 0.9900811541929667 0.9104716227018386 0.9896302975653742 0.9184652278177459 0.9914337240757439 0.929656274980016
0 0.9688908926961226 0.34212629896083135 0.9833183047790803 0.33812949640287776 0.9923354373309288 0.3309352517985612 0.9918845807033364 0.3205435651478817 0.9878268710550046 0.3133493205435652 0.9697926059513075 0.3205435651478817 0.9657348963029756 0.3253397282174261 0.9652840396753832 0.33573141486810554 0.9688908926961226 0.34212629896083135
0 0.5396753832281335 0.22462030375699443 0.5410279531109107 0.23421262989608316 0.5432822362488728 0.23741007194244604 0.5811541929666366 0.23421262989608316 0.6041478809738504 0.2278177458033573 0.6307484220018034 0.2270183852917666 0.6339044183949504 0.22302158273381298 0.6316501352569882 0.17426059152677859 0.6262398557258791 0.15347721822541965 0.611361587015329 0.1486810551558753 0.545536519386835 0.15347721822541965 0.5351668169522091 0.1574740207833733 0.5383228133453561 0.18545163868904876 0.5396753832281335 0.22462030375699443
0 0.897204688908927 0.9776179056754596 0.9008115419296664 0.9784172661870505 0.9125338142470695 0.9696243005595524 0.9111812443642923 0.9576338928856915 0.9084761045987376 0.9520383693045564 0.8931469792605952 0.9600319744204637 0.8935978358881875 0.9688249400479617 0.897204688908927 0.9776179056754596
0 0.8282236248872858 0.8737010391686652 0.8318304779080252 0.8776978417266187 0.8724075743913436 0.859312549960032 0.8746618575293057 0.8561151079136692 0.8746618575293057 0.8489208633093526 0.8733092876465285 0.8401278976818546 0.8688007213706042 0.8369304556354917 0.8282236248872858 0.8569144684252599 0.827321911632101 0.8689048760991207 0.8282236248872858 0.8737010391686652
0 0.8214607754733995 0.8257394084732215 0.8237150586113616 0.8289368505195844 0.8291253381424708 0.8289368505195844 0.8638412984670875 0.8137490007993605 0.8669972948602345 0.809752198241407 0.8674481514878268 0.8033573141486812 0.8656447249774571 0.7937649880095924 0.8620378719567178 0.7913669064748201 0.8205590622182147 0.8113509192645884 0.8201082055906221 0.8193445243804957 0.8214607754733995 0.8257394084732215
0 0.95536519386835 0.2470023980815348 0.9684400360685302 0.24460431654676262 0.9747520288548243 0.2414068745003997 0.9770063119927863 0.23741007194244604 0.9770063119927863 0.2278177458033573 0.9738503155996393 0.21902478017585933 0.9612263300270514 0.22302158273381298 0.9535617673579802 0.2270183852917666 0.9517583408476105 0.2302158273381295 0.9517583408476105 0.23980815347721826 0.95536519386835 0.2470023980815348
0 0.9039675383228134 0.37809752198241414 0.9080252479711453 0.381294964028777 0.9409377817853922 0.3661071143085532 0.9445446348061317 0.36211031175059955 0.9445446348061317 0.3557154276578737 0.9422903516681695 0.3477218225419665 0.9350766456266908 0.3445243804956035 0.9053201082055906 0.35891286970423664 0.9030658250676284 0.36211031175059955 0.9026149684400361 0.37170263788968827 0.9039675383228134 0.37809752198241414
0 0.8629395852119026 0.9992006394884093 0.8629395852119026 0.9896083133493206 0.8588818755635708 0.9768185451638689 0.8548241659152389 0.9768185451638689 0.8494138863841298 0.9808153477218226 0.8503155996393147 0.9992006394884093 0.8629395852119026 0.9992006394884093
0 0.8715058611361587 0.14068745003996805 0.8800721370604149 0.14068745003996805 0.95536519386835 0.10311750599520383 0.9571686203787195 0.10071942446043165 0.9571686203787195 0.09512390087929656 0.9535617673579802 0.08313349320543566 0.9495040577096483 0.08233413269384492 0.9008115419296664 0.10791366906474821 0.872858431018936 0.11910471622701839 0.8688007213706042 0.12310151878497202 0.8688007213706042 0.1342925659472422 0.8715058611361587 0.14068745003996805
0 0.9612263300270514 0.2965627498001599 0.967087466185753 0.2965627498001599 0.9756537421100091 0.29256594724220625 0.9819657348963029 0.2885691446842526 0.9846708746618575 0.28377298161470826 0.9842200180342651 0.2717825739408473 0.9810640216411182 0.26618705035971224 0.9625788999098286 0.2741806554756195 0.9589720468890893 0.2789768185451639 0.958521190261497 0.2877697841726619 0.9612263300270514 0.2965627498001599
0 0.8832281334535618 0.9840127897681855 0.8913435527502254 0.9848121502797762 0.8931469792605952 0.9808153477218226 0.891794409377818 0.9648281374900081 0.8890892696122633 0.9616306954436452 0.8814247069431921 0.9640287769784173 0.8809738503155997 0.9704236610711432 0.8832281334535618 0.9840127897681855