0 0.8570784490532011 0.16626698641087131 0.8715058611361587 0.16946442845723422 0.8764652840396754 0.16227018385291767 0.8845807033363391 0.16067146282973624 0.8850315599639315 0.13828936850519585 0.8809738503155997 0.12949640287769784 0.8660955816050496 0.12230215827338131 0.8548241659152389 0.12230215827338131 0.8521190261496844 0.12869704236610713 0.8516681695220919 0.1486810551558753 0.8570784490532011 0.16626698641087131
0 0.5703336339044184 0.9232613908872902 0.5779981965734896 0.9256594724220625 0.5946798917944094 0.9256594724220625 0.5973850315599639 0.9224620303756994 0.5987376014427412 0.91207034372502 0.5978358881875564 0.8968824940047961 0.5829576194770063 0.8936850519584333 0.5784490532010821 0.8872901678657075 0.5707844905320109 0.8872901678657075 0.5685302073940487 0.8904876099120704 0.5685302073940487 0.9184652278177459 0.5703336339044184 0.9232613908872902
0 0.9995491433724076 0.10631494804156676 0.9995491433724076 0.06554756195043965 0.993688007213706 0.0639488409272582 0.9909828674481516 0.06954436450839328 0.9909828674481516 0.10551558752997602 0.9995491433724076 0.10631494804156676
0 0.7926059513074842 0.04876099120703437 0.7980162308385934 0.05275779376498801 0.8088367899008116 0.05275779376498801 0.8106402164111812 0.04876099120703437 0.8110910730387737 0.032773780975219824 0.8083859332732191 0.011990407673860913 0.8016230838593328 0.007194244604316547 0.7908025247971145 0.007993605115907274 0.7908025247971145 0.03437250199840128 0.7926059513074842 0.04876099120703437
0 0.6645626690712354 0.504396482813749 0.666366095581605 0.5091926458832934 0.6771866546438233 0.5115907274180655 0.6857529305680793 0.5091926458832934 0.6848512173128946 0.4796163069544365 0.6681695220919748 0.47641886490807356 0.666366095581605 0.4804156674660272 0.6645626690712354 0.49640287769784175 0.6645626690712354 0.504396482813749
0 0.9188458070333634 0.4788169464428457 0.9211000901713255 0.46522781774580335 0.9188458070333634 0.44604316546762596 0.9071235347159603 0.4452438049560352 0.9075743913435527 0.4772182254196643 0.9188458070333634 0.4788169464428457
0 0.8431018935978359 0.9176658673061552 0.8530207394048693 0.920863309352518 0.8593327321911632 0.9200639488409273 0.8629395852119026 0.9168665067945644 0.863390441839495 0.8960831334932055 0.8606853020739406 0.8864908073541167 0.8462578899909828 0.8824940047961631 0.8412984670874663 0.8864908073541167 0.8408476104598738 0.9088729016786572 0.8431018935978359 0.9176658673061552
0 0 0.7937649880095924 0.018935978358881875 0.7969624300559552 0.021190261496844002 0.7905675459632294 0.022091974752028856 0.7354116706634692 0.018935978358881875 0.7234212629896084 0.016681695220919748 0.7202238209432456 0.002254283137962128 0.718625099920064 0 0.7194244604316546 0 0.7937649880095924
0 0.9706943192064924 0.8209432454036771 0.9995491433724076 0.827338129496403 0.9995491433724076 0.7953637090327739 0.9747520288548243 0.7921662669864108 0.9729486023444545 0.7953637090327739 0.9715960324616773 0.8057553956834532 0.9688908926961226 0.8105515587529977 0.9688908926961226 0.818545163868905 0.9706943192064924 0.8209432454036771
0 0.6176735798016231 0.8832933653077538 0.6163210099188459 0.9224620303756994 0.6194770063119928 0.9256594724220625 0.6293958521190262 0.9272581934452439 0.6420198376916141 0.9264588329336532 0.6447249774571686 0.8984812150279777 0.6442741208295762 0.876898481215028 0.6424706943192064 0.8665067945643485 0.6257889990982868 0.8553157474020784 0.6199278629395851 0.8545163868904877 0.6163210099188459 0.8609112709832134 0.6158701532912535 0.8729016786570745 0.6176735798016231 0.8832933653077538
0 0.046889089269612265 0.8105515587529977 0.11000901713255186 0.8201438848920864 0.1266907123534716 0.8201438848920864 0.130297565374211 0.8161470823341327 0.13074842200180342 0.7809752198241406 0.1289449954914337 0.7681854516386891 0.12623985572587917 0.7617905675459633 0.1109107303877367 0.7609912070343725 0.1073038773669973 0.7665867306155076 0.09287646528403969 0.7665867306155076 0.07348963029756538 0.7641886490807354 0.06762849413886383 0.7545963229416467 0.04824165915238954 0.753796962430056 0.045987376014427414 0.7561950439648283 0.04508566275924256 0.7641886490807354 0.044634806131650134 0.7929656274980017 0.046889089269612265 0.8105515587529977
0 0.7993688007213706 0.9512390087929657 0.8083859332732191 0.9536370903277379 0.8155996393146979 0.9520383693045564 0.8151487826871056 0.9432454036770584 0.8128944995491433 0.9408473221422862 0.7971145175834086 0.9416466826538769 0.7971145175834086 0.9480415667466028 0.7993688007213706 0.9512390087929657
0 0.80297565374211 0.5147881694644285 0.8300270513976555 0.5211830535571543 0.8354373309287646 0.5195843325339728 0.8385933273219116 0.5155875299760192 0.8381424706943192 0.5115907274180655 0.8268710550045085 0.5067945643485212 0.8070333633904418 0.5019984012789769 0.8011722272317404 0.5035971223021583 0.8007213706041478 0.5091926458832934 0.80297565374211 0.5147881694644285
0 0.09467989179440937 0.7585931254996003 0.10955816050495942 0.7593924860111911 0.11136158701532912 0.7561950439648283 0.1109107303877367 0.7458033573141487 0.109107303877367 0.7402078337330137 0.09558160504959423 0.7386091127098321 0.0915238954012624 0.7458033573141487 0.09107303877366997 0.7553956834532374 0.09467989179440937 0.7585931254996003
0 0.8228133453561768 0.4716227018385292 0.8354373309287646 0.47322142286171065 0.8376916140667268 0.4708233413269384 0.8376916140667268 0.4668265387689848 0.8345356176735799 0.46282973621103124 0.8246167718665464 0.4596322941646683 0.8210099188458071 0.4596322941646683 0.8196573489630298 0.46203037569944044 0.8201082055906221 0.4684252597921663 0.8228133453561768 0.4716227018385292
0 0.587917042380523 0.06794564348521183 0.6167718665464382 0.07194244604316548 0.6185752930568079 0.06794564348521183 0.6190261496844004 0.05675459632294165 0.627141568981064 0.049560351718625106 0.627141568981064 0.015187849720223821 0.6235347159603246 0 0.587917042380523 0 0.5852119026149685 0.015187849720223821 0.584761045987376 0.04716227018385292 0.587917042380523 0.06794564348521183
0 0.7024346257889991 0.7793764988009593 0.7200180342651037 0.7793764988009593 0.7204688908926962 0.753796962430056 0.7182146077547341 0.7466027178257394 0.7137060414788097 0.7442046362909672 0.7042380522993689 0.7442046362909672 0.7006311992786294 0.7498001598721024 0.700180342651037 0.7641886490807354 0.7024346257889991 0.7793764988009593
0 0.7619477006311993 0.9256594724220625 0.7633002705139765 0.9216626698641087 0.7633002705139765 0.9056754596322941 0.7619477006311993 0.9008792965627499 0.7515779981965736 0.9008792965627499 0.7515779981965736 0.9248601119104717 0.7619477006311993 0.9256594724220625
0 0.6321009918845808 0.3661071143085532 0.6532912533814247 0.3661071143085532 0.65238954012624 0.35891286970423664 0.6474301172227231 0.35411670663469225 0.6289449954914338 0.354916067146283 0.6284941388638413 0.3613109512390088 0.6321009918845808 0.3661071143085532
0 0.7191163210099188 0.13908872901678657 0.7443642921550947 0.14388489208633096 0.7529305680793508 0.14388489208633096 0.7551848512173129 0.14068745003996805 0.7565374211000901 0.1278976818545164 0.7556357078449053 0.1111111111111111 0.7542831379621281 0.10711430855315748 0.7231740306582507 0.10231814548361312 0.7195671776375113 0.10391686650679458 0.7177637511271415 0.11031175059952039 0.7168620378719567 0.13269384492406078 0.7191163210099188 0.13908872901678657
0 0.6632100991884582 0.34212629896083135 0.6853020739404869 0.34372501998401284 0.6902614968440036 0.3413269384492406 0.6893597835888188 0.30375699440447645 0.6825969341749324 0.30055955235811355 0.6677186654643824 0.30055955235811355 0.6636609558160506 0.30375699440447645 0.6618575293056808 0.31254996003197444 0.6614066726780884 0.33573141486810554 0.6632100991884582 0.34212629896083135
0 0.8079350766456267 0.45163868904876103 0.8358881875563571 0.4540367705835332 0.8390441839495041 0.45003996802557955 0.8390441839495041 0.4452438049560352 0.8358881875563571 0.442845723421263 0.8183047790802525 0.43884892086330934 0.805229936880072 0.4420463629096723 0.805229936880072 0.44924060751398887 0.8079350766456267 0.45163868904876103