0 0.2957619477006312 0.8673061550759393 0.3313796212804328 0.8984812150279777 0.3417493237150586 0.9056754596322941 0.34580703336339047 0.8992805755395684 0.345356176735798 0.8920863309352519 0.3408476104598738 0.8864908073541167 0.3340847610459874 0.8824940047961631 0.3137962128043282 0.862509992006395 0.30252479711451763 0.8577138289368506 0.2971145175834085 0.8513189448441247 0.2935076645626691 0.8553157474020784 0.29305680793507666 0.862509992006395 0.2957619477006312 0.8673061550759393
0 0.21009918845807032 0.4596322941646683 0.21370604147880973 0.4596322941646683 0.21731289449954916 0.44684252597921664 0.21596032461677186 0.43884892086330934 0.21325518485121733 0.434052757793765 0.2091974752028855 0.4324540367705836 0.20559062218214608 0.4372501998401279 0.20423805229936878 0.442845723421263 0.20468890892696123 0.4524380495603517 0.21009918845807032 0.4596322941646683
0 0.42110009017132555 0.4772182254196643 0.42831379621280435 0.4860111910471623 0.43507664562669074 0.486810551558753 0.43913435527502254 0.4740207833733014 0.44183949504057707 0.460431654676259 0.44138863841298465 0.45643485211830537 0.43192064923354373 0.4476418864908074 0.42831379621280435 0.4476418864908074 0.42515779981965734 0.4532374100719425 0.42110009017132555 0.47002398081534774 0.42110009017132555 0.4772182254196643
0 0.42019837691614065 0.2270183852917666 0.4292155094679892 0.22541966426858515 0.4323715058611362 0.21982414068745004 0.433273219116321 0.21342925659472425 0.4296663660955816 0.20543565147881696 0.42200180342651034 0.19824140687450043 0.41794409377817854 0.19904076738609114 0.41343552750225426 0.21183053557154277 0.4138863841298467 0.22302158273381298 0.42019837691614065 0.2270183852917666
0 0.5428313796212805 0.645083932853717 0.5545536519386834 0.6498800959232613 0.560414788097385 0.6474820143884892 0.5608656447249775 0.6282973621103117 0.5658250676284942 0.577937649880096 0.5640216411181245 0.5651478816946442 0.5595130748422003 0.5635491606714629 0.5536519386834987 0.565947242206235 0.5468890892696122 0.577937649880096 0.5432822362488728 0.5947242206235012 0.5414788097385032 0.6227018385291766 0.5428313796212805 0.645083932853717
0 0.4454463480613165 0.49880095923261397 0.4495040577096483 0.49960031974420466 0.4526600541027953 0.4948041566746603 0.45626690712353474 0.4836131095123901 0.45761947700631195 0.4716227018385292 0.4495040577096483 0.46203037569944044 0.44274120829576197 0.4612310151878497 0.43778178539224527 0.4836131095123901 0.4382326420198377 0.49160671462829736 0.4454463480613165 0.49880095923261397
0 0.40171325518485124 0.6410871302957634 0.4075743913435528 0.6442845723421263 0.41118124436429215 0.6434852118305356 0.4147880973850316 0.636290967226219 0.4188458070333634 0.6195043964828137 0.4192966636609558 0.6059152677857713 0.4138863841298467 0.595523581135092 0.4075743913435528 0.5939248601119105 0.40396753832281335 0.5971223021582733 0.40216411181244366 0.6067146282973622 0.39720468890892696 0.6179056754596324 0.3963029756537421 0.6330935251798562 0.40171325518485124 0.6410871302957634
0 0.39314697926059516 0.25819344524380494 0.4044183949504058 0.266986410871303 0.40892696122633004 0.26538768984812156 0.4116321009918846 0.2589928057553957 0.412082957619477 0.24860111910471622 0.40892696122633004 0.24300559552358114 0.40171325518485124 0.23661071143085532 0.3935978358881876 0.23261390887290168 0.38954012623985573 0.24060751398880897 0.38863841298467083 0.25099920063948844 0.39314697926059516 0.25819344524380494
0 0.06762849413886383 0.9112709832134293 0.08431018935978359 0.9216626698641087 0.08701532912533815 0.920863309352518 0.0915238954012624 0.9032773780975221 0.09197475202885483 0.8864908073541167 0.08476104598737601 0.8745003996802558 0.07844905320108204 0.8697042366107114 0.07484220018034266 0.8705035971223022 0.06943192064923355 0.8824940047961631 0.06537421100090171 0.9024780175859313 0.06492335437330929 0.9072741806554757 0.06762849413886383 0.9112709832134293
0 0.4314697926059513 0.7378097521982414 0.43507664562669074 0.7362110311750599 0.43778178539224527 0.7266187050359713 0.43778178539224527 0.7058353317346123 0.4359783588818755 0.6922462030375699 0.4328223624887286 0.6914468425259792 0.42425608656447256 0.695443645083933 0.41794409377817854 0.7138289368505196 0.41794409377817854 0.7274180655475619 0.4314697926059513 0.7378097521982414
0 0.17177637511271418 0.9784172661870505 0.17763751127141567 0.9752198241406874 0.18575293056807937 0.947242206235012 0.1834986474301172 0.9304556354916067 0.17718665464382327 0.9240607513988809 0.17222723174030657 0.9232613908872902 0.16050495942290352 0.959232613908873 0.16050495942290352 0.9712230215827339 0.17177637511271418 0.9784172661870505
0 0.35978358881875566 0.3820943245403677 0.36880072137060416 0.39168665067945646 0.37691614066726786 0.390087929656275 0.37917042380523 0.381294964028777 0.3787195671776375 0.37729816147082335 0.37240757439134353 0.37090327737809753 0.3678990081154193 0.3613109512390088 0.36158701532912535 0.3581135091926459 0.35752930568079355 0.3629096722621903 0.35617673579801623 0.3749000799360512 0.35978358881875566 0.3820943245403677
0 0.3818755635707845 0.4020783373301359 0.38773669972948605 0.40447641886490815 0.3913435527502254 0.39728217426059154 0.39314697926059516 0.3836930455635492 0.38999098286744815 0.3788968824940048 0.38322813345356177 0.37809752198241414 0.3787195671776375 0.38529176658673064 0.3782687105500451 0.39648281374900085 0.3818755635707845 0.4020783373301359
0 0.7100991884580703 0.43804956035171866 0.7218214607754734 0.44604316546762596 0.7308385933273219 0.4476418864908074 0.7339945897204688 0.4404476418864908 0.736248872858431 0.42845723421262993 0.7376014427412083 0.4100719424460432 0.7312894499549144 0.3980815347721823 0.7168620378719567 0.38848920863309355 0.7128043282236249 0.39488409272581937 0.7078449053201082 0.42366107114308554 0.7078449053201082 0.43165467625899284 0.7100991884580703 0.43804956035171866
0 0.26825969341749323 0.7929656274980017 0.2723174030658251 0.7873701039168666 0.27592425608656446 0.7729816147082335 0.27547339945897203 0.765787370103917 0.27366997294860235 0.7617905675459633 0.25924256086564473 0.7474020783373301 0.2551848512173129 0.7458033573141487 0.2515779981965735 0.7521982414068745 0.24752028854824168 0.7681854516386891 0.2479711451758341 0.7761790567545964 0.26825969341749323 0.7929656274980017
0 0.369702434625789 0.9080735411670664 0.37917042380523 0.9160671462829737 0.38548241659152394 0.915267785771383 0.38863841298467083 0.8984812150279777 0.3872858431018936 0.8880895283772982 0.37330928764652843 0.8760991207034373 0.36834986474301173 0.876898481215028 0.366546438232642 0.8904876099120704 0.369702434625789 0.9080735411670664
0 0.35888187556357076 0.3133493205435652 0.366546438232642 0.3133493205435652 0.369702434625789 0.30935251798561153 0.3710550045085663 0.30375699440447645 0.37060414788097384 0.2965627498001599 0.3660955816050496 0.28617106314948043 0.35978358881875566 0.2805755395683453 0.35617673579801623 0.2813749000799361 0.35211902614968443 0.29416466826538773 0.35211902614968443 0.3053557154276579 0.35888187556357076 0.3133493205435652
0 0.23128944995491435 0.5771382893685052 0.24526600541027954 0.5883293365307755 0.24932371505861137 0.5843325339728218 0.2551848512173129 0.5571542765787371 0.2412082957619477 0.5435651478816946 0.2344454463480613 0.5499600319744204 0.23038773669972948 0.5651478816946442 0.22993688007213708 0.5715427657873702 0.23128944995491435 0.5771382893685052
0 0.20649233543733095 0.5715427657873702 0.22046889089269614 0.5795363709032775 0.2231740306582507 0.5731414868105515 0.2285843101893598 0.5395683453237411 0.22723174030658252 0.5355715427657874 0.21956717763751127 0.5307753796962431 0.21325518485121733 0.5155875299760192 0.2096483318304779 0.5155875299760192 0.20649233543733095 0.5187849720223822 0.20513976555455368 0.5299760191846523 0.1988277727682597 0.5499600319744204 0.19927862939585214 0.5643485211830536 0.20649233543733095 0.5715427657873702
0 0.42515779981965734 0.4836131095123901 0.44905320108205593 0.5019984012789769 0.45311091073038773 0.4940047961630696 0.45761947700631195 0.4748201438848921 0.45536519386834984 0.4668265387689848 0.4310189359783589 0.44684252597921664 0.4278629395852119 0.4476418864908074 0.42515779981965734 0.4524380495603517 0.42110009017132555 0.469224620303757 0.42110009017132555 0.4772182254196643 0.42515779981965734 0.4836131095123901
0 0.5153291253381425 0.3645083932853717 0.5252479711451759 0.3669064748201439 0.5293056807935077 0.3613109512390088 0.5293056807935077 0.3525179856115108 0.521190261496844 0.3413269384492406 0.5112714156898106 0.33892885691446845 0.5085662759242561 0.34212629896083135 0.5090171325518486 0.354916067146283 0.5153291253381425 0.3645083932853717
0 0.4499549143372408 0.6578737010391686 0.45626690712353474 0.6562749800159873 0.4612263300270514 0.6370903277378098 0.46077547339945896 0.6298960831334932 0.4499549143372408 0.6203037569944045 0.4436429215509468 0.6187050359712231 0.44138863841298465 0.6211031175059952 0.44003606853020744 0.6442845723421263 0.4499549143372408 0.6578737010391686
0 0.9431920649233544 0.39488409272581937 0.9495040577096483 0.39648281374900085 0.9531109107303878 0.3828936850519585 0.9531109107303878 0.3756994404476419 0.9508566275924257 0.37170263788968827 0.9431920649233544 0.3669064748201439 0.9386834986474301 0.3677058353317346 0.9377817853922452 0.37250199840127896 0.9377817853922452 0.390087929656275 0.9431920649233544 0.39488409272581937
0 0.566726780883679 0.03517186250999201 0.5739404869251578 0.03597122302158274 0.5798016230838593 0.03357314148681055 0.5820559062218215 0.023980815347721826 0.5820559062218215 0.015187849720223821 0.5793507664562669 0.010391686650679457 0.5721370604147881 0.003996802557953637 0.5685302073940487 0.004796163069544364 0.5662759242560865 0.010391686650679457 0.5649233543733093 0.030375699440447643 0.566726780883679 0.03517186250999201
0 0.5342651036970244 0.8145483613109513 0.5365193868349865 0.818545163868905 0.5450856627592425 0.8249400479616307 0.5509467989179441 0.82414068745004 0.5568079350766456 0.7969624300559552 0.5568079350766456 0.7929656274980017 0.5545536519386834 0.7881694644284573 0.5428313796212805 0.7817745803357314 0.5396753832281335 0.7841726618705037 0.5347159603246168 0.7969624300559552 0.5324616771866546 0.8049560351718625 0.5342651036970244 0.8145483613109513
0 0.45626690712353474 0.2741806554756195 0.4630297565374211 0.2741806554756195 0.47024346257889993 0.2589928057553957 0.4688908926961226 0.24940047961630699 0.4634806131650135 0.24300559552358114 0.45897204688908927 0.24220623501199043 0.45536519386834984 0.2501998401278977 0.4522091974752029 0.26938449240607515 0.45626690712353474 0.2741806554756195
0 0.48692515779981965 0.1167066346922462 0.49098286744815145 0.11750599520383694 0.4959422903516682 0.10551558752997602 0.4959422903516682 0.09512390087929656 0.4914337240757439 0.08792965627498003 0.48467087466185754 0.08393285371702638 0.47971145175834085 0.08473221422861711 0.47565374211000905 0.09432454036770584 0.47565374211000905 0.10551558752997602 0.48692515779981965 0.1167066346922462
0 0.30613165013525695 0.815347721822542 0.31424706943192066 0.8193445243804957 0.31785392245266003 0.8145483613109513 0.31785392245266003 0.8025579536370904 0.3146979260595131 0.7969624300559552 0.3065825067628494 0.7945643485211831 0.30477908025247974 0.7993605115907274 0.30387736699729484 0.8113509192645884 0.30613165013525695 0.815347721822542