0 0.17357980162308384 0.5667466027178258 0.20153291253381425 0.5603517186250999 0.2060414788097385 0.5579536370903277 0.2073940486925158 0.5539568345323741 0.2060414788097385 0.5491606714628298 0.20108205590622183 0.5475619504396483 0.1762849413886384 0.5523581135091926 0.16816952209197475 0.5571542765787371 0.16816952209197475 0.5651478816946442 0.17357980162308384 0.5667466027178258
0 0.29531109107303877 0.20783373301358915 0.3331830477908025 0.1894484412470024 0.33498647430117223 0.18705035971223025 0.33498647430117223 0.18145483613109514 0.3322813345356177 0.17825739408473223 0.32506762849413884 0.17905675459632295 0.28809738503155996 0.19984012789768185 0.2885482416591524 0.20783373301358915 0.29531109107303877 0.20783373301358915
0 0.733092876465284 0.6706634692246204 0.7348963029756538 0.6858513189448442 0.7434625788999099 0.7146282973621104 0.7479711451758341 0.7402078337330137 0.7542831379621281 0.7418065547561951 0.7623985572587918 0.7386091127098321 0.7926059513074842 0.7218225419664269 0.7921550946798918 0.709832134292566 0.7759242560865645 0.6290967226219025 0.7727682596934174 0.6258992805755397 0.7651036970243462 0.6258992805755397 0.7281334535617674 0.6442845723421263 0.7281334535617674 0.6506794564348523 0.733092876465284 0.6706634692246204
0 0.1762849413886384 0.5827338129496403 0.21190261496844004 0.574740207833733 0.21100090171325517 0.5675459632294165 0.20784490532010821 0.5651478816946442 0.19071235347159604 0.5667466027178258 0.17312894499549145 0.5723421262989609 0.17312894499549145 0.577937649880096 0.1762849413886384 0.5827338129496403
0 0.4044183949504058 0.23501199040767387 0.41568981064021643 0.2302158273381295 0.4174932371505861 0.22302158273381298 0.4147880973850316 0.21742605915267785 0.41027953110910736 0.21742605915267785 0.402614968440036 0.21982414068745004 0.3990081154192967 0.22462030375699443 0.3990081154192967 0.23181454836131096 0.4044183949504058 0.23501199040767387
0 0.7082957619477006 0.5979216626698641 0.7100991884580703 0.6011191047162271 0.715960324616772 0.6011191047162271 0.7763751127141569 0.5643485211830536 0.7962128043282236 0.5499600319744204 0.799819657348963 0.542765787370104 0.796663660955816 0.5331734612310152 0.7889990982867447 0.5323741007194245 0.7623985572587918 0.5467625899280576 0.7421100090171326 0.5627498001598722 0.706492335437331 0.5827338129496403 0.7055906221821461 0.5883293365307755 0.7082957619477006 0.5979216626698641
0 0.32146077547339946 0.31574740207833735 0.35978358881875566 0.2965627498001599 0.36384129846708746 0.293365307753797 0.3656447249774572 0.2877697841726619 0.3624887285843102 0.2813749000799361 0.35888187556357076 0.2821742605915268 0.3174030658250676 0.3045563549160672 0.3174030658250676 0.31254996003197444 0.32146077547339946 0.31574740207833735
0 0.8034265103697025 0.5379696243005596 0.806131650135257 0.5371702637889688 0.8327321911632102 0.5155875299760192 0.8354373309287646 0.5099920063948842 0.8354373309287646 0.504396482813749 0.8313796212804329 0.4948041566746603 0.8268710550045085 0.4924060751398881 0.8155996393146979 0.5067945643485212 0.7993688007213706 0.521982414068745 0.8002705139765555 0.5331734612310152 0.8034265103697025 0.5379696243005596
0 0.2966636609558161 0.25099920063948844 0.3151487826871055 0.23980815347721826 0.3165013525698828 0.23741007194244604 0.3165013525698828 0.23101518784972022 0.3128944995491434 0.2278177458033573 0.29305680793507666 0.23820943245403678 0.29305680793507666 0.24860111910471622 0.2966636609558161 0.25099920063948844
0 0.2844905320108206 0.6690647482014389 0.2975653742110009 0.6618705035971224 0.3119927862939585 0.6458832933653078 0.3106402164111813 0.6354916067146283 0.3034265103697024 0.6131095123900879 0.3002705139765554 0.6075139888089529 0.2813345356176736 0.6227018385291766 0.2745716862037872 0.6306954436450839 0.2750225428313796 0.6410871302957634 0.2844905320108206 0.6690647482014389
0 0.40802524797114514 0.2701838529176659 0.4188458070333634 0.266986410871303 0.42155094679891797 0.26298960831334933 0.42200180342651034 0.25819344524380494 0.42019837691614065 0.2533972821742606 0.4165915238954013 0.25259792166266987 0.40577096483318303 0.2565947242206235 0.4035166816952209 0.2597921662669864 0.4035166816952209 0.2685851318944844 0.40802524797114514 0.2701838529176659
0 0.4035166816952209 0.25259792166266987 0.40847610459873757 0.25259792166266987 0.4192966636609558 0.24460431654676262 0.418394950405771 0.23661071143085532 0.415238954012624 0.23501199040767387 0.40712353471596036 0.23661071143085532 0.4008115419296664 0.2414068745003997 0.4003606853020739 0.2470023980815348 0.4035166816952209 0.25259792166266987
0 0.32146077547339946 0.2126298960831335 0.33543733092876465 0.20543565147881696 0.33724075743913434 0.2030375699440448 0.33724075743913434 0.19664268585131894 0.33543733092876465 0.19344524380495606 0.3327321911632101 0.19344524380495606 0.3128944995491434 0.20463629096722624 0.31424706943192066 0.2094324540367706 0.32146077547339946 0.2126298960831335
0 0.23715058611361586 0.6914468425259792 0.2407574391343553 0.6938449240607514 0.24571686203787196 0.6930455635491607 0.2655545536519387 0.6834532374100719 0.27051397655545534 0.6778577138289369 0.27006311992786297 0.6690647482014389 0.26194770063119927 0.6258992805755397 0.2583408476104599 0.6243005595523582 0.22993688007213708 0.6410871302957634 0.23083859332732193 0.6546762589928058 0.23715058611361586 0.6914468425259792