0 0.6005410279531108 0.2717825739408473 0.6032461677186655 0.2741806554756195 0.6154192966636609 0.27258193445243806 0.6172227231740307 0.266986410871303 0.6172227231740307 0.2557953637090328 0.6140667267808837 0.23820943245403678 0.609107303877367 0.23501199040767387 0.6032461677186655 0.2358113509192646 0.5982867448151488 0.24060751398880897 0.5982867448151488 0.2565947242206235 0.6005410279531108 0.2717825739408473
0 0.6073038773669973 0.3908872901678657 0.6194770063119928 0.3932853717026379 0.6230838593327321 0.390087929656275 0.6230838593327321 0.37170263788968827 0.6194770063119928 0.35411670663469225 0.608205590622182 0.354916067146283 0.6050495942290353 0.3605115907274181 0.6045987376014428 0.37969624300559557 0.6073038773669973 0.3908872901678657
0 0.4981965734896303 0.08313349320543566 0.5027051397655545 0.08553157474020784 0.5121731289449956 0.08393285371702638 0.5121731289449956 0.07114308553157474 0.5099188458070334 0.06314948041566747 0.49729486023444547 0.06554756195043965 0.496844003606853 0.07513988808952839 0.4981965734896303 0.08313349320543566
0 0.5207394048692516 0.38609112709832133 0.5266005410279532 0.38609112709832133 0.5288548241659152 0.3836930455635492 0.5284039675383229 0.36930455635491605 0.5261496844003607 0.35891286970423664 0.5130748422001803 0.35891286970423664 0.5139765554553652 0.3836930455635492 0.5207394048692516 0.38609112709832133
0 0.23850315599639313 0.8585131894484412 0.2407574391343553 0.8657074340527579 0.24571686203787196 0.8665067945643485 0.25653742110009015 0.862509992006395 0.2578899909828674 0.8601119104716227 0.25743913435527505 0.8513189448441247 0.2551848512173129 0.8465227817745804 0.2511271415689811 0.844924060751399 0.23985572587917042 0.8489208633093526 0.23850315599639313 0.8513189448441247 0.23850315599639313 0.8585131894484412
0 0.35211902614968443 0.9344524380495605 0.3647430117222723 0.938449240607514 0.36834986474301173 0.938449240607514 0.3710550045085663 0.9352517985611511 0.3701532912533814 0.9160671462829737 0.35752930568079355 0.9104716227018386 0.3534715960324617 0.9104716227018386 0.35121731289449953 0.9136690647482014 0.3507664562669071 0.9312549960031975 0.35211902614968443 0.9344524380495605
0 0.6357078449053201 0.32454036770583533 0.6402164111812444 0.328537170263789 0.6469792605951307 0.32773780975219824 0.6478809738503156 0.3149480415667466 0.6460775473399459 0.30135891286970423 0.6442741208295762 0.29896083133493206 0.6339044183949504 0.30055955235811355 0.6330027051397656 0.31574740207833735 0.6357078449053201 0.32454036770583533
0 0.3155996393146979 0.33812949640287776 0.31424706943192066 0.3341326938449241 0.3146979260595131 0.33892885691446845 0.3155996393146979 0.33812949640287776
0 0.3913435527502254 0.2517985611510791 0.3994589720468891 0.2533972821742606 0.4044183949504058 0.24860111910471622 0.4044183949504058 0.23661071143085532 0.4030658250676285 0.23261390887290168 0.4008115419296664 0.23101518784972022 0.3904418394950406 0.23421262989608316 0.38999098286744815 0.24540367705835334 0.3913435527502254 0.2517985611510791
0 0.7912533814247069 0.7553956834532374 0.7930568079350766 0.7585931254996003 0.8038773669972948 0.7585931254996003 0.805229936880072 0.7545963229416467 0.8038773669972948 0.7338129496402878 0.8007213706041478 0.7314148681055157 0.7912533814247069 0.7330135891286971 0.7899008115419297 0.7354116706634692 0.7912533814247069 0.7553956834532374
0 0.6172227231740307 0.5259792166266987 0.6289449954914338 0.5267785771382895 0.6316501352569882 0.5235811350919265 0.6316501352569882 0.5083932853717026 0.6298467087466186 0.49880095923261397 0.6163210099188459 0.5011990407673861 0.6154192966636609 0.5035971223021583 0.6154192966636609 0.5203836930455635 0.6172227231740307 0.5259792166266987
0 0.7944093778178539 0.6059152677857713 0.7980162308385934 0.6059152677857713 0.7993688007213706 0.6035171862509993 0.8011722272317404 0.595523581135092 0.8011722272317404 0.586730615507594 0.7980162308385934 0.5811350919264588 0.7894499549143373 0.5795363709032775 0.7862939585211903 0.5883293365307755 0.7862939585211903 0.6019184652278178 0.7944093778178539 0.6059152677857713
0 0.3137962128043282 0.3413269384492406 0.3322813345356177 0.3397282174260592 0.3327321911632101 0.3253397282174261 0.3313796212804328 0.30935251798561153 0.3300270513976556 0.3069544364508393 0.3137962128043282 0.3061550759392486 0.3119927862939585 0.30935251798561153 0.3119927862939585 0.3349320543565148 0.3137962128043282 0.3413269384492406
0 0.5027051397655545 0.6434852118305356 0.5112714156898106 0.6434852118305356 0.5162308385933273 0.6402877697841727 0.5148782687105501 0.6187050359712231 0.506311992786294 0.6171063149480416 0.5013525698827773 0.6203037569944045 0.5009017132551848 0.6370903277378098 0.5027051397655545 0.6434852118305356
0 0.6235347159603246 0.7442046362909672 0.6262398557258791 0.7474020783373301 0.6411181244364292 0.7450039968025579 0.6424706943192064 0.7410071942446044 0.6420198376916141 0.7202238209432456 0.6384129846708747 0.6994404476418865 0.6307484220018034 0.6914468425259792 0.6248872858431019 0.689048760991207 0.6212804328223626 0.6914468425259792 0.6199278629395851 0.6986410871302958 0.6203787195671777 0.7250199840127898 0.6235347159603246 0.7442046362909672
0 0.08295761947700632 0.8457234212629897 0.09738503155996393 0.8465227817745804 0.10459873760144275 0.8425259792166268 0.1036970243462579 0.8073541167066347 0.10234445446348062 0.8049560351718625 0.08656447249774572 0.8033573141486812 0.0793507664562669 0.8081534772182254 0.07980162308385934 0.8337330135891287 0.08295761947700632 0.8457234212629897
0 0.23264201983769162 0.7865707434052758 0.2344454463480613 0.7889688249400479 0.2479711451758341 0.7873701039168666 0.24932371505861137 0.7817745803357314 0.24526600541027954 0.7418065547561951 0.24211000901713256 0.7394084732214229 0.23083859332732193 0.7410071942446044 0.22993688007213708 0.7585931254996003 0.23264201983769162 0.7865707434052758
0 0.44905320108205593 0.15027977617905677 0.45852119026149685 0.15027977617905677 0.4612263300270514 0.14788169464428458 0.4612263300270514 0.13029576338928858 0.45987376014427417 0.12390087929656275 0.4558160504959423 0.12230215827338131 0.4463480613165014 0.12470023980815349 0.445897204688909 0.1366906474820144 0.44905320108205593 0.15027977617905677
0 0.7867448151487827 0.43645083932853723 0.8056807935076646 0.4356514788169465 0.8079350766456267 0.434052757793765 0.8124436429215509 0.42366107114308554 0.8119927862939585 0.4140687450039968 0.8083859332732191 0.4092725819344525 0.7962128043282236 0.4092725819344525 0.7858431018935979 0.41247002398081534 0.7853922452660055 0.4324540367705836 0.7867448151487827 0.43645083932853723
0 0.22272317403065825 0.8689048760991207 0.22813345356176737 0.8697042366107114 0.23534715960324618 0.8649080735411672 0.2357980162308386 0.8561151079136692 0.23354373309287646 0.844924060751399 0.23038773669972948 0.8425259792166268 0.21956717763751127 0.8457234212629897 0.22001803426510372 0.862509992006395 0.22272317403065825 0.8689048760991207
0 0.609107303877367 0.44604316546762596 0.6122633002705139 0.44924060751398887 0.6230838593327321 0.45003996802557955 0.6262398557258791 0.4476418864908074 0.6266907123534716 0.42286171063149486 0.6235347159603246 0.4092725819344525 0.6217312894499549 0.40687450039968026 0.6158701532912535 0.4060751398880896 0.6100090171325518 0.407673860911271 0.608205590622182 0.41167066346922465 0.6077547339945897 0.43325339728217427 0.609107303877367 0.44604316546762596
0 0.327321911632101 0.9440447641886491 0.3309287646528404 0.9464428457234213 0.3417493237150586 0.9464428457234213 0.345356176735798 0.9432454036770584 0.34490532010820557 0.9136690647482014 0.3268710550045086 0.9112709832134293 0.32461677186654647 0.915267785771383 0.32461677186654647 0.9336530775379696 0.327321911632101 0.9440447641886491
0 0.8160504959422903 0.7617905675459633 0.8246167718665464 0.762589928057554 0.827321911632101 0.7593924860111911 0.8255184851217313 0.7410071942446044 0.8137962128043282 0.7418065547561951 0.8137962128043282 0.7553956834532374 0.8160504959422903 0.7617905675459633
0 0.32326420198376915 0.8601119104716227 0.32777276825969337 0.862509992006395 0.3412984670874662 0.862509992006395 0.3417493237150586 0.8353317346123101 0.33814247069431924 0.82414068745004 0.3340847610459874 0.8177458033573143 0.3313796212804328 0.8169464428457234 0.3237150586113616 0.8177458033573143 0.3201082055906222 0.8209432454036771 0.3201082055906222 0.8473221422861711 0.32326420198376915 0.8601119104716227
0 0.45626690712353474 0.24540367705835334 0.4630297565374211 0.24460431654676262 0.4648331830477908 0.24060751398880897 0.4630297565374211 0.21902478017585933 0.45987376014427417 0.21582733812949642 0.45311091073038773 0.21742605915267785 0.45311091073038773 0.24060751398880897 0.45626690712353474 0.24540367705835334
0 0.22768259693417492 0.7114308553157473 0.23128944995491435 0.7130295763389289 0.24165915238954014 0.709832134292566 0.24391343552750228 0.7066346922462031 0.24481514878268712 0.6802557953637091 0.2430117222723174 0.6762589928057555 0.2254283137962128 0.6778577138289369 0.22452660054102797 0.6842525979216627 0.22768259693417492 0.7114308553157473
0 0.7267808836789902 0.4188649080735412 0.7312894499549144 0.42046362909672264 0.7403065825067628 0.4180655475619504 0.7412082957619477 0.39728217426059154 0.739404869251578 0.38609112709832133 0.7376014427412083 0.3836930455635492 0.7227231740306583 0.3844924060751399 0.7222723174030657 0.4012789768185452 0.7267808836789902 0.4188649080735412
0 0.602795311091073 0.3229416466826539 0.6045987376014428 0.3253397282174261 0.6194770063119928 0.32454036770583533 0.6199278629395851 0.30375699440447645 0.6172227231740307 0.2901678657074341 0.6136158701532913 0.2869704236610712 0.6018935978358882 0.2877697841726619 0.6009918845807034 0.2901678657074341 0.6014427412082958 0.31574740207833735 0.602795311091073 0.3229416466826539
0 0.4945897204688909 0.5115907274180655 0.5018034265103697 0.5123900879296562 0.5081154192966637 0.5083932853717026 0.5085662759242561 0.49720223820943243 0.506311992786294 0.4860111910471623 0.4977457168620379 0.4836131095123901 0.49368800721370604 0.486810551558753 0.49323715058611367 0.5067945643485212 0.4945897204688909 0.5115907274180655
0 0.49729486023444547 0.15267785771382894 0.5013525698827773 0.1566746602717826 0.5094679891794409 0.1566746602717826 0.5153291253381425 0.16067146282973624 0.5175834084761046 0.1510791366906475 0.5135256988277728 0.11750599520383694 0.5099188458070334 0.11510791366906475 0.4945897204688909 0.1167066346922462 0.4945897204688909 0.13509192645883294 0.49729486023444547 0.15267785771382894
0 0.6158701532912535 0.5915267785771383 0.6262398557258791 0.5947242206235012 0.6339044183949504 0.592326139088729 0.6339044183949504 0.5723421262989609 0.6325518485121732 0.5675459632294165 0.6230838593327321 0.565947242206235 0.6154192966636609 0.5691446842525979 0.6145175834084761 0.5859312549960032 0.6158701532912535 0.5915267785771383
0 0.18079350766456267 0.8992805755395684 0.18755635707844906 0.9008792965627499 0.19386834986474302 0.8984812150279777 0.19431920649233542 0.885691446842526 0.19161406672678089 0.8561151079136692 0.18935978358881875 0.8529176658673061 0.17853922452660054 0.8553157474020784 0.17808836789900812 0.8721023181454837 0.18079350766456267 0.8992805755395684
0 0.4571686203787196 0.3069544364508393 0.45897204688908927 0.31095123900879296 0.47249774571686204 0.30935251798561153 0.47610459873760147 0.3061550759392486 0.47385031559963936 0.27577937649880097 0.47024346257889993 0.2733812949640288 0.45852119026149685 0.2733812949640288 0.45536519386834984 0.27577937649880097 0.4558160504959423 0.2949640287769784 0.4571686203787196 0.3069544364508393
0 0.44274120829576197 0.82414068745004 0.4634806131650135 0.82414068745004 0.46167718665464386 0.7953637090327739 0.45987376014427417 0.7905675459632294 0.44679891794409377 0.7889688249400479 0.4409377817853923 0.7921662669864108 0.44138863841298465 0.8209432454036771 0.44274120829576197 0.82414068745004
0 0.6339044183949504 0.8393285371702638 0.6447249774571686 0.8385291766586731 0.6469792605951307 0.8321342925659473 0.6469792605951307 0.8233413269384493 0.6456266907123535 0.8033573141486812 0.6438232642019839 0.7969624300559552 0.6402164111812444 0.7937649880095924 0.6321009918845808 0.7945643485211831 0.6284941388638413 0.7961630695443646 0.6266907123534716 0.8001598721023181 0.6266907123534716 0.8281374900079936 0.6339044183949504 0.8393285371702638
0 0.496844003606853 0.15187849720223823 0.5009017132551848 0.15827338129496404 0.5045085662759243 0.17985611510791366 0.5090171325518486 0.18145483613109514 0.5157799819657348 0.17905675459632295 0.5171325518485121 0.14388489208633096 0.5139765554553652 0.11910471622701839 0.5099188458070334 0.11510791366906475 0.4945897204688909 0.11590727418065548 0.4945897204688909 0.14068745003996805 0.496844003606853 0.15187849720223823
0 0.6244364292155096 0.645083932853717 0.6257889990982868 0.6474820143884892 0.636609558160505 0.6466826538768985 0.6379621280432822 0.642685851318945 0.6379621280432822 0.6322941646682655 0.6361587015329125 0.6171063149480416 0.6343552750225429 0.6147082334132695 0.6253381424706943 0.6147082334132695 0.6226330027051398 0.6171063149480416 0.6221821460775473 0.6322941646682655 0.6244364292155096 0.645083932853717
0 0.14382326420198377 0.8968824940047961 0.15419296663660956 0.9040767386091128 0.16140667267808836 0.9016786570743406 0.16140667267808836 0.8848920863309353 0.15779981965734896 0.8760991207034373 0.1496844003606853 0.8729016786570745 0.14517583408476106 0.8800959232613909 0.1424706943192065 0.8896882494004797 0.14382326420198377 0.8968824940047961
0 0.5987376014427412 0.21662669864108713 0.6104598737601443 0.21902478017585933 0.6145175834084761 0.21502797761790568 0.6149684400360685 0.19904076738609114 0.6127141568981065 0.1894484412470024 0.6036970243462578 0.18864908073541167 0.5978358881875564 0.19104716227018384 0.5973850315599639 0.2070343725019984 0.5987376014427412 0.21662669864108713
0 0.29080252479711455 0.4132693844924061 0.3133453561767358 0.4108713029576339 0.3151487826871055 0.4084732214228617 0.3146979260595131 0.3868904876099121 0.3119927862939585 0.37729816147082335 0.2903516681695221 0.37969624300559557 0.2871956717763751 0.38529176658673064 0.28764652840396754 0.40367705835331735 0.29080252479711455 0.4132693844924061
0 0.22407574391343554 0.9168665067945644 0.23354373309287646 0.9184652278177459 0.23850315599639313 0.915267785771383 0.239404869251578 0.894484412470024 0.23760144274120829 0.8840927258193446 0.23489630297565375 0.8816946442845724 0.22272317403065825 0.8840927258193446 0.2218214607754734 0.8968824940047961 0.22407574391343554 0.9168665067945644
0 0.4454463480613165 0.08313349320543566 0.4526600541027953 0.08473221422861711 0.4580703336339044 0.0815347721822542 0.4580703336339044 0.0671462829736211 0.4558160504959423 0.05115907274180656 0.4495040577096483 0.04876099120703437 0.4431920649233544 0.05275779376498801 0.4436429215509468 0.07194244604316548 0.4454463480613165 0.08313349320543566