0 0.900360685302074 0.21183053557154277 0.9111812443642923 0.22861710631494805 0.9192966636609557 0.2302158273381295 0.9224526600541028 0.22462030375699443 0.9274120829576196 0.20623501199040767 0.9278629395852119 0.19584332533972823 0.9220018034265104 0.18465227817745802 0.9116321009918846 0.17585931254996007 0.9080252479711453 0.17665867306155078 0.9066726780883679 0.17985611510791366 0.900360685302074 0.20623501199040767 0.900360685302074 0.21183053557154277
0 0.17538322813345356 0.39648281374900085 0.178990081154193 0.39728217426059154 0.18440036068530208 0.3820943245403677 0.18394950405770966 0.37010391686650684 0.18034265103697025 0.3605115907274181 0.1650135256988278 0.34852118305355717 0.16050495942290352 0.34852118305355717 0.15419296663660956 0.3661071143085532 0.15419296663660956 0.37729816147082335 0.17538322813345356 0.39648281374900085
0 0.5924256086564473 0.2478017585931255 0.5964833183047792 0.23421262989608316 0.5955816050495942 0.2294164668265388 0.5919747520288549 0.22462030375699443 0.587917042380523 0.22302158273381298 0.5852119026149685 0.22621902478017586 0.5843101893597836 0.23101518784972022 0.584761045987376 0.24460431654676262 0.5924256086564473 0.2478017585931255
0 0.8345356176735799 0.1750599520383693 0.8444544634806133 0.18225419664268586 0.8494138863841298 0.18225419664268586 0.8539224526600542 0.16786570743405277 0.8525698827772769 0.15987210231814547 0.8458070333633905 0.1542765787370104 0.8381424706943192 0.14308553157474022 0.8349864743011722 0.14548361310951238 0.8309287646528404 0.1574740207833733 0.8309287646528404 0.16946442845723422 0.8345356176735799 0.1750599520383693
0 0.9404869251577999 0.9608313349320544 0.9386834986474301 0.9808153477218226 0.9495040577096483 0.991207034372502 0.95536519386835 0.991207034372502 0.9603246167718665 0.9656274980015987 0.9598737601442742 0.9568345323741008 0.9558160504959423 0.9408473221422862 0.9535617673579802 0.9352517985611511 0.9445446348061317 0.9304556354916067 0.9418394950405771 0.9328537170263789 0.9386834986474301 0.9424460431654678 0.9368800721370605 0.9496402877697842 0.9404869251577999 0.9608313349320544
0 0.806131650135257 0.24860111910471622 0.824165915238954 0.2565947242206235 0.8277727682596934 0.25259792166266987 0.8313796212804329 0.24380495603517185 0.8318304779080252 0.2334132693844924 0.8295761947700632 0.2294164668265388 0.8178539224526601 0.21342925659472425 0.8101893597835889 0.20783373301358915 0.8070333633904418 0.20623501199040767 0.8038773669972948 0.21023181454836132 0.7989179440937783 0.2238209432454037 0.7984670874661858 0.23741007194244604 0.806131650135257 0.24860111910471622
0 0.5216411181244364 0.9992006394884093 0.5559062218214608 0.9992006394884093 0.5554553651938684 0.9944044764188649 0.5396753832281335 0.9840127897681855 0.5338142470694319 0.973621103117506 0.5279531109107304 0.9688249400479617 0.5225428313796213 0.9688249400479617 0.5202885482416592 0.973621103117506 0.5198376916140668 0.9864108713029576 0.5216411181244364 0.9992006394884093
0 0.032461677186654644 0.8649080735411672 0.03967538322813345 0.8665067945643485 0.04328223624887286 0.8585131894484412 0.043733092876465283 0.8489208633093526 0.03922452660054102 0.8409272581934453 0.028403967538322816 0.8353317346123101 0.022993688007213707 0.841726618705036 0.02164111812443643 0.8521183053557154 0.032461677186654644 0.8649080735411672
0 0.41027953110910736 0.64828137490008 0.4147880973850316 0.64828137490008 0.42110009017132555 0.6227018385291766 0.4188458070333634 0.6163069544364509 0.4138863841298467 0.6123101518784972 0.40667267808836793 0.6083133493205436 0.40171325518485124 0.6083133493205436 0.3999098286744815 0.6099120703437251 0.3967538322813345 0.6235011990407675 0.39720468890892696 0.6338928856914469 0.41027953110910736 0.64828137490008
0 0.24571686203787196 0.4596322941646683 0.2655545536519387 0.47641886490807356 0.26916140667267807 0.4772182254196643 0.27051397655545534 0.4612310151878497 0.2673579801623084 0.4524380495603517 0.24887285843101895 0.43804956035171866 0.24616771866546439 0.4396482813749001 0.24391343552750228 0.44604316546762596 0.24346257889990983 0.45643485211830537 0.24571686203787196 0.4596322941646683
0 0.48467087466185754 0.7130295763389289 0.49504057709648336 0.7226219024780176 0.5 0.7242206235011991 0.5049594229035167 0.7138289368505196 0.5085662759242561 0.695443645083933 0.5076645626690712 0.6914468425259792 0.5009017132551848 0.6866506794564349 0.4945897204688909 0.6770583533173462 0.49098286744815145 0.6762589928057555 0.48737601442741213 0.6810551558752997 0.4837691614066727 0.6986410871302958 0.4833183047790803 0.709832134292566 0.48467087466185754 0.7130295763389289
0 0.9012623985572588 0.8896882494004797 0.9102795311091073 0.8968824940047961 0.9165915238954013 0.897681854516387 0.9224526600541028 0.8912869704236611 0.9260595130748422 0.8776978417266187 0.9265103697024346 0.8641087130295764 0.9242560865644726 0.8577138289368506 0.9183949504057709 0.850519584332534 0.9075743913435527 0.8433253397282174 0.9039675383228134 0.8481215027977619 0.9026149684400361 0.8609112709832134 0.8981064021641119 0.876898481215028 0.8976555455365194 0.8800959232613909 0.9012623985572588 0.8896882494004797
0 0.7177637511271415 0.39488409272581937 0.7272317403065826 0.39728217426059154 0.733092876465284 0.37809752198241414 0.7267808836789902 0.36850519584332536 0.7204688908926962 0.3677058353317346 0.7186654643823265 0.37010391686650684 0.715960324616772 0.3836930455635492 0.7155094679891795 0.390087929656275 0.7177637511271415 0.39488409272581937
0 0.872858431018936 0.5467625899280576 0.8868349864743011 0.5571542765787371 0.8899909828674482 0.5563549160671463 0.8949504057709649 0.5331734612310152 0.89404869251578 0.521982414068745 0.8922452660054103 0.5179856115107914 0.8841298467087467 0.5107913669064749 0.8796212804328223 0.5107913669064749 0.8746618575293057 0.5187849720223822 0.871956717763751 0.5291766586730615 0.8710550045085662 0.5403677058353318 0.872858431018936 0.5467625899280576
0 0.2236248872858431 0.35171862509992013 0.23760144274120829 0.36370903277378097 0.2412082957619477 0.3605115907274181 0.24436429215509467 0.3477218225419665 0.2407574391343553 0.3333333333333333 0.22723174030658252 0.32214228617106316 0.2236248872858431 0.3261390887290168 0.22272317403065825 0.3309352517985612 0.22227231740306583 0.34852118305355717 0.2236248872858431 0.35171862509992013
0 0.9404869251577999 0.9144684252597922 0.9531109107303878 0.9264588329336532 0.9603246167718665 0.9272581934452439 0.963931469792606 0.9160671462829737 0.9643823264201984 0.906474820143885 0.9526600541027953 0.885691446842526 0.9431920649233544 0.885691446842526 0.9386834986474301 0.9000799360511591 0.9382326420198377 0.9072741806554757 0.9404869251577999 0.9144684252597922
0 0.28268710550045084 0.8729016786570745 0.2966636609558161 0.8872901678657075 0.3011722272317403 0.8888888888888888 0.3034265103697024 0.8864908073541167 0.30387736699729484 0.8816946442845724 0.29981965734896304 0.8721023181454837 0.28809738503155996 0.862509992006395 0.29080252479711455 0.8553157474020784 0.2862939585211903 0.8553157474020784 0.28043282236248873 0.8641087130295764 0.2799819657348963 0.8665067945643485 0.28268710550045084 0.8729016786570745
0 0.6127141568981065 0.9040767386091128 0.6248872858431019 0.915267785771383 0.630297565374211 0.9232613908872902 0.6375112714156899 0.9256594724220625 0.6406672678088369 0.9176658673061552 0.6406672678088369 0.9144684252597922 0.6370604147880974 0.9072741806554757 0.6230838593327321 0.894484412470024 0.6131650135256989 0.8920863309352519 0.611361587015329 0.8960831334932055 0.6109107303877367 0.9000799360511591 0.6127141568981065 0.9040767386091128
0 0.030658250676284943 0.9248601119104717 0.03967538322813345 0.9320543565147882 0.04328223624887286 0.9320543565147882 0.044634806131650134 0.929656274980016 0.04869251577998197 0.915267785771383 0.04733994589720469 0.906474820143885 0.033363390441839495 0.8920863309352519 0.029756537421100092 0.8928856914468426 0.025247971145175834 0.906474820143885 0.025247971145175834 0.9168665067945644 0.030658250676284943 0.9248601119104717
0 0.3976555455365194 0.45163868904876103 0.4075743913435528 0.46203037569944044 0.41118124436429215 0.4612310151878497 0.4138863841298467 0.4556354916067146 0.41343552750225426 0.45163868904876103 0.40171325518485124 0.4396482813749001 0.3944995491433724 0.4348521183053557 0.3904418394950406 0.4356514788169465 0.3904418394950406 0.44924060751398887 0.3976555455365194 0.45163868904876103
0 0.25293056807935077 0.9056754596322941 0.2583408476104599 0.9024780175859313 0.2633002705139766 0.8872901678657075 0.26194770063119927 0.8792965627498002 0.25428313796212804 0.8721023181454837 0.24752028854824168 0.8601119104716227 0.24346257889990983 0.8617106314948043 0.23895401262398558 0.8784972022382095 0.23895401262398558 0.8904876099120704 0.25293056807935077 0.9056754596322941
0 0.3525698827772768 0.5899280575539568 0.35527502254283133 0.5939248601119105 0.36158701532912535 0.5947242206235012 0.3660955816050496 0.6003197442046363 0.369702434625789 0.595523581135092 0.37330928764652843 0.5835331734612311 0.37691614066726786 0.5611510791366906 0.3701532912533814 0.5515587529976019 0.35933273219116324 0.5491606714628298 0.3557258791704238 0.5555555555555556 0.351668169522092 0.5739408473221423 0.35121731289449953 0.5851318944844125 0.3525698827772768 0.5899280575539568
0 0.9729486023444545 0.15987210231814547 0.9733994589720468 0.16786570743405277 0.9815148782687105 0.17266187050359713 0.9891794409377818 0.16067146282973624 0.9905320108205591 0.15347721822541965 0.9900811541929667 0.14388489208633096 0.9846708746618575 0.1366906474820144 0.9819657348963029 0.13589128697042366 0.9774571686203787 0.1366906474820144 0.9756537421100091 0.14228617106314947 0.9738503155996393 0.1398880895283773 0.9756537421100091 0.14388489208633096 0.9729486023444545 0.15987210231814547
0 0.5788999098286746 0.18625099920063948 0.5906221821460775 0.19664268585131894 0.5951307484220018 0.19424460431654678 0.5987376014427412 0.18225419664268586 0.5951307484220018 0.17346123101518784 0.5834084761045988 0.16386890487609912 0.5811541929666366 0.16386890487609912 0.5770964833183048 0.17426059152677859 0.5766456266907123 0.18145483613109514 0.5788999098286746 0.18625099920063948
0 0.39404869251577995 0.4676258992805756 0.4008115419296664 0.4756195043964829 0.4044183949504058 0.4772182254196643 0.4075743913435528 0.4748201438848921 0.40892696122633004 0.4708233413269384 0.40802524797114514 0.4636290967226219 0.4008115419296664 0.4596322941646683 0.39224526600541026 0.44844124700239807 0.3868349864743012 0.45003996802557955 0.38458070333633904 0.4556354916067146 0.38458070333633904 0.46282973621103124 0.39404869251577995 0.4676258992805756
0 0.35843101893597834 0.4572342126298961 0.369702434625789 0.47002398081534774 0.37240757439134353 0.47002398081534774 0.37691614066726786 0.4612310151878497 0.3818755635707845 0.42845723421262993 0.3701532912533814 0.41486810551558756 0.3660955816050496 0.41486810551558756 0.35978358881875566 0.4324540367705836 0.35617673579801623 0.44844124700239807 0.3557258791704238 0.4524380495603517 0.35843101893597834 0.4572342126298961
0 0.17989179440937783 0.4636290967226219 0.19251577998196576 0.47641886490807356 0.19612263300270513 0.4772182254196643 0.19927862939585214 0.4716227018385292 0.20288548241659152 0.45803357314148685 0.20018034265103696 0.44924060751398887 0.19296663660955815 0.43884892086330934 0.18575293056807937 0.43325339728217427 0.18214607754733994 0.4372501998401279 0.17989179440937783 0.4476418864908074 0.17853922452660054 0.4588329336530776 0.17989179440937783 0.4636290967226219
0 0.8904418394950405 0.32773780975219824 0.9008115419296664 0.33573141486810554 0.9089269612263301 0.32933653077537967 0.9129846708746618 0.31015187849720227 0.9125338142470695 0.3045563549160672 0.9089269612263301 0.29896083133493206 0.8949504057709649 0.2885691446842526 0.8895401262398558 0.29176658673061556 0.8872858431018936 0.3045563549160672 0.8877366997294861 0.3229416466826539 0.8904418394950405 0.32773780975219824
0 0.6131650135256989 0.7066346922462031 0.6339044183949504 0.7258193445243806 0.6402164111812444 0.7266187050359713 0.6447249774571686 0.7146282973621104 0.6451758340847611 0.6930455635491607 0.6194770063119928 0.6674660271782575 0.6163210099188459 0.6714628297362111 0.6122633002705139 0.6882494004796164 0.6118124436429215 0.7034372501998403 0.6131650135256989 0.7066346922462031
0 0.5671776375112715 0.8313349320543566 0.5766456266907123 0.8441247002398081 0.5915238954012624 0.8577138289368506 0.5982867448151488 0.862509992006395 0.6005410279531108 0.8617106314948043 0.60595130748422 0.8481215027977619 0.6064021641118125 0.8377298161470824 0.602795311091073 0.8297362110311751 0.5825067628494138 0.8121502797761792 0.5739404869251578 0.800959232613909 0.5676284941388638 0.8017585931254997 0.5644724977457168 0.8145483613109513 0.5640216411181245 0.8225419664268585 0.5671776375112715 0.8313349320543566
0 0.8002705139765555 0.5987210231814549 0.827321911632101 0.6235011990407675 0.8313796212804329 0.6227018385291766 0.8354373309287646 0.6123101518784972 0.8363390441839494 0.5931254996003198 0.8282236248872858 0.5803357314148682 0.8097385031559965 0.5699440447641887 0.80297565374211 0.5771382893685052 0.7993688007213706 0.5891286970423661 0.7989179440937783 0.5947242206235012 0.8002705139765555 0.5987210231814549
0 0.7015329125338142 0.31734612310151883 0.703336339044184 0.3205435651478817 0.7407574391343553 0.354916067146283 0.7452660054102795 0.35171862509992013 0.7488728584310189 0.33892885691446845 0.7479711451758341 0.32933653077537967 0.7254283137962128 0.31254996003197444 0.7100991884580703 0.28617106314948043 0.7046889089269612 0.2821742605915268 0.7024346257889991 0.28377298161470826 0.703336339044184 0.30055955235811355 0.7015329125338142 0.31734612310151883
0 0.7569882777276826 0.390087929656275 0.7646528403967539 0.3980815347721823 0.7705139765554554 0.4012789768185452 0.7736699729486024 0.4004796163069545 0.7772768259693417 0.3908872901678657 0.7759242560865645 0.3749000799360512 0.770063119927863 0.36850519584332536 0.75834084761046 0.3645083932853717 0.7556357078449053 0.36930455635491605 0.7569882777276826 0.390087929656275
0 0.6208295761947701 0.9704236610711432 0.6275924256086564 0.9712230215827339 0.6307484220018034 0.9664268585131894 0.6307484220018034 0.9552358113509193 0.6230838593327321 0.9488409272581935 0.6158701532912535 0.947242206235012 0.6127141568981065 0.9584332533972821 0.6122633002705139 0.9632294164668266 0.6208295761947701 0.9704236610711432
0 0.9697926059513075 0.6562749800159873 0.9765554553651938 0.6610711430855316 0.9810640216411182 0.6610711430855316 0.9842200180342651 0.6546762589928058 0.9855725879170424 0.6474820143884892 0.9833183047790803 0.6434852118305356 0.9756537421100091 0.6370903277378098 0.9675383228133454 0.6370903277378098 0.9666366095581606 0.6490807354116707 0.9697926059513075 0.6562749800159873
0 0.8228133453561768 0.5739408473221423 0.8331830477908025 0.5859312549960032 0.8385933273219116 0.5891286970423661 0.8422001803426511 0.586730615507594 0.8489630297565375 0.5707434052757794 0.8525698827772769 0.5563549160671463 0.8530207394048693 0.5467625899280576 0.8489630297565375 0.5379696243005596 0.8422001803426511 0.5315747402078338 0.8277727682596934 0.525179856115108 0.8205590622182147 0.5491606714628298 0.8201082055906221 0.5603517186250999 0.8228133453561768 0.5739408473221423