0 0.19972948602344456 0.8657074340527579 0.20829576194770064 0.8657074340527579 0.21055004508566277 0.862509992006395 0.2096483318304779 0.853717026378897 0.20694319206492334 0.8521183053557154 0.19927862939585214 0.8529176658673061 0.19657348963029758 0.8569144684252599 0.19657348963029758 0.8633093525179857 0.19972948602344456 0.8657074340527579
0 0.1650135256988278 0.82414068745004 0.1740306582506763 0.8257394084732215 0.17673579801623085 0.8233413269384493 0.1762849413886384 0.8105515587529977 0.1740306582506763 0.8033573141486812 0.16636609558160506 0.8025579536370904 0.16275924256086563 0.8057553956834532 0.16230838593327324 0.8145483613109513 0.1650135256988278 0.82414068745004
0 0.18214607754733994 0.8481215027977619 0.19477006311992787 0.8481215027977619 0.19837691614066724 0.8465227817745804 0.20018034265103696 0.841726618705036 0.19837691614066724 0.8281374900079936 0.1956717763751127 0.8225419664268585 0.1812443642921551 0.82414068745004 0.17853922452660054 0.827338129496403 0.178990081154193 0.8401278976818546 0.18214607754733994 0.8481215027977619
0 0.669522091974752 0.22541966426858515 0.6830477908025249 0.2278177458033573 0.6889089269612263 0.2278177458033573 0.6898106402164111 0.22541966426858515 0.6898106402164111 0.21582733812949642 0.6880072137060416 0.21103117505995203 0.6717763751127143 0.2070343725019984 0.6681695220919748 0.20863309352517986 0.6677186654643824 0.22062350119904078 0.669522091974752 0.22541966426858515
0 0.04508566275924256 0.442845723421263 0.06537421100090171 0.44924060751398887 0.07303877366997295 0.44924060751398887 0.0739404869251578 0.44604316546762596 0.07123534715960325 0.43804956035171866 0.046889089269612265 0.43005595523581136 0.04283137962128043 0.43165467625899284 0.04192966636609558 0.43804956035171866 0.04508566275924256 0.442845723421263
0 0.9923354373309288 0.25099920063948844 0.9945897204688909 0.2533972821742606 0.9995491433724076 0.25259792166266987 0.9995491433724076 0.20543565147881696 0.9945897204688909 0.2030375699440448 0.9923354373309288 0.20623501199040767 0.9914337240757439 0.2126298960831335 0.9909828674481516 0.23501199040767387 0.9923354373309288 0.25099920063948844
0 0.9995491433724076 0.6914468425259792 0.9995491433724076 0.6554756195043965 0.9945897204688909 0.6562749800159873 0.9941388638412986 0.6626698641087131 0.993688007213706 0.6898481215027978 0.9995491433724076 0.6914468425259792
0 0.5207394048692516 0.3133493205435652 0.5338142470694319 0.31095123900879296 0.5401262398557259 0.3053557154276579 0.542380522993688 0.29576338928856916 0.542380522993688 0.2869704236610712 0.5396753832281335 0.2701838529176659 0.5184851217312895 0.26458832933653076 0.5153291253381425 0.27098321342925663 0.5153291253381425 0.293365307753797 0.5207394048692516 0.3133493205435652
0 0.9075743913435527 0.9784172661870505 0.9138863841298467 0.9776179056754596 0.9179440937781785 0.9808153477218226 0.9247069431920649 0.9800159872102319 0.926961226330027 0.9712230215827339 0.9265103697024346 0.9440447641886491 0.9229035166816953 0.9408473221422862 0.9107303877366997 0.9392486011191048 0.9075743913435527 0.9408473221422862 0.9062218214607755 0.9456434852118306 0.9062218214607755 0.9760191846522782 0.9075743913435527 0.9784172661870505
0 0.32146077547339946 0.818545163868905 0.33949504057709645 0.8169464428457234 0.34445446348061315 0.8137490007993605 0.3431018935978359 0.7985611510791367 0.3412984670874662 0.7937649880095924 0.32551848512173126 0.7937649880095924 0.31875563570784493 0.7969624300559552 0.31875563570784493 0.8121502797761792 0.32146077547339946 0.818545163868905
0 0.15554553651938682 0.8033573141486812 0.1568981064021641 0.800959232613909 0.15599639314697925 0.7769784172661871 0.15419296663660956 0.7745803357314149 0.14743011722272317 0.7745803357314149 0.14562669071235346 0.7785771382893686 0.14697926059513075 0.8033573141486812 0.15554553651938682 0.8033573141486812
0 0.15058611361587015 0.8481215027977619 0.1582506762849414 0.8481215027977619 0.16140667267808836 0.844924060751399 0.16095581605049597 0.8305355715427658 0.1582506762849414 0.82414068745004 0.14743011722272317 0.8257394084732215 0.14743011722272317 0.8409272581934453 0.15058611361587015 0.8481215027977619
0 0.2844905320108206 0.29896083133493206 0.30613165013525695 0.30295763389288566 0.3128944995491434 0.30295763389288566 0.3151487826871055 0.2997601918465228 0.31424706943192066 0.27817745803357313 0.2984670874661858 0.2717825739408473 0.28584310189359785 0.2717825739408473 0.28313796212804326 0.27577937649880097 0.28268710550045084 0.2797761790567546 0.2822362488728584 0.2965627498001599 0.2844905320108206 0.29896083133493206
0 0.17853922452660054 0.8137490007993605 0.20288548241659152 0.8137490007993605 0.2037871956717764 0.7865707434052758 0.2006311992786294 0.78017585931255 0.18394950405770966 0.7769784172661871 0.178990081154193 0.7769784172661871 0.17718665464382327 0.7793764988009593 0.17673579801623085 0.8049560351718625 0.17853922452660054 0.8137490007993605
0 0.3814247069431921 0.8105515587529977 0.39089269612263305 0.8121502797761792 0.39224526600541026 0.8025579536370904 0.38954012623985573 0.7785771382893686 0.38818755635707847 0.7753796962430056 0.3841298467087466 0.7737809752198243 0.3796212804328224 0.7761790567545964 0.37917042380523 0.7873701039168666 0.3814247069431921 0.8105515587529977
0 0.9206492335437331 0.7897681854516387 0.9382326420198377 0.7937649880095924 0.9458972046889089 0.7937649880095924 0.9495040577096483 0.7897681854516387 0.9477006311992787 0.7681854516386891 0.9418394950405771 0.7561950439648283 0.9224526600541028 0.748201438848921 0.9183949504057709 0.7490007993605117 0.9174932371505862 0.7553956834532374 0.9170423805229937 0.7793764988009593 0.9206492335437331 0.7897681854516387
0 0.029305680793507663 0.806554756195044 0.031559963931469794 0.8145483613109513 0.03787195671776375 0.818545163868905 0.07168620378719567 0.8137490007993605 0.08881875563570783 0.8145483613109513 0.09062218214607755 0.8081534772182254 0.08972046889089269 0.7857713828936851 0.08521190261496844 0.7825739408473221 0.07303877366997295 0.7833733013589129 0.043733092876465283 0.7921662669864108 0.0351668169522092 0.7913669064748201 0.032461677186654644 0.7945643485211831 0.032461677186654644 0.8001598721023181 0.029305680793507663 0.806554756195044
0 0.8268710550045085 0.9640287769784173 0.8385933273219116 0.9640287769784173 0.8412984670874663 0.9608313349320544 0.8417493237150586 0.9288569144684253 0.8376916140667268 0.9256594724220625 0.8291253381424708 0.9248601119104717 0.824165915238954 0.9272581934452439 0.8214607754733995 0.9344524380495605 0.8214607754733995 0.9608313349320544 0.8268710550045085 0.9640287769784173
0 0.2060414788097385 0.7961630695443646 0.218214607754734 0.7969624300559552 0.2236248872858431 0.7921662669864108 0.2236248872858431 0.7817745803357314 0.22001803426510372 0.771382893685052 0.2091974752028855 0.7721822541966427 0.2037871956717764 0.7761790567545964 0.20423805229936878 0.7929656274980017 0.2060414788097385 0.7961630695443646
0 0.045987376014427414 0.4260591526778577 0.06627592425608657 0.4324540367705836 0.07123534715960325 0.4324540367705836 0.07258791704238053 0.43005595523581136 0.07258791704238053 0.4244604316546763 0.07078449053201082 0.42046362909672264 0.05275022542831379 0.41486810551558756 0.045536519386834985 0.416466826538769 0.044634806131650134 0.42366107114308554 0.045987376014427414 0.4260591526778577
0 0.22227231740306583 0.8313349320543566 0.22227231740306583 0.8249400479616307 0.22046889089269614 0.8217426059152678 0.21055004508566277 0.8217426059152678 0.21055004508566277 0.8337330135891287 0.22227231740306583 0.8313349320543566
0 0.8566275924256087 0.03916866506794565 0.8575293056807936 0.05675459632294165 0.8615870153291254 0.059952038369304565 0.8742110009017132 0.0583533173461231 0.8769161406672679 0.05355715427657874 0.8778178539224527 0.03597122302158274 0.8769161406672679 0.003996802557953637 0.8751127141568981 0 0.8597835888187556 0 0.8584310189359784 0.00639488409272582 0.8584310189359784 0.02557953637090328 0.8566275924256087 0.03916866506794565
0 0.3624887285843102 0.8425259792166268 0.39089269612263305 0.8385291766586731 0.39314697926059516 0.8345323741007195 0.3904418394950406 0.815347721822542 0.3651938683498648 0.8161470823341327 0.35978358881875566 0.8209432454036771 0.35933273219116324 0.8321342925659473 0.3624887285843102 0.8425259792166268
0 0.6136158701532913 0.748201438848921 0.6158701532912535 0.7513988808952838 0.6348061316501352 0.7513988808952838 0.6388638412984671 0.7474020783373301 0.6388638412984671 0.7410071942446044 0.6370604147880974 0.7378097521982414 0.6149684400360685 0.7394084732214229 0.6136158701532913 0.7418065547561951 0.6136158701532913 0.748201438848921
0 0.4247069431920649 0.3333333333333333 0.43192064923354373 0.33573141486810554 0.4409377817853923 0.3349320543565148 0.44274120829576197 0.3309352517985612 0.4431920649233544 0.31734612310151883 0.44274120829576197 0.302158273381295 0.44138863841298465 0.2973621103117506 0.4355275022542831 0.29416466826538773 0.42831379621280435 0.2949640287769784 0.42515779981965734 0.2965627498001599 0.42335437330928766 0.30135891286970423 0.42290351668169524 0.3213429256594725 0.4247069431920649 0.3333333333333333
0 0.20108205590622183 0.8497202238209433 0.21055004508566277 0.850519584332534 0.21280432822362488 0.8457234212629897 0.21009918845807032 0.8385291766586731 0.20243462578899912 0.8385291766586731 0.19927862939585214 0.841726618705036 0.1988277727682597 0.8457234212629897 0.20108205590622183 0.8497202238209433
0 0.3440036068530208 0.7993605115907274 0.34490532010820557 0.8121502797761792 0.35978358881875566 0.8113509192645884 0.3642921550946799 0.8073541167066347 0.3633904418394951 0.7937649880095924 0.3602344454463481 0.7865707434052758 0.3440036068530208 0.7897681854516387 0.34220018034265104 0.7937649880095924 0.3440036068530208 0.7993605115907274
0 0.3692515779981966 0.815347721822542 0.37601442741208296 0.8129496402877698 0.37736699729486023 0.809752198241407 0.37330928764652843 0.7777777777777778 0.366546438232642 0.7761790567545964 0.36384129846708746 0.7793764988009593 0.3656447249774572 0.8121502797761792 0.3692515779981966 0.815347721822542
0 0.49098286744815145 0.2334132693844924 0.5135256988277728 0.2358113509192646 0.5175834084761046 0.23261390887290168 0.5184851217312895 0.19904076738609114 0.5166816952209198 0.19424460431654678 0.49008115419296666 0.18864908073541167 0.48692515779981965 0.19584332533972823 0.48647430117222723 0.22062350119904078 0.49098286744815145 0.2334132693844924
0 0.16411181244364292 0.8049560351718625 0.1704238052299369 0.800959232613909 0.16816952209197475 0.7769784172661871 0.16591523895401264 0.7745803357314149 0.16050495942290352 0.7745803357314149 0.1582506762849414 0.7769784172661871 0.15960324616771868 0.7993605115907274 0.16411181244364292 0.8049560351718625
0 0.22046889089269614 0.8145483613109513 0.22227231740306583 0.8113509192645884 0.22091974752028853 0.8025579536370904 0.21009918845807032 0.8025579536370904 0.2096483318304779 0.8137490007993605 0.22046889089269614 0.8145483613109513
0 0.5419296663660956 0.24940047961630699 0.5527502254283138 0.25259792166266987 0.5577096483318305 0.24940047961630699 0.5581605049594229 0.2302158273381295 0.5568079350766456 0.22541966426858515 0.5428313796212805 0.22462030375699443 0.5410279531109107 0.2302158273381295 0.5405770964833183 0.24620303756994405 0.5419296663660956 0.24940047961630699
0 0.6433724075743913 0.7402078337330137 0.6501352569882777 0.7410071942446044 0.7055906221821461 0.7274180655475619 0.7073940486925159 0.7242206235011991 0.7073940486925159 0.7170263788968825 0.7037871956717764 0.7058353317346123 0.6988277727682598 0.7058353317346123 0.6541929666366095 0.7162270183852918 0.6424706943192064 0.7234212629896084 0.6420198376916141 0.7346123101518786 0.6433724075743913 0.7402078337330137
0 0.36158701532912535 0.841726618705036 0.369702434625789 0.8425259792166268 0.37376014427412085 0.8401278976818546 0.37330928764652843 0.8209432454036771 0.3719567177637511 0.8177458033573143 0.3629395852119026 0.8169464428457234 0.35933273219116324 0.8225419664268585 0.35933273219116324 0.832933653077538 0.36158701532912535 0.841726618705036
0 0.5504959422903517 0.17346123101518784 0.5644724977457168 0.17346123101518784 0.5658250676284942 0.16147082334132695 0.5631199278629396 0.1510791366906475 0.5545536519386834 0.1486810551558753 0.5495942290351669 0.15027977617905677 0.548692515779982 0.16386890487609912 0.5504959422903517 0.17346123101518784
0 0.12398557258791705 0.8729016786570745 0.13660955816050496 0.8737010391686652 0.14156898106402163 0.8705035971223022 0.1406672678088368 0.8401278976818546 0.13841298467087468 0.8281374900079936 0.13660955816050496 0.8249400479616307 0.13300270513976556 0.8249400479616307 0.12398557258791705 0.827338129496403 0.12082957619477007 0.8305355715427658 0.12082957619477007 0.8473221422861711 0.12398557258791705 0.8729016786570745
0 0.9945897204688909 0.9864108713029576 0.9995491433724076 0.9840127897681855 0.9995491433724076 0.9600319744204637 0.9905320108205591 0.9576338928856915 0.9882777276825969 0.959232613908873 0.9873760144274121 0.9640287769784173 0.9878268710550046 0.9848121502797762 0.9945897204688909 0.9864108713029576
0 0.611361587015329 0.7202238209432456 0.6131650135256989 0.7290167865707434 0.6199278629395851 0.7306155075939249 0.6266907123534716 0.7274180655475619 0.6257889990982868 0.7122302158273383 0.623985572587917 0.7066346922462031 0.6127141568981065 0.7066346922462031 0.611361587015329 0.7090327737809753 0.611361587015329 0.7202238209432456
0 0.608205590622182 0.3181454836131095 0.6055004508566276 0.32773780975219824 0.6055004508566276 0.33573141486810554 0.609107303877367 0.3445243804956035 0.627141568981064 0.34532374100719426 0.6311992786293958 0.3413269384492406 0.6339044183949504 0.32693844924060755 0.6483318304779081 0.3261390887290168 0.6510369702434625 0.32214228617106316 0.6505861136158702 0.27737809752198245 0.6474301172227231 0.2829736211031175 0.6127141568981065 0.2789768185451639 0.6095581605049595 0.2813749000799361 0.608205590622182 0.2853717026378897 0.6086564472497746 0.31015187849720227 0.608205590622182 0.3181454836131095
0 0.560414788097385 0.3469224620303757 0.5680793507664563 0.3493205435651479 0.5779981965734896 0.3469224620303757 0.5784490532010821 0.32693844924060755 0.5752930568079351 0.31734612310151883 0.5613165013525699 0.3165467625899281 0.5586113615870153 0.3253397282174261 0.5586113615870153 0.3405275779376499 0.560414788097385 0.3469224620303757
0 0.954463480613165 0.3061550759392486 0.9724977457168621 0.3085531574740208 0.9792605951307485 0.3069544364508393 0.9797114517583408 0.293365307753797 0.9779080252479712 0.2853717026378897 0.9711451758340848 0.2805755395683453 0.9625788999098286 0.2821742605915268 0.9535617673579802 0.27817745803357313 0.9526600541027953 0.2981614708233413 0.954463480613165 0.3061550759392486
0 0.8872858431018936 0.8920863309352519 0.9021641118124436 0.8936850519584333 0.9048692515779982 0.8896882494004797 0.9044183949504058 0.8760991207034373 0.8895401262398558 0.8752997601918465 0.8868349864743011 0.8760991207034373 0.8859332732191163 0.8792965627498002 0.8859332732191163 0.8896882494004797 0.8872858431018936 0.8920863309352519
0 0.6780883678990081 0.7737809752198243 0.6925157799819658 0.7737809752198243 0.7069431920649234 0.7689848121502798 0.706492335437331 0.7561950439648283 0.7037871956717764 0.7505995203836932 0.6681695220919748 0.7545963229416467 0.6681695220919748 0.7641886490807354 0.6780883678990081 0.7737809752198243
0 0.46934174932371503 0.3317346123101519 0.47339945897204694 0.33892885691446845 0.506311992786294 0.3429256594724221 0.5103697024346258 0.34212629896083135 0.5121731289449956 0.33892885691446845 0.5112714156898106 0.3165467625899281 0.5085662759242561 0.3061550759392486 0.4945897204688909 0.3061550759392486 0.4882777276825969 0.29896083133493206 0.47790802524797116 0.2965627498001599 0.47249774571686204 0.2981614708233413 0.47024346257889993 0.30375699440447645 0.4688908926961226 0.3133493205435652 0.46934174932371503 0.3317346123101519
0 0.4806131650135257 0.7817745803357314 0.4824165915238954 0.7833733013589129 0.5270513976555455 0.78017585931255 0.5342651036970244 0.7785771382893686 0.5369702434625789 0.7745803357314149 0.5360685302073941 0.7474020783373301 0.5329125338142471 0.7402078337330137 0.5121731289449956 0.7378097521982414 0.48782687105500455 0.7426059152677859 0.4806131650135257 0.7402078337330137 0.4765554553651939 0.7450039968025579 0.47700631199278626 0.7649880095923263 0.4806131650135257 0.7817745803357314
0 0.5202885482416592 0.24380495603517185 0.5261496844003607 0.2470023980815348 0.5338142470694319 0.24620303756994405 0.5369702434625789 0.2214228617106315 0.5365193868349865 0.2070343725019984 0.5338142470694319 0.19584332533972823 0.5302073940486925 0.19264588329336532 0.5225428313796213 0.19424460431654678 0.5193868349864743 0.20543565147881696 0.5189359783588818 0.23820943245403678 0.5202885482416592 0.24380495603517185
0 0.46934174932371503 0.3317346123101519 0.47069431920649235 0.3253397282174261 0.46934174932371503 0.3069544364508393 0.4526600541027953 0.3061550759392486 0.45130748422001804 0.30935251798561153 0.4522091974752029 0.3309352517985612 0.46934174932371503 0.3317346123101519
0 0.37601442741208296 0.8401278976818546 0.3904418394950406 0.8385291766586731 0.39314697926059516 0.8353317346123101 0.39224526600541026 0.8217426059152678 0.3904418394950406 0.815347721822542 0.37781785392245265 0.815347721822542 0.37376014427412085 0.818545163868905 0.3742110009017133 0.8361310951239008 0.37601442741208296 0.8401278976818546
0 0.8985572587917042 0.30375699440447645 0.9292155094679891 0.3069544364508393 0.9323715058611362 0.2981614708233413 0.9319206492335438 0.28617106314948043 0.9283137962128044 0.2813749000799361 0.9229035166816953 0.2789768185451639 0.8999098286744815 0.2765787370103917 0.897204688908927 0.28377298161470826 0.8963029756537422 0.30055955235811355 0.8985572587917042 0.30375699440447645
0 0.26194770063119927 0.7226219024780176 0.27908025247971147 0.7274180655475619 0.2889990982867448 0.7274180655475619 0.3011722272317403 0.7234212629896084 0.3065825067628494 0.7170263788968825 0.30522993688007216 0.6818545163868905 0.3020739404869252 0.6754596322941646 0.25924256086564473 0.6850519584332534 0.2587917042380523 0.709832134292566 0.26194770063119927 0.7226219024780176
0 0.5617673579801623 0.019184652278177457 0.563570784490532 0.023980815347721826 0.5743913435527502 0.02717825739408473 0.5928764652840397 0.02717825739408473 0.5960324616771866 0.02158273381294964 0.5969341749323716 0 0.5631199278629396 0 0.5617673579801623 0.004796163069544364 0.5617673579801623 0.019184652278177457
0 0.9959422903516681 0.7577937649880097 0.9972948602344455 0.762589928057554 0.9995491433724076 0.7641886490807354 0.9995491433724076 0.7306155075939249 0.996844003606853 0.7314148681055157 0.9954914337240758 0.7338129496402878 0.9959422903516681 0.7577937649880097
0 0.7826871055004508 0.9112709832134293 0.8025247971145176 0.9112709832134293 0.8034265103697025 0.8864908073541167 0.8016230838593328 0.8800959232613909 0.7822362488728585 0.8792965627498002 0.7795311091073039 0.8832933653077538 0.7790802524797115 0.9000799360511591 0.7826871055004508 0.9112709832134293
0 0.3043282236248873 0.8513189448441247 0.3146979260595131 0.8521183053557154 0.3223624887285843 0.8489208633093526 0.32281334535617673 0.832933653077538 0.32100991884580704 0.8257394084732215 0.31154192966636607 0.8249400479616307 0.30252479711451763 0.8289368505195844 0.30252479711451763 0.844924060751399 0.3043282236248873 0.8513189448441247