0 0.8872858431018936 0.49000799360511593 0.8935978358881875 0.4908073541167067 0.900360685302074 0.495603517186251 0.9044183949504058 0.4948041566746603 0.9080252479711453 0.49160671462829736 0.9102795311091073 0.4796163069544365 0.9116321009918846 0.4132693844924061 0.9134355275022543 0.39728217426059154 0.9102795311091073 0.3932853717026379 0.8899909828674482 0.390087929656275 0.8868349864743011 0.3932853717026379 0.8850315599639315 0.4108713029576339 0.8850315599639315 0.4860111910471623 0.8872858431018936 0.49000799360511593
0 0.35121731289449953 0.8177458033573143 0.3642921550946799 0.818545163868905 0.3656447249774572 0.8137490007993605 0.366546438232642 0.7753796962430056 0.3633904418394951 0.7633892885691447 0.35617673579801623 0.7585931254996003 0.3431018935978359 0.7561950439648283 0.3412984670874662 0.7585931254996003 0.34039675383228135 0.7705835331734613 0.3408476104598738 0.8137490007993605 0.35121731289449953 0.8177458033573143
0 0.5987376014427412 0.460431654676259 0.6154192966636609 0.4636290967226219 0.6226330027051398 0.46282973621103124 0.6244364292155096 0.4596322941646683 0.6266907123534716 0.44364508393285373 0.6203787195671777 0.425259792166267 0.6244364292155096 0.41167066346922465 0.6235347159603246 0.40447641886490815 0.6023444544634806 0.3996802557953637 0.5973850315599639 0.40687450039968026 0.5955816050495942 0.4196642685851319 0.5955816050495942 0.4572342126298961 0.5987376014427412 0.460431654676259
0 0.5013525698827773 0.4444444444444444 0.5054102795311091 0.44844124700239807 0.5148782687105501 0.45163868904876103 0.5220919747520288 0.44844124700239807 0.5238954012623985 0.4444444444444444 0.5247971145175834 0.4100719424460432 0.5234445446348062 0.35651478816946447 0.5049594229035167 0.354916067146283 0.5018034265103697 0.3645083932853717 0.5004508566275925 0.3932853717026379 0.5 0.43804956035171866 0.5013525698827773 0.4444444444444444
0 0.639765554553652 0.5075939248601119 0.6474301172227231 0.5059952038369305 0.6496844003606853 0.49800159872102323 0.6501352569882777 0.47801758593125504 0.6537421100090172 0.4612310151878497 0.6582506762849414 0.45003996802557955 0.6605049594229035 0.4156674660271783 0.6605049594229035 0.39728217426059154 0.6582506762849414 0.3844924060751399 0.6411181244364292 0.3828936850519585 0.6352569882777277 0.3868904876099121 0.6370604147880974 0.41486810551558756 0.6357078449053201 0.4268585131894485 0.6325518485121732 0.43804956035171866 0.6325518485121732 0.5019984012789769 0.639765554553652 0.5075939248601119
0 0.5838593327321911 0.7897681854516387 0.5906221821460775 0.7921662669864108 0.6000901713255185 0.7905675459632294 0.6009918845807034 0.7761790567545964 0.5991884580703336 0.771382893685052 0.5919747520288549 0.7673860911270984 0.584761045987376 0.7681854516386891 0.5816050495942291 0.771382893685052 0.5811541929666366 0.7817745803357314 0.5838593327321911 0.7897681854516387
0 0.9612263300270514 0.897681854516387 0.9720468890892696 0.897681854516387 0.9724977457168621 0.885691446842526 0.9702434625789 0.8792965627498002 0.967087466185753 0.8792965627498002 0.9612263300270514 0.8848920863309353 0.9598737601442742 0.8872901678657075 0.9612263300270514 0.897681854516387
0 0.3944995491433724 0.8305355715427658 0.3994589720468891 0.8401278976818546 0.41118124436429215 0.8433253397282174 0.42515779981965734 0.8433253397282174 0.4269612263300271 0.8409272581934453 0.4278629395852119 0.8217426059152678 0.42515779981965734 0.8057553956834532 0.42110009017132555 0.8033573141486812 0.3904418394950406 0.8001598721023181 0.3868349864743012 0.8121502797761792 0.3868349864743012 0.827338129496403 0.3944995491433724 0.8305355715427658
0 0.8584310189359784 0.9992006394884093 0.866546438232642 0.9992006394884093 0.8715058611361587 0.9960031974420465 0.8733092876465285 0.991207034372502 0.872858431018936 0.9440447641886491 0.866546438232642 0.9400479616306955 0.8579801623083859 0.9408473221422862 0.8548241659152389 0.9568345323741008 0.8543733092876465 0.9952038369304558 0.8584310189359784 0.9992006394884093
0 0.9702434625789 0.8569144684252599 0.9702434625789 0.841726618705036 0.9684400360685302 0.8385291766586731 0.958521190261497 0.8385291766586731 0.9589720468890893 0.8561151079136692 0.9702434625789 0.8569144684252599
0 0.5644724977457168 0.9664268585131894 0.5788999098286746 0.9696243005595524 0.5919747520288549 0.9696243005595524 0.594229035166817 0.9672262190247802 0.5960324616771866 0.9424460431654678 0.5928764652840397 0.9280575539568345 0.584761045987376 0.9256594724220625 0.5640216411181245 0.9256594724220625 0.5626690712353472 0.9344524380495605 0.5613165013525699 0.9560351718625101 0.5644724977457168 0.9664268585131894
0 0.5834084761045988 0.859312549960032 0.5919747520288549 0.862509992006395 0.5955816050495942 0.862509992006395 0.5973850315599639 0.859312549960032 0.5978358881875564 0.841726618705036 0.5960324616771866 0.8377298161470824 0.5816050495942291 0.8385291766586731 0.5807033363390443 0.8513189448441247 0.5834084761045988 0.859312549960032
0 0.539224526600541 0.354916067146283 0.539224526600541 0.37809752198241414 0.5432822362488728 0.39408473221422863 0.5608656447249775 0.39408473221422863 0.566726780883679 0.39168665067945646 0.5676284941388638 0.3733013589128697 0.5703336339044184 0.3629096722621903 0.5685302073940487 0.34612310151878495 0.560414788097385 0.3397282174260592 0.542380522993688 0.3405275779376499 0.5369702434625789 0.34852118305355717 0.539224526600541 0.354916067146283
0 0.47339945897204694 0.4716227018385292 0.47700631199278626 0.4740207833733014 0.4882777276825969 0.4740207833733014 0.4914337240757439 0.469224620303757 0.49188458070333635 0.4508393285371703 0.4995491433724076 0.4324540367705836 0.5004508566275925 0.39568345323741005 0.49729486023444547 0.38848920863309355 0.5004508566275925 0.3788968824940048 0.5018034265103697 0.3581135091926459 0.4981965734896303 0.3477218225419665 0.48016230838593327 0.34612310151878495 0.47565374211000905 0.34852118305355717 0.47385031559963936 0.3597122302158273 0.4720468890892696 0.4668265387689848 0.47339945897204694 0.4716227018385292
0 0.6920649233543733 0.4860111910471623 0.6925157799819658 0.5003996802557954 0.694770063119928 0.5051958433253397 0.6997294860234445 0.5075939248601119 0.7137060414788097 0.5091926458832934 0.7177637511271415 0.5019984012789769 0.7195671776375113 0.4876099120703437 0.7191163210099188 0.4684252597921663 0.7218214607754734 0.42845723421262993 0.721370604147881 0.4060751398880896 0.7177637511271415 0.4004796163069545 0.6992786293958522 0.4004796163069545 0.6952209197475203 0.40687450039968026 0.6934174932371506 0.4180655475619504 0.6943192064923354 0.4524380495603517 0.6920649233543733 0.4860111910471623
0 0.9594229035166817 0.8297362110311751 0.9846708746618575 0.8321342925659473 0.9869251577998197 0.827338129496403 0.9869251577998197 0.8169464428457234 0.9846708746618575 0.8129496402877698 0.960775473399459 0.8105515587529977 0.9571686203787195 0.8137490007993605 0.9571686203787195 0.82414068745004 0.9594229035166817 0.8297362110311751
0 0.44048692515779986 0.9392486011191048 0.46393146979260597 0.9424460431654678 0.47069431920649235 0.9408473221422862 0.47069431920649235 0.9144684252597922 0.4675383228133454 0.9040767386091128 0.4436429215509468 0.9008792965627499 0.43913435527502254 0.9024780175859313 0.43778178539224527 0.9088729016786572 0.4382326420198377 0.929656274980016 0.44048692515779986 0.9392486011191048
0 0.9080252479711453 0.8377298161470824 0.9183949504057709 0.8385291766586731 0.9274120829576196 0.8425259792166268 0.9404869251577999 0.8425259792166268 0.9427412082957619 0.8409272581934453 0.9422903516681695 0.8345323741007195 0.9458972046889089 0.8305355715427658 0.9463480613165013 0.8201438848920864 0.9440937781785392 0.8161470823341327 0.9165915238954013 0.809752198241407 0.9093778178539225 0.809752198241407 0.9071235347159603 0.8129496402877698 0.9066726780883679 0.8353317346123101 0.9080252479711453 0.8377298161470824
0 0.8196573489630298 0.8864908073541167 0.8277727682596934 0.8888888888888888 0.8399458972046889 0.8864908073541167 0.8412984670874663 0.8521183053557154 0.8394950405770965 0.8489208633093526 0.8349864743011722 0.8489208633093526 0.8331830477908025 0.8521183053557154 0.8331830477908025 0.8577138289368506 0.8309287646528404 0.8601119104716227 0.8210099188458071 0.8561151079136692 0.8178539224526601 0.8569144684252599 0.8165013525698828 0.8601119104716227 0.8165013525698828 0.8800959232613909 0.8196573489630298 0.8864908073541167