0 0.9693417493237151 0.7242206235011991 0.9891794409377818 0.7258193445243806 0.9927862939585211 0.7234212629896084 0.9909828674481516 0.7162270183852918 0.9783588818755636 0.7090327737809753 0.9697926059513075 0.7066346922462031 0.9675383228133454 0.709832134292566 0.967087466185753 0.7194244604316546 0.9693417493237151 0.7242206235011991
0 0.4526600541027953 0.9328537170263789 0.4715960324616772 0.9376498800959233 0.47700631199278626 0.9352517985611511 0.4783588818755636 0.9256594724220625 0.47745716862037874 0.9080735411670664 0.4711451758340848 0.8904876099120704 0.4634806131650135 0.8880895283772982 0.45311091073038773 0.8888888888888888 0.4508566275924256 0.8928856914468426 0.4508566275924256 0.9248601119104717 0.4526600541027953 0.9328537170263789
0 0 0.504396482813749 0.004959422903516681 0.504396482813749 0.007664562669071236 0.495603517186251 0.008566275924256087 0.48441247002398086 0.008566275924256087 0.46282973621103124 0.006762849413886384 0.4572342126298961 0.003606853020739405 0.45643485211830537 0 0.4572342126298961 0 0.504396482813749
0 0.03381424706943192 0.49960031974420466 0.04283137962128043 0.5027977617905676 0.05365193868349865 0.5003996802557954 0.0545536519386835 0.4804156674660272 0.05320108205590622 0.4756195043964829 0.045536519386834985 0.47322142286171065 0.0369702434625789 0.4668265387689848 0.03291253381424707 0.47002398081534774 0.032461677186654644 0.495603517186251 0.03381424706943192 0.49960031974420466
0 0.8011722272317404 0.9888089528377298 0.8025247971145176 0.991207034372502 0.8210099188458071 0.9928057553956835 0.8246167718665464 0.9896083133493206 0.825067628494139 0.9680255795363709 0.824165915238954 0.9624300559552359 0.8205590622182147 0.9552358113509193 0.8151487826871056 0.9520383693045564 0.8034265103697025 0.9512390087929657 0.8011722272317404 0.9560351718625101 0.8002705139765555 0.9744204636290967 0.8011722272317404 0.9888089528377298
0 0.9211000901713255 0.9872102318145485 0.9314697926059514 0.9896083133493206 0.9373309287646528 0.9872102318145485 0.9382326420198377 0.9728217426059154 0.9355275022542832 0.9648281374900081 0.9319206492335438 0.9624300559552359 0.9215509467989179 0.9632294164668266 0.9201983769161407 0.9664268585131894 0.9197475202885483 0.982414068745004 0.9211000901713255 0.9872102318145485
0 0.9567177637511272 0.771382893685052 0.9887285843101894 0.7753796962430056 0.9909828674481516 0.7737809752198243 0.9923354373309288 0.7689848121502798 0.9918845807033364 0.7617905675459633 0.9896302975653742 0.7585931254996003 0.9675383228133454 0.753796962430056 0.9540126239855725 0.7545963229416467 0.9535617673579802 0.7681854516386891 0.9567177637511272 0.771382893685052
0 0 0.7170263788968825 0.008566275924256087 0.718625099920064 0.023895401262398558 0.7162270183852918 0.027502254283137965 0.7130295763389289 0.02885482416591524 0.701039168665068 0.025247971145175834 0.6802557953637091 0.022091974752028856 0.6786570743405277 0.016230838593327322 0.6842525979216627 0.012173128944995492 0.6842525979216627 0.004959422903516681 0.6786570743405277 0.0018034265103697026 0.6786570743405277 0 0.6794564348521184 0 0.7170263788968825
0 0.07484220018034266 0.018385291766586733 0.07619477006311993 0.019184652278177457 0.10595130748422002 0.023181454836131096 0.11361587015329126 0.023181454836131096 0.11632100991884581 0.019984012789768184 0.11677186654643823 0 0.07484220018034266 0 0.0739404869251578 0.01278976818545164 0.07484220018034266 0.018385291766586733
0 0.008115419296663661 0.797761790567546 0.019386834986474304 0.7993605115907274 0.025247971145175834 0.7969624300559552 0.024797114517583405 0.7889688249400479 0.02254283137962128 0.7865707434052758 0.006762849413886384 0.7857713828936851 0.0063119927862939585 0.7937649880095924 0.008115419296663661 0.797761790567546
0 0.06943192064923355 0.48201438848920863 0.08160504959422904 0.48201438848920863 0.08295761947700632 0.4788169464428457 0.08340847610459873 0.4668265387689848 0.08205590622182146 0.45643485211830537 0.07889990982867448 0.4540367705835332 0.06672678088367899 0.4540367705835332 0.06627592425608657 0.47801758593125504 0.06943192064923355 0.48201438848920863
0 0.957619477006312 0.9448441247002399 0.9779080252479712 0.9464428457234213 0.9815148782687105 0.9424460431654678 0.9828674481514879 0.9336530775379696 0.9819657348963029 0.9256594724220625 0.9774571686203787 0.9224620303756994 0.957619477006312 0.9216626698641087 0.9526600541027953 0.9280575539568345 0.9531109107303878 0.9424460431654678 0.957619477006312 0.9448441247002399
0 0.3719567177637511 0.9992006394884093 0.37240757439134353 0.9808153477218226 0.3710550045085663 0.9704236610711432 0.3669972948602344 0.9680255795363709 0.36113615870153287 0.9680255795363709 0.35843101893597834 0.9704236610711432 0.357980162308386 0.9992006394884093 0.3719567177637511 0.9992006394884093
0 0.4810640216411181 0.9464428457234213 0.4905320108205591 0.9496402877697842 0.4977457168620379 0.9496402877697842 0.4995491433724076 0.947242206235012 0.5 0.9272581934452439 0.49639314697926057 0.9144684252597922 0.4837691614066727 0.915267785771383 0.47971145175834085 0.9232613908872902 0.4792605951307485 0.9400479616306955 0.4810640216411181 0.9464428457234213
0 0.034265103697024346 0.9968025579536371 0.062218214607754736 0.9992006394884093 0.06582506762849415 0.9928057553956835 0.06447249774571685 0.9784172661870505 0.060414788097385035 0.9712230215827339 0.049143372407574396 0.9672262190247802 0.03606853020739405 0.9664268585131894 0.034715960324616775 0.9720223820943246 0.03291253381424707 0.9896083133493206 0.034265103697024346 0.9968025579536371
0 0.33498647430117223 0.9424460431654678 0.35617673579801623 0.9440447641886491 0.35888187556357076 0.9408473221422862 0.35843101893597834 0.9184652278177459 0.35617673579801623 0.9160671462829737 0.3417493237150586 0.9176658673061552 0.33588818755635713 0.9224620303756994 0.3336339044183949 0.9280575539568345 0.3331830477908025 0.9360511590727418 0.33498647430117223 0.9424460431654678
0 0.06898106402164111 0.5083932853717026 0.07348963029756538 0.5115907274180655 0.08295761947700632 0.5099920063948842 0.08476104598737601 0.5003996802557954 0.08476104598737601 0.49160671462829736 0.08295761947700632 0.486810551558753 0.07168620378719567 0.48441247002398086 0.06762849413886383 0.4860111910471623 0.06672678088367899 0.4948041566746603 0.06898106402164111 0.5083932853717026
0 0.9878268710550046 0.938449240607514 0.9914337240757439 0.9432454036770584 0.9995491433724076 0.9440447641886491 0.9995491433724076 0.9128697042366107 0.9954914337240758 0.9104716227018386 0.9869251577998197 0.9112709832134293 0.9864743011722273 0.9336530775379696 0.9878268710550046 0.938449240607514
0 0.9540126239855725 0.7410071942446044 0.9562669071235348 0.748201438848921 0.9882777276825969 0.7513988808952838 0.9914337240757439 0.7513988808952838 0.9927862939585211 0.748201438848921 0.9927862939585211 0.7370103916866507 0.9909828674481516 0.7314148681055157 0.95536519386835 0.7314148681055157 0.9540126239855725 0.7338129496402878 0.9540126239855725 0.7410071942446044
0 0.6235347159603246 0.9560351718625101 0.6424706943192064 0.9600319744204637 0.6474301172227231 0.9576338928856915 0.6492335437330929 0.9528377298161471 0.6492335437330929 0.929656274980016 0.6474301172227231 0.9184652278177459 0.6424706943192064 0.9144684252597922 0.6257889990982868 0.91207034372502 0.6230838593327321 0.9144684252597922 0.6226330027051398 0.9200639488409273 0.6221821460775473 0.9528377298161471 0.6235347159603246 0.9560351718625101
0 0.02885482416591524 0.3605115907274181 0.0369702434625789 0.36850519584332536 0.04147880973850316 0.36930455635491605 0.043733092876465283 0.3645083932853717 0.045987376014427414 0.3493205435651479 0.045987376014427414 0.3365307753796963 0.04418394950405771 0.32693844924060755 0.03742110009017133 0.3205435651478817 0.031559963931469794 0.31974420463629094 0.027953110910730387 0.3205435651478817 0.02660054102795311 0.32454036770583533 0.02614968440036069 0.34532374100719426 0.02885482416591524 0.3605115907274181
0 0.7326420198376916 0.9520383693045564 0.7412082957619477 0.9520383693045564 0.7434625788999099 0.9368505195843326 0.742560865644725 0.9080735411670664 0.7407574391343553 0.9032773780975221 0.736248872858431 0.9008792965627499 0.7308385933273219 0.9008792965627499 0.7285843101893598 0.9048760991207034 0.7290351668169522 0.9488409272581935 0.7326420198376916 0.9520383693045564
0 0.19792605951307485 0.5987210231814549 0.19927862939585214 0.6155075939248602 0.20694319206492334 0.6171063149480416 0.22137060414788098 0.6123101518784972 0.2231740306582507 0.6083133493205436 0.2231740306582507 0.5947242206235012 0.2168620378719567 0.5515587529976019 0.21325518485121733 0.548361310951239 0.19747520288548243 0.5515587529976019 0.1934174932371506 0.5555555555555556 0.19251577998196576 0.5667466027178258 0.19792605951307485 0.5987210231814549