0 0.8327321911632102 0.718625099920064 0.8349864743011722 0.7346123101518786 0.8462578899909828 0.7442046362909672 0.8543733092876465 0.7442046362909672 0.8579801623083859 0.7346123101518786 0.8579801623083859 0.7306155075939249 0.8557258791704238 0.7266187050359713 0.8417493237150586 0.7090327737809753 0.8340847610459874 0.7106314948041567 0.8327321911632102 0.7130295763389289 0.8327321911632102 0.718625099920064
0 0.5743913435527502 0.425259792166267 0.5928764652840397 0.442845723421263 0.5960324616771866 0.44364508393285373 0.5996393146979261 0.4404476418864908 0.6014427412082958 0.43085531574740216 0.6009918845807034 0.42366107114308554 0.5829576194770063 0.4004796163069545 0.5779981965734896 0.4004796163069545 0.5734896302975654 0.41486810551558756 0.573038773669973 0.42206235011990406 0.5743913435527502 0.425259792166267
0 0.8210099188458071 0.04716227018385292 0.825067628494139 0.04636290967226219 0.8291253381424708 0.031175059952038373 0.8286744815148782 0.019984012789768184 0.8255184851217313 0.014388489208633094 0.8151487826871056 0.005595523581135092 0.8101893597835889 0.00639488409272582 0.8065825067628495 0.02557953637090328 0.8070333633904418 0.036770583533173466 0.8210099188458071 0.04716227018385292
0 0.5225428313796213 0.4756195043964829 0.5252479711451759 0.4748201438848921 0.5297565374211001 0.46522781774580335 0.5302073940486925 0.4532374100719425 0.5207394048692516 0.4444444444444444 0.5189359783588818 0.44364508393285373 0.5157799819657348 0.44684252597921664 0.5130748422001803 0.4556354916067146 0.5130748422001803 0.46522781774580335 0.5225428313796213 0.4756195043964829
0 0.9598737601442742 0.9504396482813751 0.967087466185753 0.959232613908873 0.9702434625789 0.9544364508393286 0.9761045987376015 0.9336530775379696 0.9770063119927863 0.9216626698641087 0.9752028854824166 0.9096722621902479 0.9697926059513075 0.9024780175859313 0.9657348963029756 0.9016786570743406 0.9634806131650135 0.9040767386091128 0.9589720468890893 0.9216626698641087 0.9562669071235348 0.9416466826538769 0.9598737601442742 0.9504396482813751
0 0.9733994589720468 0.49800159872102323 0.9842200180342651 0.5075939248601119 0.9909828674481516 0.5051958433253397 0.9900811541929667 0.49000799360511593 0.9878268710550046 0.4836131095123901 0.9842200180342651 0.4796163069544365 0.9743011722272317 0.4756195043964829 0.9720468890892696 0.47801758593125504 0.9715960324616773 0.48201438848920863 0.9711451758340848 0.4908073541167067 0.9733994589720468 0.49800159872102323
0 0.6650135256988278 0.29896083133493206 0.669522091974752 0.2949640287769784 0.6731289449954915 0.2797761790567546 0.672678088367899 0.2685851318944844 0.6708746618575293 0.26538768984812156 0.6672678088367898 0.2613908872901679 0.6555455365193867 0.25739408473221426 0.6505861136158702 0.25739408473221426 0.6474301172227231 0.2637889688249401 0.6451758340847611 0.2741806554756195 0.6456266907123535 0.28377298161470826 0.6650135256988278 0.29896083133493206
0 0.004959422903516681 0.5507593924860112 0.009017132551848512 0.5523581135091926 0.013976555455365193 0.5603517186250999 0.018935978358881875 0.5627498001598722 0.02254283137962128 0.5595523581135092 0.02569882777276826 0.5491606714628298 0.029305680793507663 0.525179856115108 0.02660054102795311 0.5203836930455635 0.014878268710550046 0.5123900879296562 0.010820559062218215 0.5163868904876099 0.0040577096483318306 0.5387689848121503 0.003606853020739405 0.5475619504396483 0.004959422903516681 0.5507593924860112
0 0.36203787195671777 0.5355715427657874 0.3764652840396754 0.5467625899280576 0.38097385031559966 0.5419664268585133 0.3814247069431921 0.5299760191846523 0.37060414788097384 0.5171862509992007 0.3624887285843102 0.5115907274180655 0.35933273219116324 0.5147881694644285 0.35843101893597834 0.5187849720223822 0.357980162308386 0.5291766586730615 0.36203787195671777 0.5355715427657874
0 0.19116321009918846 0.004796163069544364 0.20649233543733095 0.018385291766586733 0.21055004508566277 0.019184652278177457 0.21325518485121733 0.009592326139088728 0.21325518485121733 0 0.19116321009918846 0 0.19116321009918846 0.004796163069544364
0 0.8552750225428314 0.6986410871302958 0.8674481514878268 0.704236610711431 0.8791704238052299 0.7162270183852918 0.8850315599639315 0.7130295763389289 0.8890892696122633 0.7026378896882494 0.8845807033363391 0.6938449240607514 0.8624887285843102 0.6730615507593926 0.8575293056807936 0.6746602717825739 0.8534715960324617 0.689048760991207 0.8530207394048693 0.6930455635491607 0.8552750225428314 0.6986410871302958
0 0.5996393146979261 0.4668265387689848 0.6127141568981065 0.4804156674660272 0.6167718665464382 0.4804156674660272 0.6235347159603246 0.4676258992805756 0.627141568981064 0.45483613109512394 0.6275924256086564 0.4420463629096723 0.6235347159603246 0.434052757793765 0.6181244364292156 0.42845723421262993 0.608205590622182 0.42366107114308554 0.6050495942290353 0.4268585131894485 0.5982867448151488 0.45643485211830537 0.5978358881875564 0.460431654676259 0.5996393146979261 0.4668265387689848
0 0.0951307484220018 0.06794564348521183 0.11587015329125337 0.08633093525179857 0.11947700631199279 0.08713029576338929 0.12218214607754734 0.08473221422861711 0.12714156898106402 0.07194244604316548 0.12759242560865644 0.05915267785771383 0.12353471596032461 0.049560351718625106 0.11181244364292155 0.03756994404476419 0.10234445446348062 0.031175059952038373 0.09738503155996393 0.032773780975219824 0.09332732191163211 0.05435651478816946 0.09287646528403969 0.062350119904076746 0.0951307484220018 0.06794564348521183
0 0 0.6514788169464429 0.013525698827772768 0.6522781774580336 0.016681695220919748 0.6466826538768985 0.017132551848512173 0.6227018385291766 0.015329125338142471 0.6203037569944045 0.005410279531109108 0.6179056754596324 0 0.6179056754596324 0 0.6514788169464429
0 0.12984670874661858 0.14388489208633096 0.1582506762849414 0.14228617106314947 0.16321009918845808 0.14068745003996805 0.1654643823264202 0.13589128697042366 0.16456266907123535 0.11750599520383694 0.1600541027953111 0.1111111111111111 0.13570784490532012 0.1111111111111111 0.1289449954914337 0.11270983213429257 0.12533814247069433 0.1167066346922462 0.12623985572587917 0.13509192645883294 0.12984670874661858 0.14388489208633096
0 0.9201983769161407 0.6602717825739409 0.9319206492335438 0.6626698641087131 0.9449954914337241 0.6730615507593926 0.9472497745716862 0.6722621902478018 0.9495040577096483 0.6650679456434853 0.9490532010820559 0.6578737010391686 0.9467989179440939 0.6530775379696243 0.9341749323715058 0.645083932853717 0.9242560865644726 0.6290967226219025 0.9215509467989179 0.627498001598721 0.9179440937781785 0.6298960831334932 0.9138863841298467 0.6434852118305356 0.9138863841298467 0.6538768984812151 0.9201983769161407 0.6602717825739409
0 0.5216411181244364 0.548361310951239 0.5315599639314699 0.5547561950439649 0.5360685302073941 0.5523581135091926 0.5374211000901714 0.5395683453237411 0.5324616771866546 0.5315747402078338 0.5256988277727683 0.5275779376498801 0.5207394048692516 0.5275779376498801 0.5180342651036971 0.5315747402078338 0.5175834084761046 0.5403677058353318 0.5216411181244364 0.548361310951239
0 0.9562669071235348 0.525179856115108 0.9666366095581606 0.5355715427657874 0.9743011722272317 0.5371702637889688 0.9774571686203787 0.5267785771382895 0.9765554553651938 0.5171862509992007 0.9711451758340848 0.5091926458832934 0.9643823264201984 0.5035971223021583 0.9598737601442742 0.5011990407673861 0.9580703336339044 0.5051958433253397 0.9558160504959423 0.5179856115107914 0.9562669071235348 0.525179856115108
0 0.33814247069431924 0.6666666666666666 0.34580703336339047 0.6722621902478018 0.3525698827772768 0.6610711430855316 0.3557258791704238 0.6434852118305356 0.3503155996393147 0.6338928856914469 0.3462578899909829 0.6298960831334932 0.3417493237150586 0.6290967226219025 0.33814247069431924 0.6394884092725819 0.33588818755635713 0.6530775379696243 0.33588818755635713 0.6610711430855316 0.33814247069431924 0.6666666666666666
0 0.46077547339945896 0.7442046362909672 0.4743011722272317 0.7521982414068745 0.4810640216411181 0.7442046362909672 0.4833183047790803 0.7282174260591526 0.481965734896303 0.7218225419664269 0.4792605951307485 0.7178257394084733 0.47024346257889993 0.7122302158273383 0.4661857529305681 0.7122302158273383 0.4634806131650135 0.7162270183852918 0.4580703336339044 0.7338129496402878 0.45761947700631195 0.7370103916866507 0.46077547339945896 0.7442046362909672
0 0.6122633002705139 0.5499600319744204 0.6194770063119928 0.5555555555555556 0.623985572587917 0.5539568345323741 0.6275924256086564 0.5459632294164669 0.627141568981064 0.5411670663469225 0.6131650135256989 0.5259792166266987 0.6118124436429215 0.5283772981614708 0.6109107303877367 0.5435651478816946 0.6122633002705139 0.5499600319744204
0 0.1248872858431019 0.689048760991207 0.16230838593327324 0.7202238209432456 0.16771866546438233 0.7226219024780176 0.1708746618575293 0.7210231814548362 0.17718665464382327 0.7026378896882494 0.1762849413886384 0.695443645083933 0.1650135256988278 0.6778577138289369 0.13345356176735798 0.6498800959232613 0.12984670874661858 0.6506794564348523 0.1266907123534716 0.6554756195043965 0.12353471596032461 0.6706634692246204 0.12308385933273219 0.6818545163868905 0.1248872858431019 0.689048760991207
0 0.31018935978358886 0.1654676258992806 0.32326420198376915 0.16786570743405277 0.327321911632101 0.16147082334132695 0.327321911632101 0.1542765787370104 0.32326420198376915 0.14628297362110312 0.3097385031559964 0.14468425259792167 0.3065825067628494 0.14708233413269386 0.30703336339044185 0.16147082334132695 0.31018935978358886 0.1654676258992806
0 0.04643823264201984 0.11990407673860913 0.04869251577998197 0.12549960031974422 0.07348963029756538 0.14708233413269386 0.07754733994589721 0.14948041566746603 0.08205590622182146 0.14708233413269386 0.08566275924256087 0.1334932054356515 0.08340847610459873 0.12549960031974422 0.0721370604147881 0.1167066346922462 0.06807935076645627 0.10951239008792966 0.058611361587015326 0.1015187849720224 0.05320108205590622 0.09912070343725021 0.05004508566275924 0.10071942446043165 0.04869251577998197 0.1047162270183853 0.04643823264201984 0.11430855315747403 0.04643823264201984 0.11990407673860913
0 0.9878268710550046 0.43645083932853723 0.9941388638412986 0.442845723421263 0.9995491433724076 0.44364508393285373 0.9995491433724076 0.4212629896083134 0.9954914337240758 0.4188649080735412 0.9909828674481516 0.41167066346922465 0.9873760144274121 0.4140687450039968 0.9860234445446348 0.4212629896083134 0.9855725879170424 0.4292565947242206 0.9878268710550046 0.43645083932853723
0 0.8449053201082056 0.844924060751399 0.8480613165013525 0.8521183053557154 0.8530207394048693 0.8513189448441247 0.8584310189359784 0.8377298161470824 0.8575293056807936 0.8313349320543566 0.8548241659152389 0.8265387689848122 0.8422001803426511 0.8129496402877698 0.8385933273219116 0.8129496402877698 0.8340847610459874 0.8249400479616307 0.8345356176735799 0.8337330135891287 0.8449053201082056 0.844924060751399
0 0.4621280432822363 0.31894484412470026 0.47024346257889993 0.3261390887290168 0.47339945897204694 0.3261390887290168 0.478809738503156 0.31734612310151883 0.481965734896303 0.2997601918465228 0.47565374211000905 0.29176658673061556 0.47024346257889993 0.2901678657074341 0.4648331830477908 0.29576338928856916 0.45987376014427417 0.3053557154276579 0.45987376014427417 0.3149480415667466 0.4621280432822363 0.31894484412470026
0 0.6807935076645627 0.07274180655475619 0.6920649233543733 0.0815347721822542 0.6961226330027052 0.07753796962430057 0.6974752028854824 0.0639488409272582 0.6920649233543733 0.05115907274180656 0.6821460775473399 0.045563549160671464 0.6789900811541929 0.04876099120703437 0.6753832281334536 0.05755395683453238 0.6744815148782687 0.0639488409272582 0.6807935076645627 0.07274180655475619
0 0.47745716862037874 0.6658673061550759 0.4837691614066727 0.6682653876898482 0.496844003606853 0.6794564348521184 0.5022542831379622 0.6746602717825739 0.5049594229035167 0.6626698641087131 0.5049594229035167 0.6562749800159873 0.5022542831379622 0.6498800959232613 0.48872858431018934 0.6370903277378098 0.4837691614066727 0.6386890487609912 0.4765554553651939 0.657074340527578 0.47610459873760147 0.6618705035971224 0.47745716862037874 0.6658673061550759
0 0.016230838593327322 0.2813749000799361 0.0369702434625789 0.30055955235811355 0.04012623985572588 0.302158273381295 0.043733092876465283 0.2997601918465228 0.04869251577998197 0.2789768185451639 0.04733994589720469 0.2685851318944844 0.043733092876465283 0.2621902478017586 0.033363390441839495 0.2549960031974421 0.024346257889990983 0.24380495603517185 0.021190261496844002 0.24380495603517185 0.0175834084761046 0.2478017585931255 0.01442741208295762 0.2621902478017586 0.013976555455365193 0.27577937649880097 0.016230838593327322 0.2813749000799361
0 0.05139765554553652 0.929656274980016 0.0545536519386835 0.9352517985611511 0.06402164111812444 0.9424460431654678 0.07078449053201082 0.9424460431654678 0.07889990982867448 0.9200639488409273 0.07844905320108204 0.91207034372502 0.07439134355275022 0.9056754596322941 0.059963931469792606 0.8928856914468426 0.05320108205590622 0.8936850519584333 0.04869251577998197 0.9080735411670664 0.047790802524797116 0.9176658673061552 0.05139765554553652 0.929656274980016
0 0.7276825969341749 0.11270983213429257 0.7439134355275022 0.12709832134292565 0.7497745716862038 0.12310151878497202 0.7556357078449053 0.10311750599520383 0.7551848512173129 0.09192645883293366 0.7538322813345357 0.08952837729816147 0.7443642921550947 0.07753796962430057 0.7380522993688007 0.07354116706634693 0.7335437330928765 0.07513988808952839 0.7272317403065826 0.08872901678657075 0.7249774571686204 0.09752198241406874 0.7245266005410279 0.10551558752997602 0.7276825969341749 0.11270983213429257
0 0.6253381424706943 0.5179856115107914 0.6307484220018034 0.5243804956035172 0.6357078449053201 0.5235811350919265 0.6402164111812444 0.5147881694644285 0.6474301172227231 0.48840927258193445 0.6469792605951307 0.4756195043964829 0.6406672678088369 0.46522781774580335 0.6348061316501352 0.4668265387689848 0.6262398557258791 0.4876099120703437 0.623985572587917 0.49720223820943243 0.6226330027051398 0.5051958433253397 0.6253381424706943 0.5179856115107914
0 0.6185752930568079 0.8169464428457234 0.6262398557258791 0.8249400479616307 0.6298467087466186 0.82414068745004 0.6352569882777277 0.8033573141486812 0.633453561767358 0.7953637090327739 0.6275924256086564 0.7881694644284573 0.6226330027051398 0.7873701039168666 0.6194770063119928 0.7921662669864108 0.6181244364292156 0.8001598721023181 0.6172227231740307 0.8105515587529977 0.6185752930568079 0.8169464428457234
0 0.8485121731289451 0.5083932853717026 0.8534715960324617 0.513189448441247 0.8584310189359784 0.513189448441247 0.8620378719567178 0.5083932853717026 0.863390441839495 0.49640287769784175 0.8615870153291254 0.4924060751398881 0.8422001803426511 0.47242206235011996 0.8381424706943192 0.4716227018385292 0.836789900811542 0.4748201438848921 0.836789900811542 0.4852118305355716 0.8485121731289451 0.5083932853717026
0 0.6650135256988278 0.24940047961630699 0.6753832281334536 0.25739408473221426 0.6816952209197475 0.2565947242206235 0.6848512173128946 0.24540367705835334 0.6839495040577097 0.23421262989608316 0.6717763751127143 0.22302158273381298 0.6681695220919748 0.22541966426858515 0.6645626690712354 0.23900879296562752 0.6650135256988278 0.24940047961630699
0 0.6650135256988278 0.9880095923261392 0.669522091974752 0.9928057553956835 0.6785392245266005 0.9928057553956835 0.6821460775473399 0.9832134292565947 0.6834986474301172 0.9672262190247802 0.6762849413886385 0.9576338928856915 0.6722272317403066 0.9552358113509193 0.6668169522091975 0.9664268585131894 0.6645626690712354 0.9752198241406874 0.6650135256988278 0.9880095923261392
0 0.3137962128043282 0.6498800959232613 0.3174030658250676 0.64828137490008 0.32100991884580704 0.6386890487609912 0.3205590622182146 0.6266986410871304 0.3137962128043282 0.6171063149480416 0.30703336339044185 0.6163069544364509 0.30252479711451763 0.6258992805755397 0.30252479711451763 0.6370903277378098 0.3137962128043282 0.6498800959232613
0 0.5054102795311091 0.3820943245403677 0.5117222723174031 0.3932853717026379 0.5153291253381425 0.3932853717026379 0.5189359783588818 0.38848920863309355 0.5238954012623985 0.3661071143085532 0.5229936880072137 0.3597122302158273 0.5202885482416592 0.3557154276578737 0.5094679891794409 0.34852118305355717 0.5049594229035167 0.3525179856115108 0.5009017132551848 0.3645083932853717 0.5009017132551848 0.37809752198241414 0.5054102795311091 0.3820943245403677
0 0.6780883678990081 0.5587529976019185 0.6848512173128946 0.5595523581135092 0.6893597835888188 0.5491606714628298 0.6893597835888188 0.5307753796962431 0.6753832281334536 0.513189448441247 0.6708746618575293 0.5139888089528377 0.666366095581605 0.5331734612310152 0.6668169522091975 0.5475619504396483 0.6780883678990081 0.5587529976019185
0 0.6672678088367898 0.6546762589928058 0.6821460775473399 0.6674660271782575 0.6853020739404869 0.6682653876898482 0.6884580703336339 0.6634692246203038 0.6889089269612263 0.6546762589928058 0.6785392245266005 0.636290967226219 0.6713255184851218 0.6314948041566747 0.666366095581605 0.6386890487609912 0.6654643823264202 0.6466826538768985 0.6672678088367898 0.6546762589928058
0 0.5013525698827773 0.18864908073541167 0.5081154192966637 0.1894484412470024 0.5135256988277728 0.1774580335731415 0.5171325518485121 0.1542765787370104 0.5166816952209198 0.14948041566746603 0.5103697024346258 0.1374900079936051 0.5054102795311091 0.13269384492406078 0.5013525698827773 0.13269384492406078 0.49098286744815145 0.16227018385291767 0.49098286744815145 0.17825739408473223 0.5013525698827773 0.18864908073541167
0 0.799819657348963 0.627498001598721 0.8165013525698828 0.645083932853717 0.8187556357078449 0.645083932853717 0.8219116321009919 0.6402877697841727 0.8246167718665464 0.6330935251798562 0.825067628494139 0.6266986410871304 0.8214607754733995 0.6179056754596324 0.806131650135257 0.6019184652278178 0.8007213706041478 0.5987210231814549 0.7971145175834086 0.6011191047162271 0.7971145175834086 0.6227018385291766 0.799819657348963 0.627498001598721
0 0.5184851217312895 0.1111111111111111 0.5275022542831379 0.11430855315747403 0.5306582506762849 0.10951239008792966 0.5351668169522091 0.08473221422861711 0.5302073940486925 0.06634692246203039 0.5189359783588818 0.059952038369304565 0.5144274120829576 0.0671462829736211 0.5094679891794409 0.08872901678657075 0.5085662759242561 0.10231814548361312 0.5184851217312895 0.1111111111111111
0 0.7542831379621281 0.1334932054356515 0.7664562669071235 0.1398880895283773 0.7687105500450856 0.13908872901678657 0.7723174030658251 0.13029576338928858 0.7732191163210099 0.11910471622701839 0.7687105500450856 0.11031175059952039 0.7569882777276826 0.10311750599520383 0.7520288548241659 0.1135091926458833 0.7502254283137962 0.1278976818545164 0.7542831379621281 0.1334932054356515
0 0.6952209197475203 0.9216626698641087 0.6988277727682598 0.9200639488409273 0.7019837691614067 0.9112709832134293 0.6997294860234445 0.9008792965627499 0.6934174932371506 0.8936850519584333 0.6889089269612263 0.8952837729816148 0.6862037871956718 0.9032773780975221 0.6862037871956718 0.9112709832134293 0.6952209197475203 0.9216626698641087
0 0.7209197475202885 0.8169464428457234 0.7218214607754734 0.8057553956834532 0.7200180342651037 0.8001598721023181 0.7132551848512173 0.797761790567546 0.7100991884580703 0.8025579536370904 0.7100991884580703 0.8089528377298163 0.7209197475202885 0.8169464428457234
0 0.7619477006311993 0.5859312549960032 0.7718665464382326 0.595523581135092 0.7759242560865645 0.5963229416466826 0.7786293958521191 0.5915267785771383 0.7795311091073039 0.5803357314148682 0.7781785392245266 0.5699440447641887 0.7732191163210099 0.5603517186250999 0.7642019837691614 0.5587529976019185 0.757439134355275 0.5699440447641887 0.7560865644724978 0.577937649880096 0.7619477006311993 0.5859312549960032
0 0.24932371505861137 0.30055955235811355 0.26916140667267807 0.31974420463629094 0.2732191163210099 0.31974420463629094 0.2750225428313796 0.31734612310151883 0.28043282236248873 0.2949640287769784 0.2795311091073039 0.2853717026378897 0.2772768259693417 0.2813749000799361 0.2583408476104599 0.2621902478017586 0.25473399458972046 0.2621902478017586 0.2511271415689811 0.2677857713828937 0.24706943192064923 0.2885691446842526 0.24706943192064923 0.2965627498001599 0.24932371505861137 0.30055955235811355
0 0.35617673579801623 0.6946442845723421 0.3633904418394951 0.7018385291766587 0.3692515779981966 0.7002398081534772 0.37285843101893595 0.6914468425259792 0.3751127141568981 0.6794564348521184 0.37466185752930564 0.6706634692246204 0.369702434625789 0.6642685851318945 0.3660955816050496 0.6634692246203038 0.35933273219116324 0.6698641087130296 0.357980162308386 0.6738609112709832 0.3557258791704238 0.6850519584332534 0.35617673579801623 0.6946442845723421