0 0.8584310189359784 0.4748201438848921 0.8746618575293057 0.4772182254196643 0.8778178539224527 0.4740207833733014 0.8769161406672679 0.4668265387689848 0.8733092876465285 0.4636290967226219 0.8561767357980163 0.46282973621103124 0.8557258791704238 0.4716227018385292 0.8584310189359784 0.4748201438848921
0 0.6375112714156899 0.3756994404476419 0.6514878268710551 0.37729816147082335 0.6528403967538323 0.3749000799360512 0.65238954012624 0.3581135091926459 0.6505861136158702 0.3525179856115108 0.636609558160505 0.35091926458832934 0.6352569882777277 0.35331734612310156 0.6352569882777277 0.3645083932853717 0.6375112714156899 0.3756994404476419
0 0.11947700631199279 0.3876898481215028 0.12218214607754734 0.390087929656275 0.1316501352569883 0.3908872901678657 0.1388638412984671 0.38609112709832133 0.1388638412984671 0.3749000799360512 0.13570784490532012 0.3661071143085532 0.12714156898106402 0.36370903277378097 0.11677186654643823 0.36530775379696245 0.11722272317403065 0.38049560351718625 0.11947700631199279 0.3876898481215028
0 0.9661857529305681 0.9632294164668266 0.9923354373309288 0.9648281374900081 0.9954914337240758 0.9608313349320544 0.9954914337240758 0.9344524380495605 0.9914337240757439 0.9288569144684253 0.9765554553651938 0.9248601119104717 0.9702434625789 0.9312549960031975 0.9666366095581606 0.9312549960031975 0.9630297565374212 0.938449240607514 0.9634806131650135 0.9560351718625101 0.9661857529305681 0.9632294164668266
0 0.2168620378719567 0.7881694644284573 0.23309287646528404 0.7913669064748201 0.23760144274120829 0.7897681854516387 0.23760144274120829 0.762589928057554 0.2344454463480613 0.7585931254996003 0.22723174030658252 0.7577937649880097 0.21596032461677186 0.7641886490807354 0.21370604147880973 0.771382893685052 0.21370604147880973 0.7793764988009593 0.2168620378719567 0.7881694644284573
0 0.11947700631199279 0.31574740207833735 0.13796212804328223 0.3149480415667466 0.14021641118124437 0.3085531574740208 0.13976555455365194 0.30295763389288566 0.1375112714156898 0.30135891286970423 0.12578899909828675 0.30055955235811355 0.11812443642921551 0.3045563549160672 0.11767357980162309 0.31015187849720227 0.11947700631199279 0.31574740207833735
0 0.008115419296663661 0.8832933653077538 0.04012623985572588 0.8872901678657075 0.04733994589720469 0.8840927258193446 0.05049594229035167 0.8792965627498002 0.05184851217312895 0.8441247002398081 0.05049594229035167 0.8409272581934453 0.04147880973850316 0.8345323741007195 0.027051397655545536 0.8313349320543566 0.010820559062218215 0.8337330135891287 0.0063119927862939585 0.8377298161470824 0.004959422903516681 0.8497202238209433 0.004508566275924256 0.8752997601918465 0.008115419296663661 0.8832933653077538
0 0.3633904418394951 0.14788169464428458 0.3651938683498648 0.14388489208633096 0.3633904418394951 0.1342925659472422 0.3489630297565374 0.1342925659472422 0.3489630297565374 0.14548361310951238 0.3633904418394951 0.14788169464428458
0 0.7763751127141569 0.02557953637090328 0.7786293958521191 0.02797761790567546 0.7930568079350766 0.02557953637090328 0.7989179440937783 0.014388489208633094 0.7989179440937783 0.00639488409272582 0.7971145175834086 0 0.7750225428313796 0 0.7763751127141569 0.02557953637090328
0 0.9842200180342651 0.4708233413269384 0.9927862939585211 0.47322142286171065 0.9995491433724076 0.4716227018385292 0.9995491433724076 0.460431654676259 0.9828674481514879 0.4588329336530776 0.9824165915238955 0.4668265387689848 0.9842200180342651 0.4708233413269384
0 0.827321911632101 0.9424460431654678 0.830477908025248 0.9456434852118306 0.8471596032461677 0.9496402877697842 0.8525698827772769 0.9480415667466028 0.8534715960324617 0.9456434852118306 0.8534715960324617 0.9376498800959233 0.8516681695220919 0.9336530775379696 0.8277727682596934 0.929656274980016 0.8264201983769162 0.9320543565147882 0.827321911632101 0.9424460431654678
0 0.47249774571686204 0.3469224620303757 0.47385031559963936 0.36370903277378097 0.49098286744815145 0.3677058353317346 0.5027051397655545 0.3661071143085532 0.5027051397655545 0.35091926458832934 0.5018034265103697 0.3477218225419665 0.49504057709648336 0.34212629896083135 0.49413886384129846 0.32693844924060755 0.4914337240757439 0.3165467625899281 0.47700631199278626 0.31574740207833735 0.47024346257889993 0.31894484412470026 0.47024346257889993 0.33812949640287776 0.47249774571686204 0.3469224620303757
0 0.12308385933273219 0.8081534772182254 0.13976555455365194 0.8089528377298163 0.14382326420198377 0.8033573141486812 0.151487826871055 0.8001598721023181 0.15193868349864742 0.7857713828936851 0.15058611361587015 0.7825739408473221 0.14382326420198377 0.7817745803357314 0.13976555455365194 0.7761790567545964 0.13119927862939584 0.7729816147082335 0.12623985572587917 0.7729816147082335 0.12218214607754734 0.7809752198241406 0.12173128944995491 0.8041566746602719 0.12308385933273219 0.8081534772182254
0 0.10955816050495942 0.49000799360511593 0.12984670874661858 0.4940047961630696 0.1406672678088368 0.4908073541167067 0.1406672678088368 0.4772182254196643 0.1388638412984671 0.469224620303757 0.13660955816050496 0.4660271782573941 0.11406672678088368 0.4636290967226219 0.10820559062218214 0.4668265387689848 0.10775473399458972 0.486810551558753 0.10955816050495942 0.49000799360511593
0 0.8751127141568981 0.46203037569944044 0.8782687105500451 0.4596322941646683 0.8809738503155997 0.4532374100719425 0.8800721370604149 0.44924060751398887 0.8674481514878268 0.4452438049560352 0.8584310189359784 0.4452438049560352 0.8552750225428314 0.44924060751398887 0.8557258791704238 0.4612310151878497 0.8751127141568981 0.46203037569944044
0 0.6573489630297565 0.3788968824940048 0.6866546438232641 0.3828936850519585 0.6889089269612263 0.37809752198241414 0.6889089269612263 0.35411670663469225 0.6753832281334536 0.3501199040767386 0.6568981064021642 0.3493205435651479 0.6537421100090172 0.35171862509992013 0.6541929666366095 0.37250199840127896 0.6573489630297565 0.3788968824940048
0 0.004508566275924256 0.8752997601918465 0.007664562669071236 0.8832933653077538 0.042380522993688004 0.8872901678657075 0.047790802524797116 0.8840927258193446 0.05049594229035167 0.876898481215028 0.046889089269612265 0.8641087130295764 0.04057709648331831 0.862509992006395 0.0369702434625789 0.8585131894484412 0.008115419296663661 0.8577138289368506 0.0063119927862939585 0.8609112709832134 0.004508566275924256 0.8673061550759393 0.004508566275924256 0.8752997601918465
0 0.6293958521190262 0.5939248601119105 0.6325518485121732 0.5963229416466826 0.6357078449053201 0.5947242206235012 0.6370604147880974 0.5875299760191847 0.6298467087466186 0.5667466027178258 0.6253381424706943 0.5643485211830536 0.6230838593327321 0.5675459632294165 0.6226330027051398 0.5771382893685052 0.6293958521190262 0.5939248601119105
0 0.3660955816050496 0.08233413269384492 0.37466185752930564 0.0815347721822542 0.3764652840396754 0.07913669064748202 0.3764652840396754 0.05755395683453238 0.37285843101893595 0.04636290967226219 0.35121731289449953 0.04636290967226219 0.3489630297565374 0.04876099120703437 0.348512173128945 0.0783373301358913 0.3660955816050496 0.08233413269384492
0 0.8259693417493238 0.9168665067945644 0.8525698827772769 0.9184652278177459 0.8543733092876465 0.9136690647482014 0.8539224526600542 0.9024780175859313 0.8525698827772769 0.897681854516387 0.8498647430117223 0.8952837729816148 0.825067628494139 0.8928856914468426 0.8232642019837692 0.8960831334932055 0.8228133453561768 0.9104716227018386 0.8259693417493238 0.9168665067945644
0 0.2980162308385933 0.8896882494004797 0.3002705139765554 0.894484412470024 0.31785392245266003 0.8968824940047961 0.32100991884580704 0.8936850519584333 0.32146077547339946 0.8665067945643485 0.3196573489630297 0.8609112709832134 0.3133453561767358 0.8577138289368506 0.3002705139765554 0.8577138289368506 0.2975653742110009 0.8609112709832134 0.2966636609558161 0.8760991207034373 0.2980162308385933 0.8896882494004797
0 0.6055004508566276 0.586730615507594 0.6158701532912535 0.5963229416466826 0.6203787195671777 0.5971223021582733 0.6226330027051398 0.5947242206235012 0.6230838593327321 0.5915267785771383 0.6208295761947701 0.586730615507594 0.6136158701532913 0.5803357314148682 0.6073038773669973 0.5763389288569145 0.6041478809738504 0.5787370103916867 0.6036970243462578 0.5819344524380495 0.6055004508566276 0.586730615507594
0 0.6816952209197475 0.9184652278177459 0.703336339044184 0.920863309352518 0.706492335437331 0.9144684252597922 0.7060414788097384 0.9088729016786572 0.703336339044184 0.9040767386091128 0.6825969341749324 0.9000799360511591 0.6798917944093779 0.9024780175859313 0.6798917944093779 0.9136690647482014 0.6816952209197475 0.9184652278177459
0 0.8174030658250677 0.6011191047162271 0.8282236248872858 0.5987210231814549 0.8300270513976555 0.595523581135092 0.830477908025248 0.5875299760191847 0.8259693417493238 0.5603517186250999 0.8232642019837692 0.5579536370903277 0.8178539224526601 0.5595523581135092 0.8151487826871056 0.5723421262989609 0.8155996393146979 0.5987210231814549 0.8174030658250677 0.6011191047162271
0 0.9039675383228134 0.469224620303757 0.9215509467989179 0.469224620303757 0.9251577998196574 0.4668265387689848 0.9247069431920649 0.4524380495603517 0.9147880973850315 0.44924060751398887 0.9057709648331831 0.44924060751398887 0.9021641118124436 0.45163868904876103 0.9021641118124436 0.4660271782573941 0.9039675383228134 0.469224620303757
0 0.2867448151487827 0.5187849720223822 0.2894499549143373 0.5123900879296562 0.2889990982867448 0.49800159872102323 0.28088367899008115 0.4756195043964829 0.27862939585211904 0.4596322941646683 0.27547339945897203 0.4540367705835332 0.26916140667267807 0.4540367705835332 0.26420198376916143 0.4596322941646683 0.26194770063119927 0.47641886490807356 0.26284941388638416 0.48121502797761795 0.2583408476104599 0.4908073541167067 0.25743913435527505 0.49640287769784175 0.2578899909828674 0.5147881694644285 0.2867448151487827 0.5187849720223822
0 0.1510369702434626 0.9328537170263789 0.16456266907123535 0.9352517985611511 0.17132551848512173 0.9352517985611511 0.1740306582506763 0.9312549960031975 0.17538322813345356 0.9256594724220625 0.17493237150586113 0.9088729016786572 0.17312894499549145 0.9024780175859313 0.16816952209197475 0.9016786570743406 0.1618575293056808 0.894484412470024 0.1501352569882777 0.8936850519584333 0.14697926059513075 0.8984812150279777 0.14697926059513075 0.9288569144684253 0.1510369702434626 0.9328537170263789
0 0.9851217312894499 0.4924060751398881 0.9995491433724076 0.4932054356514788 0.9995491433724076 0.48201438848920863 0.9828674481514879 0.48201438848920863 0.9824165915238955 0.4876099120703437 0.9851217312894499 0.4924060751398881
0 0.8210099188458071 0.4924060751398881 0.8358881875563571 0.4948041566746603 0.8403967538322813 0.4908073541167067 0.8417493237150586 0.46203037569944044 0.8385933273219116 0.45163868904876103 0.8237150586113616 0.45163868904876103 0.8210099188458071 0.4540367705835332 0.8201082055906221 0.4588329336530776 0.8192064923354373 0.48441247002398086 0.8210099188458071 0.4924060751398881