0 0.5324616771866546 0.2238209432454037 0.5347159603246168 0.22621902478017586 0.5401262398557259 0.22462030375699443 0.5419296663660956 0.21822541966426862 0.539224526600541 0.20623501199040767 0.5365193868349865 0.2014388489208633 0.5311091073038774 0.20223820943245407 0.5288548241659152 0.2094324540367706 0.5324616771866546 0.2238209432454037
0 0.18169522091974755 0.08872901678657075 0.18845807033363393 0.09112709832134293 0.21190261496844004 0.09512390087929656 0.2236248872858431 0.09512390087929656 0.22587917042380526 0.09112709832134293 0.22587917042380526 0.08393285371702638 0.22452660054102797 0.08233413269384492 0.18890892696122633 0.07673860911270983 0.18079350766456267 0.0783373301358913 0.18034265103697025 0.08633093525179857 0.18169522091974755 0.08872901678657075
0 0 0.765787370103917 0.009017132551848512 0.765787370103917 0.01127141568981064 0.762589928057554 0.009467989179440937 0.7394084732214229 0.007664562669071236 0.7330135891286971 0.002254283137962128 0.7306155075939249 0 0.7306155075939249 0 0.765787370103917
0 0.07168620378719567 0.09912070343725021 0.10009017132551848 0.09912070343725021 0.10324616771866547 0.0959232613908873 0.1036970243462579 0.0815347721822542 0.10144274120829576 0.07513988808952839 0.07348963029756538 0.07354116706634693 0.06988277727682597 0.07593924860111911 0.0703336339044184 0.0959232613908873 0.07168620378719567 0.09912070343725021
0 0.13615870153291254 0.701039168665068 0.15284039675383226 0.704236610711431 0.15915238954012625 0.7026378896882494 0.16140667267808836 0.6898481215027978 0.16140667267808836 0.6530775379696243 0.1600541027953111 0.6418864908073542 0.15779981965734896 0.6394884092725819 0.13931469792605952 0.6386890487609912 0.13660955816050496 0.6402877697841727 0.1339044183949504 0.6522781774580336 0.13345356176735798 0.697841726618705 0.13615870153291254 0.701039168665068
0 0.12263300270513977 0.5699440447641887 0.12533814247069433 0.5739408473221423 0.14472497745716864 0.5803357314148682 0.16456266907123535 0.5811350919264588 0.16591523895401264 0.5627498001598722 0.1650135256988278 0.5507593924860112 0.1501352569882777 0.5475619504396483 0.1442741208295762 0.5395683453237411 0.12759242560865644 0.5371702637889688 0.12218214607754734 0.5395683453237411 0.12173128944995491 0.5635491606714629 0.12263300270513977 0.5699440447641887
0 0.3719567177637511 0.9992006394884093 0.506311992786294 0.9992006394884093 0.5162308385933273 0.9928057553956835 0.5595130748422003 0.9768185451638689 0.5689810640216412 0.9712230215827339 0.5721370604147881 0.9632294164668266 0.5716862037871957 0.9496402877697842 0.5743913435527502 0.9280575539568345 0.5820559062218215 0.9184652278177459 0.584761045987376 0.9088729016786572 0.5852119026149685 0.8896882494004797 0.5834084761045988 0.885691446842526 0.5807033363390443 0.8848920863309353 0.5680793507664563 0.8936850519584333 0.5360685302073941 0.9040767386091128 0.5252479711451759 0.9104716227018386 0.44905320108205593 0.9416466826538769 0.4477006311992786 0.947242206235012 0.4522091974752029 0.9720223820943246 0.4499549143372408 0.9752198241406874 0.4310189359783589 0.9848121502797762 0.4287646528403968 0.9856115107913669 0.42515779981965734 0.9776179056754596 0.42651036970243467 0.9688249400479617 0.4247069431920649 0.9552358113509193 0.4174932371505861 0.9560351718625101 0.4161406672678088 0.9584332533972821 0.4003606853020739 0.9632294164668266 0.3692515779981966 0.9776179056754596 0.36880072137060416 0.991207034372502 0.3719567177637511 0.9992006394884093
0 0.28764652840396754 0.44924060751398887 0.32146077547339946 0.4532374100719425 0.33724075743913434 0.45803357314148685 0.34580703336339047 0.4572342126298961 0.3471596032461677 0.4532374100719425 0.3480613165013526 0.4348521183053557 0.34490532010820557 0.4212629896083134 0.3345356176735798 0.4196642685851319 0.327321911632101 0.42286171063149486 0.3002705139765554 0.4140687450039968 0.28990081154192965 0.4140687450039968 0.2862939585211903 0.4212629896083134 0.28584310189359785 0.44604316546762596 0.28764652840396754 0.44924060751398887
0 0.5148782687105501 0.19024780175859313 0.524346257889991 0.18625099920063948 0.5302073940486925 0.17905675459632295 0.5279531109107304 0.16706634692246206 0.5238954012623985 0.15987210231814547 0.5189359783588818 0.16067146282973624 0.5099188458070334 0.16946442845723422 0.5103697024346258 0.18145483613109514 0.5148782687105501 0.19024780175859313
0 0.4945897204688909 0.16946442845723422 0.49729486023444547 0.17266187050359713 0.506311992786294 0.16946442845723422 0.5126239855725879 0.16067146282973624 0.5121731289449956 0.1510791366906475 0.5090171325518486 0.14308553157474022 0.5049594229035167 0.14308553157474022 0.49413886384129846 0.15507593924860114 0.49323715058611367 0.16386890487609912 0.4945897204688909 0.16946442845723422
0 0.23128944995491435 0.37969624300559557 0.23174030658250674 0.4004796163069545 0.23354373309287646 0.4084732214228617 0.2745716862037872 0.4180655475619504 0.28043282236248873 0.4180655475619504 0.2822362488728584 0.41486810551558756 0.28358881875563574 0.38609112709832133 0.2795311091073039 0.37809752198241414 0.260595130748422 0.36850519584332536 0.2339945897204689 0.3669064748201439 0.23083859332732193 0.36930455635491605 0.22993688007213708 0.3733013589128697 0.23128944995491435 0.37969624300559557