0 0.18214607754733994 0.8960831334932055 0.20694319206492334 0.8936850519584333 0.20649233543733095 0.8864908073541167 0.20468890892696123 0.8832933653077538 0.1848512173128945 0.8840927258193446 0.18034265103697025 0.8864908073541167 0.17989179440937783 0.8920863309352519 0.18214607754733994 0.8960831334932055
0 0.9314697926059514 0.04796163069544365 0.9481514878268711 0.05115907274180656 0.9535617673579802 0.04876099120703437 0.9535617673579802 0.03756994404476419 0.9504057709648331 0.03357314148681055 0.9341749323715058 0.031175059952038373 0.9305680793507665 0.03437250199840128 0.930117222723174 0.04316546762589928 0.9314697926059514 0.04796163069544365
0 0.7335437330928765 0.6778577138289369 0.7529305680793508 0.6802557953637091 0.7556357078449053 0.6762589928057555 0.7547339945897205 0.6682653876898482 0.7520288548241659 0.6658673061550759 0.7308385933273219 0.6650679456434853 0.7294860234445446 0.6722621902478018 0.7335437330928765 0.6778577138289369
0 0.2520288548241659 0.8169464428457234 0.26645626690712354 0.818545163868905 0.27006311992786297 0.815347721822542 0.27051397655545534 0.8105515587529977 0.2687105500450857 0.806554756195044 0.25969341749323716 0.8049560351718625 0.2551848512173129 0.8001598721023181 0.25067628494138866 0.8017585931254997 0.25022542831379624 0.8113509192645884 0.2520288548241659 0.8169464428457234
0 0.17493237150586113 0.797761790567546 0.1830477908025248 0.797761790567546 0.18575293056807937 0.7937649880095924 0.18575293056807937 0.7889688249400479 0.1834986474301172 0.7857713828936851 0.172678088367899 0.7857713828936851 0.17222723174030657 0.7929656274980017 0.17493237150586113 0.797761790567546
0 0.09603246167718665 0.8792965627498002 0.09828674481514879 0.8832933653077538 0.11226330027051398 0.8840927258193446 0.11587015329125337 0.8792965627498002 0.11587015329125337 0.8609112709832134 0.11316501352569883 0.8497202238209433 0.09738503155996393 0.8481215027977619 0.0951307484220018 0.8513189448441247 0.09467989179440937 0.8689048760991207 0.09603246167718665 0.8792965627498002
0 0.18214607754733994 0.8792965627498002 0.20513976555455368 0.8760991207034373 0.20649233543733095 0.8729016786570745 0.2060414788097385 0.8665067945643485 0.2037871956717764 0.8641087130295764 0.1812443642921551 0.8657074340527579 0.178990081154193 0.8697042366107114 0.17853922452660054 0.8760991207034373 0.18214607754733994 0.8792965627498002
0 0.11045987376014427 0.7857713828936851 0.11992786293958521 0.7897681854516387 0.12714156898106402 0.7897681854516387 0.1284941388638413 0.7873701039168666 0.12984670874661858 0.765787370103917 0.12714156898106402 0.7561950439648283 0.1127141568981064 0.7529976019184652 0.10775473399458972 0.7585931254996003 0.10685302073940486 0.7721822541966427 0.11045987376014427 0.7857713828936851
0 0.13706041478809738 0.2829736211031175 0.15419296663660956 0.2853717026378897 0.16275924256086563 0.2829736211031175 0.1636609558160505 0.26538768984812156 0.16140667267808836 0.26059152677857716 0.1411181244364292 0.25739408473221426 0.13345356176735798 0.2597921662669864 0.13345356176735798 0.27258193445243806 0.13706041478809738 0.2829736211031175
0 0.9702434625789 0.5755395683453238 0.9828674481514879 0.5787370103916867 0.9873760144274121 0.5771382893685052 0.9860234445446348 0.5683453237410072 0.978809738503156 0.5595523581135092 0.9697926059513075 0.5587529976019185 0.9684400360685302 0.5619504396482814 0.9679891794409378 0.5707434052757794 0.9702434625789 0.5755395683453238
0 0.1834986474301172 0.2869704236610712 0.20198376916140667 0.29176658673061556 0.20649233543733095 0.29176658673061556 0.20784490532010821 0.28936850519584334 0.20829576194770064 0.27737809752198245 0.20649233543733095 0.27258193445243806 0.1956717763751127 0.27098321342925663 0.1825969341749324 0.2637889688249401 0.18034265103697025 0.26538768984812156 0.17944093778178538 0.2765787370103917 0.1834986474301172 0.2869704236610712
0 0.23715058611361586 0.11031175059952039 0.25743913435527505 0.1111111111111111 0.2655545536519387 0.10951239008792966 0.2673579801623084 0.10551558752997602 0.26690712353471596 0.09512390087929656 0.2655545536519387 0.09432454036770584 0.25743913435527505 0.09352517985611512 0.25067628494138866 0.0959232613908873 0.24526600541027954 0.09192645883293366 0.23669972948602347 0.09112709832134293 0.23354373309287646 0.09512390087929656 0.23309287646528404 0.10711430855315748 0.23715058611361586 0.11031175059952039
0 0.23083859332732193 0.29576338928856916 0.2407574391343553 0.2981614708233413 0.25247971145175835 0.2965627498001599 0.25247971145175835 0.2813749000799361 0.2511271415689811 0.2749800159872102 0.23354373309287646 0.27098321342925663 0.2285843101893598 0.2733812949640288 0.2285843101893598 0.2869704236610712 0.23083859332732193 0.29576338928856916
0 0.16591523895401264 0.7793764988009593 0.18214607754733994 0.7809752198241406 0.18620378719567177 0.7777777777777778 0.18620378719567177 0.771382893685052 0.1825969341749324 0.7681854516386891 0.16456266907123535 0.765787370103917 0.1618575293056808 0.7689848121502798 0.16275924256086563 0.7761790567545964 0.16591523895401264 0.7793764988009593
0 0.16095581605049597 0.8737010391686652 0.1654643823264202 0.8745003996802558 0.17177637511271418 0.871302957633893 0.17222723174030657 0.8633093525179857 0.16997294860234446 0.8553157474020784 0.1650135256988278 0.8529176658673061 0.15960324616771868 0.8545163868904877 0.15915238954012625 0.862509992006395 0.16095581605049597 0.8737010391686652
0 0.6979260595130748 0.4708233413269384 0.703336339044184 0.4748201438848921 0.7096483318304779 0.4740207833733014 0.7137060414788097 0.4636290967226219 0.7137060414788097 0.4276578737010392 0.7069431920649234 0.42206235011990406 0.7028854824165914 0.42286171063149486 0.6961226330027052 0.4292565947242206 0.6952209197475203 0.4396482813749001 0.694770063119928 0.45643485211830537 0.6979260595130748 0.4708233413269384
0 0.19431920649233542 0.915267785771383 0.21009918845807032 0.9168665067945644 0.21235347159603246 0.9144684252597922 0.21280432822362488 0.9088729016786572 0.21055004508566277 0.9048760991207034 0.19296663660955815 0.9040767386091128 0.19251577998196576 0.9112709832134293 0.19431920649233542 0.915267785771383
0 0.07844905320108204 0.9000799360511591 0.09603246167718665 0.9000799360511591 0.10820559062218214 0.8968824940047961 0.1073038773669973 0.8904876099120704 0.10550045085662758 0.8888888888888888 0.07799819657348962 0.8880895283772982 0.07529305680793508 0.8904876099120704 0.07484220018034266 0.8968824940047961 0.07844905320108204 0.9000799360511591
0 0.18890892696122633 0.10311750599520383 0.20513976555455368 0.10631494804156676 0.21550946798917944 0.10631494804156676 0.21776375112714155 0.10391686650679458 0.21731289449954916 0.0903277378097522 0.21325518485121733 0.08233413269384492 0.19927862939585214 0.08393285371702638 0.1956717763751127 0.07993605115907274 0.18710550045085664 0.0815347721822542 0.18710550045085664 0.09992006394884093 0.18890892696122633 0.10311750599520383
0 0.706492335437331 0.2589928057553957 0.7100991884580703 0.2549960031974421 0.7087466185752931 0.24460431654676262 0.7055906221821461 0.23661071143085532 0.6925157799819658 0.23421262989608316 0.6884580703336339 0.24060751398880897 0.6889089269612263 0.25819344524380494 0.706492335437331 0.2589928057553957