0 0.9598737601442742 0.5411670663469225 0.9797114517583408 0.5499600319744204 0.9846708746618575 0.5491606714628298 0.9855725879170424 0.5355715427657874 0.9828674481514879 0.5291766586730615 0.963931469792606 0.5171862509992007 0.9589720468890893 0.5163868904876099 0.9558160504959423 0.5195843325339728 0.9558160504959423 0.5315747402078338 0.9598737601442742 0.5411670663469225
0 0.6925157799819658 0.806554756195044 0.7010820559062219 0.8121502797761792 0.7069431920649234 0.8129496402877698 0.7105500450856627 0.8057553956834532 0.715960324616772 0.8025579536370904 0.7191163210099188 0.7897681854516387 0.7182146077547341 0.7833733013589129 0.715960324616772 0.7793764988009593 0.6997294860234445 0.7697841726618705 0.6956717763751128 0.771382893685052 0.6929666366095582 0.7825739408473221 0.6902614968440036 0.8017585931254997 0.6925157799819658 0.806554756195044
0 0.0545536519386835 0.37969624300559557 0.05725879170423805 0.3820943245403677 0.06807935076645627 0.3844924060751399 0.07799819657348962 0.39568345323741005 0.08836789900811542 0.4012789768185452 0.0951307484220018 0.4012789768185452 0.09918845807033362 0.39488409272581937 0.0951307484220018 0.3749000799360512 0.07439134355275022 0.354916067146283 0.06762849413886383 0.35091926458832934 0.06266907123534717 0.35091926458832934 0.05680793507664563 0.3597122302158273 0.05410279531109107 0.3741007194244605 0.0545536519386835 0.37969624300559557
0 0.9842200180342651 0.4708233413269384 0.9905320108205591 0.47641886490807356 0.9950405770964834 0.47641886490807356 0.9995491433724076 0.47002398081534774 0.9995491433724076 0.4508393285371703 0.9896302975653742 0.4452438049560352 0.9860234445446348 0.44604316546762596 0.9837691614066727 0.45003996802557955 0.9828674481514879 0.4668265387689848 0.9842200180342651 0.4708233413269384
0 0.3651938683498648 0.4836131095123901 0.37556357078449054 0.495603517186251 0.3805229936880072 0.495603517186251 0.3868349864743012 0.47801758593125504 0.3868349864743012 0.47002398081534774 0.38458070333633904 0.46203037569944044 0.3805229936880072 0.45483613109512394 0.37691614066726786 0.4524380495603517 0.3701532912533814 0.4532374100719425 0.3642921550946799 0.4684252597921663 0.36384129846708746 0.4796163069544365 0.3651938683498648 0.4836131095123901
0 0.9616771866546439 0.8729016786570745 0.9666366095581606 0.8737010391686652 0.9702434625789 0.8697042366107114 0.9747520288548243 0.8689048760991207 0.9896302975653742 0.8760991207034373 0.9995491433724076 0.876898481215028 0.9995491433724076 0.841726618705036 0.9878268710550046 0.8345323741007195 0.9666366095581606 0.827338129496403 0.9625788999098286 0.8369304556354917 0.9598737601442742 0.8569144684252599 0.9594229035166817 0.8673061550759393 0.9616771866546439 0.8729016786570745
0 0.1411181244364292 0.08792965627498003 0.15419296663660956 0.09832134292565947 0.15779981965734896 0.09432454036770584 0.16140667267808836 0.08233413269384492 0.1600541027953111 0.07194244604316548 0.1478809738503156 0.06155075939248601 0.14292155094679893 0.0671462829736211 0.14021641118124437 0.07753796962430057 0.1411181244364292 0.08792965627498003
0 0.0369702434625789 0.6650679456434853 0.03787195671776375 0.6714628297362111 0.04508566275924256 0.6834532374100719 0.05004508566275924 0.6866506794564349 0.05365193868349865 0.6770583533173462 0.05680793507664563 0.657074340527578 0.05049594229035167 0.6490807354116707 0.045987376014427414 0.636290967226219 0.04057709648331831 0.6290967226219025 0.035617673579801626 0.6258992805755397 0.03201082055906222 0.636290967226219 0.029305680793507663 0.6546762589928058 0.0369702434625789 0.6650679456434853
0 0.30613165013525695 0.4836131095123901 0.30613165013525695 0.4876099120703437 0.31244364292155097 0.49800159872102323 0.31785392245266003 0.49960031974420466 0.32191163210099194 0.49160671462829736 0.32146077547339946 0.4828137490007994 0.3155996393146979 0.469224620303757 0.3133453561767358 0.4684252597921663 0.3106402164111813 0.4716227018385292 0.30928764652840396 0.4788169464428457 0.30613165013525695 0.4836131095123901
0 0.30703336339044185 0.42286171063149486 0.3137962128043282 0.4268585131894485 0.3183047790802525 0.4260591526778577 0.32642019837691616 0.4020783373301359 0.32506762849413884 0.39648281374900085 0.31920649233543735 0.38609112709832133 0.31424706943192066 0.3836930455635492 0.3106402164111813 0.390087929656275 0.30613165013525695 0.4092725819344525 0.3056807935076645 0.4196642685851319 0.30703336339044185 0.42286171063149486
0 0.7335437330928765 0.862509992006395 0.7475202885482417 0.8721023181454837 0.7619477006311993 0.8760991207034373 0.7664562669071235 0.8577138289368506 0.7714156898106402 0.8217426059152678 0.7709648331830479 0.8169464428457234 0.7687105500450856 0.8113509192645884 0.7542831379621281 0.8073541167066347 0.7484220018034266 0.8377298161470824 0.7366997294860235 0.8353317346123101 0.7339945897204688 0.8385291766586731 0.7326420198376916 0.844924060751399 0.7321911632100992 0.8585131894484412 0.7335437330928765 0.862509992006395
0 0.151487826871055 0.14308553157474022 0.16456266907123535 0.1542765787370104 0.16816952209197475 0.1542765787370104 0.175834084761046 0.1334932054356515 0.17673579801623085 0.12150279776179057 0.16907123534715962 0.10951239008792966 0.16140667267808836 0.10311750599520383 0.15779981965734896 0.10311750599520383 0.1501352569882777 0.13269384492406078 0.1496844003606853 0.1398880895283773 0.151487826871055 0.14308553157474022
0 0.0040577096483318306 0.328537170263789 0.01127141568981064 0.3341326938449241 0.015329125338142471 0.3341326938449241 0.019837691614066726 0.3213429256594725 0.02073940486925158 0.31414868105515587 0.011722272317403066 0.30135891286970423 0.008115419296663661 0.2997601918465228 0.004959422903516681 0.30375699440447645 0.002254283137962128 0.3149480415667466 0.0018034265103697026 0.3205435651478817 0.0040577096483318306 0.328537170263789
0 0.28268710550045084 0.6674660271782575 0.2862939585211903 0.6642685851318945 0.29080252479711455 0.636290967226219 0.2862939585211903 0.6282973621103117 0.2795311091073039 0.6227018385291766 0.2745716862037872 0.6219024780175859 0.27051397655545534 0.6258992805755397 0.2651036970243463 0.6442845723421263 0.2651036970243463 0.6562749800159873 0.28268710550045084 0.6674660271782575
0 0.5802524797114518 0.9192645883293366 0.5964833183047792 0.929656274980016 0.6005410279531108 0.929656274980016 0.6032461677186655 0.9264588329336532 0.60595130748422 0.9112709832134293 0.60595130748422 0.9032773780975221 0.6009918845807034 0.8936850519584333 0.5888187556357078 0.8864908073541167 0.5811541929666366 0.885691446842526 0.5779981965734896 0.9016786570743406 0.5770964833183048 0.9128697042366107 0.5802524797114518 0.9192645883293366
0 0.6348061316501352 0.8585131894484412 0.639765554553652 0.8569144684252599 0.6424706943192064 0.8401278976818546 0.6424706943192064 0.827338129496403 0.6352569882777277 0.8209432454036771 0.6311992786293958 0.8201438848920864 0.6293958521190262 0.8217426059152678 0.6275924256086564 0.8313349320543566 0.6257889990982868 0.8521183053557154 0.6348061316501352 0.8585131894484412
0 0.09062218214607755 0.7442046362909672 0.11181244364292155 0.7617905675459633 0.11677186654643823 0.7561950439648283 0.12353471596032461 0.7274180655475619 0.12263300270513977 0.7226219024780176 0.11541929666366096 0.7178257394084733 0.10865644724977458 0.7058353317346123 0.10234445446348062 0.6994404476418865 0.09738503155996393 0.704236610711431 0.08926961226330027 0.7234212629896084 0.08836789900811542 0.7354116706634692 0.09062218214607755 0.7442046362909672
0 0.28990081154192965 0.24860111910471622 0.2944093778178539 0.24460431654676262 0.2971145175834085 0.2302158273381295 0.2966636609558161 0.21982414068745004 0.29531109107303877 0.21342925659472425 0.28809738503155996 0.20223820943245407 0.28584310189359785 0.19984012789768185 0.281785392245266 0.2006394884092726 0.27862939585211904 0.2070343725019984 0.2750225428313796 0.2214228617106315 0.27547339945897203 0.23820943245403678 0.28990081154192965 0.24860111910471622
0 0.3020739404869252 0.2829736211031175 0.3034265103697024 0.2885691446842526 0.30477908025247974 0.2885691446842526 0.30703336339044185 0.2869704236610712 0.3106402164111813 0.2749800159872102 0.3151487826871055 0.25259792166266987 0.31424706943192066 0.24860111910471622 0.31109107303877365 0.24540367705835334 0.3007213706041479 0.2414068745003997 0.2984670874661858 0.24460431654676262 0.29531109107303877 0.2613908872901679 0.29531109107303877 0.2733812949640288 0.3020739404869252 0.2829736211031175
0 0.2533814247069432 0.8729016786570745 0.26284941388638416 0.8784972022382095 0.2696122633002705 0.876898481215028 0.27592425608656446 0.8561151079136692 0.27592425608656446 0.8489208633093526 0.2687105500450857 0.8225419664268585 0.26194770063119927 0.818545163868905 0.2578899909828674 0.8265387689848122 0.25067628494138866 0.859312549960032 0.25067628494138866 0.8689048760991207 0.2533814247069432 0.8729016786570745
0 0.2993688007213706 0.5323741007194245 0.30703336339044185 0.5411670663469225 0.31018935978358886 0.5395683453237411 0.31424706943192066 0.5299760191846523 0.3151487826871055 0.5155875299760192 0.31154192966636607 0.5059952038369305 0.3065825067628494 0.504396482813749 0.3034265103697024 0.5059952038369305 0.29981965734896304 0.5123900879296562 0.2980162308385933 0.5203836930455635 0.2975653742110009 0.525179856115108 0.2993688007213706 0.5323741007194245
0 0.3471596032461677 0.06314948041566747 0.35933273219116324 0.07513988808952839 0.3629395852119026 0.07513988808952839 0.3660955816050496 0.06554756195043965 0.36384129846708746 0.04476418864908074 0.3557258791704238 0.03357314148681055 0.35121731289449953 0.03437250199840128 0.34761045987376016 0.04476418864908074 0.3462578899909829 0.05675459632294165 0.3471596032461677 0.06314948041566747
0 0.17853922452660054 0.26618705035971224 0.1830477908025248 0.26458832933653076 0.18440036068530208 0.24380495603517185 0.18755635707844906 0.2278177458033573 0.18710550045085664 0.22062350119904078 0.18530207394048692 0.21662669864108713 0.17853922452660054 0.2094324540367706 0.17222723174030657 0.20863309352517986 0.16771866546438233 0.21742605915267785 0.16456266907123535 0.2358113509192646 0.16456266907123535 0.25259792166266987 0.17853922452660054 0.26618705035971224
0 0.7628494138863842 0.8081534772182254 0.7691614066726781 0.8081534772182254 0.7705139765554554 0.8041566746602719 0.7727682596934174 0.7945643485211831 0.7727682596934174 0.7841726618705037 0.7673579801623084 0.7721822541966427 0.7520288548241659 0.7617905675459633 0.7430117222723175 0.7601918465227818 0.7407574391343553 0.7633892885691447 0.739404869251578 0.7745803357314149 0.739404869251578 0.797761790567546 0.7628494138863842 0.8081534772182254
0 0.44229035166816955 0.11270983213429257 0.4522091974752029 0.11910471622701839 0.45626690712353474 0.11910471622701839 0.45761947700631195 0.1167066346922462 0.4594229035166817 0.09672262190247803 0.45671776375112716 0.08872901678657075 0.4495040577096483 0.08313349320543566 0.44048692515779986 0.0815347721822542 0.4386834986474301 0.08313349320543566 0.43733092876465285 0.0903277378097522 0.4368800721370604 0.10231814548361312 0.44229035166816955 0.11270983213429257
0 0.109107303877367 0.26458832933653076 0.11587015329125337 0.27258193445243806 0.1212804328223625 0.2717825739408473 0.12398557258791705 0.26298960831334933 0.12398557258791705 0.2549960031974421 0.12037871956717765 0.24620303756994405 0.1109107303877367 0.23900879296562752 0.10550045085662758 0.23900879296562752 0.1036970243462579 0.24300559552358114 0.1036970243462579 0.2533972821742606 0.109107303877367 0.26458832933653076
0 0.1654643823264202 0.6642685851318945 0.16997294860234446 0.6690647482014389 0.175834084761046 0.6650679456434853 0.18079350766456267 0.6458832933653078 0.178990081154193 0.6370903277378098 0.16591523895401264 0.6258992805755397 0.1618575293056808 0.6282973621103117 0.1587015329125338 0.636290967226219 0.1587015329125338 0.6474820143884892 0.1654643823264202 0.6642685851318945
0 0.2357980162308386 0.7897681854516387 0.24391343552750228 0.7929656274980017 0.2497745716862038 0.7897681854516387 0.25067628494138866 0.7825739408473221 0.24932371505861137 0.7761790567545964 0.23895401262398558 0.7641886490807354 0.23264201983769162 0.7649880095923263 0.2290351668169522 0.7745803357314149 0.2290351668169522 0.7825739408473221 0.2357980162308386 0.7897681854516387
0 0.3174030658250676 0.8353317346123101 0.32146077547339946 0.8297362110311751 0.3237150586113616 0.818545163868905 0.3237150586113616 0.8121502797761792 0.32191163210099194 0.8081534772182254 0.3137962128043282 0.806554756195044 0.31018935978358886 0.815347721822542 0.31018935978358886 0.8321342925659473 0.3174030658250676 0.8353317346123101
0 0.34445446348061315 0.7793764988009593 0.3503155996393147 0.7865707434052758 0.3557258791704238 0.7889688249400479 0.35843101893597834 0.7865707434052758 0.3606853020739405 0.7753796962430056 0.35888187556357076 0.762589928057554 0.3503155996393147 0.753796962430056 0.345356176735798 0.7545963229416467 0.3440036068530208 0.7593924860111911 0.3431018935978359 0.7721822541966427 0.34445446348061315 0.7793764988009593
0 0.32596934174932374 0.3061550759392486 0.3376916140667268 0.3213429256594725 0.3440036068530208 0.3205435651478817 0.3489630297565374 0.30295763389288566 0.348512173128945 0.29416466826538773 0.3340847610459874 0.28377298161470826 0.3309287646528404 0.28377298161470826 0.327321911632101 0.2885691446842526 0.32461677186654647 0.2965627498001599 0.32596934174932374 0.3061550759392486
0 0.9733994589720468 0.49960031974420466 0.9869251577998197 0.5067945643485212 0.9914337240757439 0.5027977617905676 0.9914337240757439 0.4924060751398881 0.9900811541929667 0.49000799360511593 0.9779080252479712 0.4860111910471623 0.9702434625789 0.48840927258193445 0.9697926059513075 0.4940047961630696 0.9733994589720468 0.49960031974420466
0 0.009017132551848512 0.9016786570743406 0.015329125338142471 0.9112709832134293 0.02254283137962128 0.9048760991207034 0.02614968440036069 0.8872901678657075 0.023895401262398558 0.8816946442845724 0.008566275924256087 0.8665067945643485 0.003606853020739405 0.8792965627498002 0.002254283137962128 0.8968824940047961 0.009017132551848512 0.9016786570743406
0 0.6384129846708747 0.7753796962430056 0.6406672678088369 0.7857713828936851 0.6438232642019839 0.7889688249400479 0.654643823264202 0.7945643485211831 0.6609558160504959 0.7945643485211831 0.6650135256988278 0.7857713828936851 0.6650135256988278 0.7705835331734613 0.6618575293056808 0.762589928057554 0.6388638412984671 0.7529976019184652 0.636609558160505 0.7529976019184652 0.6339044183949504 0.7593924860111911 0.6339044183949504 0.7689848121502798 0.6384129846708747 0.7753796962430056
0 0.7168620378719567 0.8217426059152678 0.7294860234445446 0.827338129496403 0.7344454463480614 0.8249400479616307 0.7371505861136158 0.8073541167066347 0.7344454463480614 0.7953637090327739 0.7281334535617674 0.7889688249400479 0.7200180342651037 0.7849720223820944 0.7182146077547341 0.7865707434052758 0.715960324616772 0.7993605115907274 0.7155094679891795 0.8145483613109513 0.7168620378719567 0.8217426059152678
0 0.33047790802524796 0.4180655475619504 0.33047790802524796 0.4276578737010392 0.3417493237150586 0.4404476418864908 0.345356176735798 0.4396482813749001 0.35211902614968443 0.4212629896083134 0.351668169522092 0.4140687450039968 0.33814247069431924 0.4004796163069545 0.3340847610459874 0.4004796163069545 0.3313796212804328 0.40687450039968026 0.3322813345356177 0.41167066346922465 0.33047790802524796 0.4180655475619504
0 0.06176735798016231 0.04796163069544365 0.06311992786293959 0.05195843325339729 0.060414788097385035 0.06794564348521183 0.06898106402164111 0.07913669064748202 0.07664562669071236 0.0815347721822542 0.08385933273219116 0.05195843325339729 0.08385933273219116 0.04316546762589928 0.07348963029756538 0.0319744204636291 0.06447249774571685 0.018385291766586733 0.060414788097385035 0.02158273381294964 0.05770964833183048 0.03597122302158274 0.05770964833183048 0.045563549160671464 0.06176735798016231 0.04796163069544365
0 0.3963029756537421 0.5411670663469225 0.40486925157799825 0.5411670663469225 0.4075743913435528 0.5299760191846523 0.4075743913435528 0.5211830535571543 0.4030658250676285 0.513189448441247 0.3841298467087466 0.5019984012789769 0.3796212804328224 0.5083932853717026 0.3800721370604148 0.5267785771382895 0.3963029756537421 0.5411670663469225
0 0.3525698827772768 0.23421262989608316 0.3624887285843102 0.2414068745003997 0.3660955816050496 0.2334132693844924 0.3692515779981966 0.21342925659472425 0.3669972948602344 0.20543565147881696 0.357980162308386 0.19984012789768185 0.35527502254283133 0.20223820943245407 0.3507664562669071 0.21982414068745004 0.3503155996393147 0.2302158273381295 0.3525698827772768 0.23421262989608316
0 0.7100991884580703 0.7450039968025579 0.7200180342651037 0.748201438848921 0.7227231740306583 0.7442046362909672 0.7240757439134355 0.7282174260591526 0.7204688908926962 0.7202238209432456 0.7119026149684401 0.7170263788968825 0.7096483318304779 0.7178257394084733 0.7073940486925159 0.7226219024780176 0.7069431920649234 0.7346123101518786 0.7100991884580703 0.7450039968025579
0 0.26284941388638416 0.9144684252597922 0.26916140667267807 0.9216626698641087 0.27592425608656446 0.9232613908872902 0.2795311091073039 0.9192645883293366 0.28268710550045084 0.9104716227018386 0.28403967538322816 0.8968824940047961 0.2799819657348963 0.8848920863309353 0.27141568981064024 0.8808952837729817 0.2673579801623084 0.8848920863309353 0.26149684400360684 0.9032773780975221 0.2610459873760144 0.9112709832134293 0.26284941388638416 0.9144684252597922
0 0.3471596032461677 0.7585931254996003 0.351668169522092 0.7585931254996003 0.348512173128945 0.7545963229416467 0.345356176735798 0.7585931254996003 0.345356176735798 0.7721822541966427 0.3471596032461677 0.7585931254996003
0 0.3237150586113616 0.7266187050359713 0.33047790802524796 0.7362110311750599 0.3345356176735798 0.7362110311750599 0.33859332732191166 0.7274180655475619 0.33904418394950403 0.7138289368505196 0.3318304779080253 0.7058353317346123 0.327321911632101 0.7058353317346123 0.32461677186654647 0.7114308553157473 0.32281334535617673 0.7178257394084733 0.3237150586113616 0.7266187050359713
0 0.23489630297565375 0.0783373301358913 0.24391343552750228 0.08553157474020784 0.24932371505861137 0.0783373301358913 0.25022542831379624 0.06634692246203039 0.24752028854824168 0.060751398880895285 0.2344454463480613 0.049560351718625106 0.23083859332732193 0.0583533173461231 0.23038773669972948 0.0671462829736211 0.23489630297565375 0.0783373301358913