0 0.890892696122633 0.2717825739408473 0.9030658250676284 0.2813749000799361 0.9089269612263301 0.2749800159872102 0.9107303877366997 0.26618705035971224 0.9102795311091073 0.2589928057553957 0.9071235347159603 0.25099920063948844 0.9008115419296664 0.24300559552358114 0.8954012623985572 0.23900879296562752 0.8913435527502254 0.23900879296562752 0.8877366997294861 0.2517985611510791 0.8872858431018936 0.2621902478017586 0.890892696122633 0.2717825739408473
0 0.7303877366997296 0.5995203836930456 0.7376014427412083 0.5939248601119105 0.7407574391343553 0.5883293365307755 0.7403065825067628 0.5843325339728218 0.7357980162308386 0.5787370103916867 0.7308385933273219 0.577937649880096 0.7263300270513976 0.5851318944844125 0.7254283137962128 0.5931254996003198 0.7303877366997296 0.5995203836930456
0 0.6780883678990081 0.495603517186251 0.6844003606853021 0.49960031974420466 0.6889089269612263 0.49720223820943243 0.690712353471596 0.48441247002398086 0.6898106402164111 0.47002398081534774 0.6848512173128946 0.4636290967226219 0.6803426510369702 0.46282973621103124 0.6771866546438233 0.4668265387689848 0.675834084761046 0.47322142286171065 0.6753832281334536 0.4804156674660272 0.6780883678990081 0.495603517186251
0 0.022993688007213707 0.2222222222222222 0.03922452660054102 0.23900879296562752 0.0545536519386835 0.2501998401278977 0.05725879170423805 0.25099920063948844 0.059062218214607755 0.24860111910471622 0.06357078449053201 0.22462030375699443 0.06086564472497746 0.21742605915267785 0.03291253381424707 0.19264588329336532 0.029305680793507663 0.19264588329336532 0.027051397655545536 0.19584332533972823 0.022091974752028856 0.2126298960831335 0.02164111812443643 0.21982414068745004 0.022993688007213707 0.2222222222222222
0 0.7132551848512173 0.5395683453237411 0.7204688908926962 0.5395683453237411 0.7353471596032463 0.5355715427657874 0.7371505861136158 0.5331734612310152 0.7376014427412083 0.5283772981614708 0.7357980162308386 0.5243804956035172 0.7308385933273219 0.521982414068745 0.7168620378719567 0.5227817745803358 0.7132551848512173 0.5259792166266987 0.7110009017132553 0.5323741007194245 0.7105500450856627 0.5355715427657874 0.7132551848512173 0.5395683453237411
0 0.8755635707844905 0.05595523581135092 0.8764652840396754 0.0639488409272582 0.8935978358881875 0.0815347721822542 0.897204688908927 0.07993605115907274 0.9017132551848512 0.0671462829736211 0.9026149684400361 0.04316546762589928 0.8868349864743011 0.02877697841726619 0.8836789900811541 0.023181454836131096 0.8800721370604149 0.023980815347721826 0.8778178539224527 0.031175059952038373 0.8778178539224527 0.04316546762589928 0.8755635707844905 0.05595523581135092
0 0.7569882777276826 0.24860111910471622 0.7655545536519388 0.2549960031974421 0.7687105500450856 0.2549960031974421 0.7750225428313796 0.24060751398880897 0.7732191163210099 0.23261390887290168 0.763751127141569 0.2238209432454037 0.7587917042380523 0.22621902478017586 0.7556357078449053 0.23820943245403678 0.7556357078449053 0.24540367705835334 0.7569882777276826 0.24860111910471622
0 0.7592425608656448 0.577937649880096 0.7826871055004508 0.5907274180655476 0.7867448151487827 0.5907274180655476 0.7894499549143373 0.5859312549960032 0.7912533814247069 0.5707434052757794 0.7903516681695222 0.5635491606714629 0.7795311091073039 0.5523581135091926 0.7619477006311993 0.5475619504396483 0.75834084761046 0.5531574740207834 0.7569882777276826 0.5595523581135092 0.7560865644724978 0.5723421262989609 0.7592425608656448 0.577937649880096
0 0.9905320108205591 0.40447641886490815 0.9995491433724076 0.4092725819344525 0.9995491433724076 0.38609112709832133 0.9909828674481516 0.38529176658673064 0.9878268710550046 0.39168665067945646 0.9873760144274121 0.3980815347721823 0.9905320108205591 0.40447641886490815
0 0.4382326420198377 0.7378097521982414 0.445897204688909 0.7442046362909672 0.4495040577096483 0.7434052757793765 0.45536519386834984 0.7250199840127898 0.45356176735798015 0.7130295763389289 0.45130748422001804 0.7090327737809753 0.43913435527502254 0.7002398081534772 0.436429215509468 0.7034372501998403 0.4346257889990983 0.7106314948041567 0.4341749323715059 0.7170263788968825 0.4382326420198377 0.7378097521982414
0 0.7231740306582507 0.4060751398880896 0.7272317403065826 0.4188649080735412 0.7321911632100992 0.4188649080735412 0.7380522993688007 0.398880895283773 0.7376014427412083 0.3820943245403677 0.7303877366997296 0.37250199840127896 0.7222723174030657 0.36930455635491605 0.7182146077547341 0.3733013589128697 0.7155094679891795 0.3844924060751399 0.715960324616772 0.398880895283773 0.7231740306582507 0.4060751398880896
0 0.31785392245266003 0.4420463629096723 0.33498647430117223 0.4612310151878497 0.33814247069431924 0.45803357314148685 0.34445446348061315 0.43884892086330934 0.34761045987376016 0.4092725819344525 0.3471596032461677 0.3996802557953637 0.34265103697024346 0.39408473221422863 0.33814247069431924 0.39408473221422863 0.3327321911632101 0.40367705835331735 0.3268710550045086 0.4020783373301359 0.3223624887285843 0.4100719424460432 0.3174030658250676 0.4372501998401279 0.31785392245266003 0.4420463629096723
0 0.47069431920649235 0.5851318944844125 0.481965734896303 0.5931254996003198 0.5099188458070334 0.6211031175059952 0.5148782687105501 0.6235011990407675 0.5193868349864743 0.6211031175059952 0.5256988277727683 0.6035171862509993 0.5220919747520288 0.5811350919264588 0.5054102795311091 0.5667466027178258 0.5004508566275925 0.565947242206235 0.4959422903516682 0.5571542765787371 0.47971145175834085 0.542765787370104 0.47385031559963936 0.5443645083932854 0.47249774571686204 0.5603517186250999 0.46934174932371503 0.5707434052757794 0.4688908926961226 0.5787370103916867 0.47069431920649235 0.5851318944844125
0 0.7308385933273219 0.5715427657873702 0.7376014427412083 0.5715427657873702 0.7421100090171326 0.5611510791366906 0.74165915238954 0.5555555555555556 0.7385031559963932 0.5515587529976019 0.7317403065825068 0.5515587529976019 0.7285843101893598 0.5555555555555556 0.7272317403065826 0.5619504396482814 0.7308385933273219 0.5715427657873702
0 0.8543733092876465 0.07513988808952839 0.8584310189359784 0.07913669064748202 0.8651938683498648 0.07753796962430057 0.8733092876465285 0.05115907274180656 0.8751127141568981 0.03916866506794565 0.8742110009017132 0.030375699440447643 0.8660955816050496 0.020783373301358914 0.8593327321911632 0.019984012789768184 0.8503155996393147 0.05675459632294165 0.8498647430117223 0.06554756195043965 0.8543733092876465 0.07513988808952839
0 0.1582506762849414 0.04636290967226219 0.16230838593327324 0.0407673860911271 0.1672678088367899 0.02158273381294964 0.16456266907123535 0.011191047162270184 0.15599639314697925 0.00319744204636291 0.15193868349864742 0.002398081534772182 0.14743011722272317 0.009592326139088728 0.14337240757439135 0.023980815347721826 0.14337240757439135 0.032773780975219824 0.1582506762849414 0.04636290967226219
0 0.8255184851217313 0.9816147082334133 0.8385933273219116 0.9920063948840928 0.8453561767357981 0.9800159872102319 0.8471596032461677 0.9656274980015987 0.8458070333633905 0.9568345323741008 0.8422001803426511 0.9520383693045564 0.8313796212804329 0.9488409272581935 0.827321911632101 0.9528377298161471 0.8237150586113616 0.9680255795363709 0.8232642019837692 0.9768185451638689 0.8255184851217313 0.9816147082334133
0 0.29981965734896304 0.4260591526778577 0.3034265103697024 0.43085531574740216 0.31244364292155097 0.4348521183053557 0.3160504959422904 0.434052757793765 0.31920649233543735 0.425259792166267 0.32146077547339946 0.4004796163069545 0.31875563570784493 0.3908872901678657 0.31244364292155097 0.3828936850519585 0.30703336339044185 0.3820943245403677 0.3034265103697024 0.38848920863309355 0.2984670874661858 0.4092725819344525 0.29981965734896304 0.4260591526778577
0 0.08836789900811542 0.23661071143085532 0.09332732191163211 0.23900879296562752 0.11181244364292155 0.23900879296562752 0.11541929666366096 0.23501199040767387 0.11677186654643823 0.21822541966426862 0.11316501352569883 0.20783373301358915 0.08972046889089269 0.20543565147881696 0.08701532912533815 0.20863309352517986 0.08656447249774572 0.2214228617106315 0.08836789900811542 0.23661071143085532
0 0.9458972046889089 0.7945643485211831 0.9603246167718665 0.8041566746602719 0.9706943192064924 0.7817745803357314 0.9729486023444545 0.7697841726618705 0.9729486023444545 0.7561950439648283 0.9702434625789 0.7490007993605117 0.9598737601442742 0.7418065547561951 0.958521190261497 0.7434052757793765 0.9549143372407575 0.7721822541966427 0.9531109107303878 0.7753796962430056 0.9454463480613166 0.7737809752198243 0.9431920649233544 0.7769784172661871 0.9427412082957619 0.7873701039168666 0.9458972046889089 0.7945643485211831
0 0.24752028854824168 0.9752198241406874 0.2610459873760144 0.9848121502797762 0.2673579801623084 0.9792166266986412 0.2709648331830478 0.9648281374900081 0.27051397655545534 0.9576338928856915 0.2673579801623084 0.9504396482813751 0.2556357078449053 0.9408473221422862 0.2515779981965735 0.9448441247002399 0.2479711451758341 0.959232613908873 0.24661857529305684 0.9688249400479617 0.24752028854824168 0.9752198241406874
0 0.6956717763751128 0.5363709032773781 0.6992786293958522 0.5371702637889688 0.7042380522993689 0.5315747402078338 0.7051397655545536 0.5243804956035172 0.7028854824165914 0.5179856115107914 0.6916140667267809 0.5187849720223822 0.6911632100991884 0.5291766586730615 0.6956717763751128 0.5363709032773781
0 0.8742110009017132 0.5507593924860112 0.8895401262398558 0.5635491606714629 0.8949504057709649 0.5563549160671463 0.8963029756537422 0.5443645083932854 0.89404869251578 0.5387689848121503 0.8782687105500451 0.5283772981614708 0.872858431018936 0.5283772981614708 0.8706041478809738 0.5315747402078338 0.869702434625789 0.5435651478816946 0.8742110009017132 0.5507593924860112
0 0.5712353471596032 0.7034372501998403 0.5987376014427412 0.7290167865707434 0.602795311091073 0.7282174260591526 0.609107303877367 0.709832134292566 0.609107303877367 0.7050359712230216 0.6055004508566276 0.6962430055955237 0.5784490532010821 0.6706634692246204 0.5734896302975654 0.6762589928057555 0.569882777276826 0.6914468425259792 0.5694319206492335 0.6994404476418865 0.5712353471596032 0.7034372501998403
0 0.08160504959422904 0.9864108713029576 0.0915238954012624 0.9992006394884093 0.109107303877367 0.9992006394884093 0.11226330027051398 0.982414068745004 0.10234445446348062 0.9632294164668266 0.08205590622182146 0.947242206235012 0.07799819657348962 0.9464428457234213 0.0757439134355275 0.9528377298161471 0.07664562669071236 0.9768185451638689 0.08160504959422904 0.9864108713029576
0 0.4891794409377818 0.2549960031974421 0.5076645626690712 0.2701838529176659 0.5130748422001803 0.2685851318944844 0.5121731289449956 0.25099920063948844 0.5139765554553652 0.23741007194244604 0.5054102795311091 0.21902478017585933 0.5013525698827773 0.21502797761790568 0.49729486023444547 0.21822541966426862 0.49008115419296666 0.23980815347721826 0.4882777276825969 0.24940047961630699 0.4891794409377818 0.2549960031974421
0 0.38458070333633904 0.521982414068745 0.39720468890892696 0.5331734612310152 0.40396753832281335 0.5331734612310152 0.40937781785392247 0.5179856115107914 0.40847610459873757 0.49720223820943243 0.4008115419296664 0.48441247002398086 0.39404869251577995 0.4788169464428457 0.39179440937781784 0.4796163069544365 0.3868349864743012 0.49000799360511593 0.38548241659152394 0.5011990407673861 0.3823264201983769 0.5115907274180655 0.3823264201983769 0.5187849720223822 0.38458070333633904 0.521982414068745
0 0.2655545536519387 0.4420463629096723 0.2763751127141569 0.4452438049560352 0.2799819657348963 0.43884892086330934 0.2781785392245266 0.425259792166267 0.27547339945897203 0.4196642685851319 0.2696122633002705 0.4140687450039968 0.25743913435527505 0.4092725819344525 0.25473399458972046 0.4108713029576339 0.2520288548241659 0.4180655475619504 0.2515779981965735 0.42845723421262993 0.2655545536519387 0.4420463629096723
0 0.2750225428313796 0.5491606714628298 0.2750225428313796 0.5563549160671463 0.2772768259693417 0.5643485211830536 0.29981965734896304 0.586730615507594 0.30522993688007216 0.5851318944844125 0.31109107303877365 0.5643485211830536 0.31109107303877365 0.5467625899280576 0.2867448151487827 0.521982414068745 0.2822362488728584 0.5211830535571543 0.27862939585211904 0.5291766586730615 0.27908025247971147 0.5323741007194245 0.2750225428313796 0.5491606714628298
0 0.7628494138863842 0.9840127897681855 0.7723174030658251 0.991207034372502 0.7862939585211903 0.9480415667466028 0.7862939585211903 0.9336530775379696 0.7817853922452661 0.9280575539568345 0.7745716862037872 0.9272581934452439 0.7655545536519388 0.9624300559552359 0.7623985572587918 0.9784172661870505 0.7628494138863842 0.9840127897681855
0 0.5139765554553652 0.37090327737809753 0.5189359783588818 0.37010391686650684 0.5229936880072137 0.3557154276578737 0.5234445446348062 0.34852118305355717 0.5126239855725879 0.33812949640287776 0.5085662759242561 0.33892885691446845 0.5072137060414789 0.34212629896083135 0.5049594229035167 0.36211031175059955 0.5139765554553652 0.37090327737809753
0 0.8282236248872858 0.5419664268585133 0.8345356176735799 0.542765787370104 0.836789900811542 0.5379696243005596 0.8381424706943192 0.5323741007194245 0.8291253381424708 0.5123900879296562 0.8214607754733995 0.5067945643485212 0.8174030658250677 0.5067945643485212 0.8142470694319207 0.5155875299760192 0.8137962128043282 0.525179856115108 0.8282236248872858 0.5419664268585133
0 0.7921550946798918 0.5123900879296562 0.8034265103697025 0.521982414068745 0.8074842200180342 0.521982414068745 0.8110910730387737 0.5123900879296562 0.8115419296663661 0.5011990407673861 0.8011722272317404 0.49000799360511593 0.793507664562669 0.48840927258193445 0.7894499549143373 0.49800159872102323 0.7889990982867447 0.504396482813749 0.7921550946798918 0.5123900879296562
0 0.5946798917944094 0.03357314148681055 0.60595130748422 0.04396482813749002 0.609107303877367 0.045563549160671464 0.611361587015329 0.042366107114308556 0.6145175834084761 0.02158273381294964 0.6136158701532913 0.009592326139088728 0.6055004508566276 0 0.5946798917944094 0 0.59107303877367 0.01278976818545164 0.5897204688908927 0.023181454836131096 0.5946798917944094 0.03357314148681055
0 0.48782687105500455 0.31894484412470026 0.5085662759242561 0.33733013589128696 0.5135256988277728 0.3341326938449241 0.5175834084761046 0.31254996003197444 0.5117222723174031 0.2965627498001599 0.5067628494138864 0.2885691446842526 0.5009017132551848 0.2821742605915268 0.49729486023444547 0.2813749000799361 0.49368800721370604 0.28457234212629895 0.48963029756537424 0.29576338928856916 0.48692515779981965 0.30375699440447645 0.48782687105500455 0.31894484412470026
0 0.4670874661857529 0.2238209432454037 0.47339945897204694 0.23181454836131096 0.4833183047790803 0.23820943245403678 0.48872858431018934 0.23421262989608316 0.49233543733092877 0.21742605915267785 0.4905320108205591 0.2126298960831335 0.4711451758340848 0.19904076738609114 0.46934174932371503 0.19984012789768185 0.4657348963029757 0.21103117505995203 0.46528403967538323 0.21742605915267785 0.4670874661857529 0.2238209432454037
0 0.1284941388638413 0.4524380495603517 0.13345356176735798 0.45643485211830537 0.13706041478809738 0.46282973621103124 0.15419296663660956 0.4772182254196643 0.15779981965734896 0.4748201438848921 0.1618575293056808 0.4668265387689848 0.16230838593327324 0.460431654676259 0.16050495942290352 0.4572342126298961 0.15193868349864742 0.4508393285371703 0.14517583408476106 0.44124700239808157 0.13931469792605952 0.43804956035171866 0.1339044183949504 0.43165467625899284 0.130297565374211 0.4324540367705836 0.12714156898106402 0.4420463629096723 0.1266907123534716 0.44924060751398887 0.1284941388638413 0.4524380495603517
0 0 0.7234212629896084 0 0.7274180655475619 0.014878268710550046 0.7426059152677859 0.018935978358881875 0.7426059152677859 0.02254283137962128 0.7378097521982414 0.02569882777276826 0.7290167865707434 0.02614968440036069 0.7202238209432456 0.022091974752028856 0.7090327737809753 0.015779981965734897 0.7026378896882494 0.01127141568981064 0.7018385291766587 0.004508566275924256 0.7106314948041567 0.0018034265103697026 0.7226219024780176 0 0.7234212629896084
0 0 0.9408473221422862 0.004959422903516681 0.9392486011191048 0.01036970243462579 0.9248601119104717 0.007664562669071236 0.9112709832134293 0.001352569882777277 0.9040767386091128 0 0.9040767386091128 0 0.9408473221422862
0 0.703336339044184 0.5203836930455635 0.7055906221821461 0.5123900879296562 0.7046889089269612 0.5083932853717026 0.7010820559062219 0.504396482813749 0.693868349864743 0.504396482813749 0.690712353471596 0.5091926458832934 0.6925157799819658 0.5187849720223822 0.703336339044184 0.5203836930455635
0 0.6821460775473399 0.4172661870503597 0.6925157799819658 0.4260591526778577 0.7028854824165914 0.425259792166267 0.7069431920649234 0.4004796163069545 0.7069431920649234 0.3868904876099121 0.6997294860234445 0.3788968824940048 0.6884580703336339 0.3741007194244605 0.6857529305680793 0.3764988009592326 0.6803426510369702 0.4004796163069545 0.6798917944093779 0.4092725819344525 0.6821460775473399 0.4172661870503597
0 0.6266907123534716 0.5019984012789769 0.6541929666366095 0.513189448441247 0.6582506762849414 0.513189448441247 0.6618575293056808 0.5099920063948842 0.6650135256988278 0.5019984012789769 0.6650135256988278 0.48840927258193445 0.6627592425608656 0.48121502797761795 0.6451758340847611 0.47322142286171065 0.6433724075743913 0.47002398081534774 0.6433724075743913 0.4588329336530776 0.6370604147880974 0.4508393285371703 0.633453561767358 0.44844124700239807 0.6298467087466186 0.4556354916067146 0.6262398557258791 0.469224620303757 0.6244364292155096 0.4940047961630696 0.6266907123534716 0.5019984012789769
0 0.5004508566275925 0.02877697841726619 0.5054102795311091 0.030375699440447643 0.5094679891794409 0.023980815347721826 0.5108205590622182 0.011990407673860913 0.503155996393147 0 0.49188458070333635 0 0.4905320108205591 0.004796163069544364 0.49098286744815145 0.018385291766586733 0.5004508566275925 0.02877697841726619
0 0.7930568079350766 0.8864908073541167 0.7971145175834086 0.8880895283772982 0.8034265103697025 0.8729016786570745 0.8038773669972948 0.8641087130295764 0.8007213706041478 0.8553157474020784 0.7921550946798918 0.8497202238209433 0.7831379621280433 0.8385291766586731 0.7795311091073039 0.8401278976818546 0.7754733994589721 0.850519584332534 0.7741208295761948 0.8665067945643485 0.7930568079350766 0.8864908073541167
0 0.9770063119927863 0.9136690647482014 0.9806131650135257 0.9136690647482014 0.9851217312894499 0.906474820143885 0.9851217312894499 0.9000799360511591 0.978809738503156 0.8896882494004797 0.9743011722272317 0.8872901678657075 0.9706943192064924 0.8880895283772982 0.9666366095581606 0.9000799360511591 0.967087466185753 0.9072741806554757 0.9770063119927863 0.9136690647482014
0 0.7619477006311993 0.982414068745004 0.7646528403967539 0.9880095923261392 0.7727682596934174 0.991207034372502 0.7795311091073039 0.9704236610711432 0.7799819657348963 0.9632294164668266 0.7714156898106402 0.9552358113509193 0.7682596934174932 0.9552358113509193 0.7655545536519388 0.9616306954436452 0.7619477006311993 0.9768185451638689 0.7619477006311993 0.982414068745004
0 0.31875563570784493 0.07753796962430057 0.32100991884580704 0.0815347721822542 0.3300270513976556 0.08633093525179857 0.33498647430117223 0.08393285371702638 0.33949504057709645 0.06634692246203039 0.33904418394950403 0.059952038369304565 0.3367899008115419 0.05595523581135092 0.32822362488728585 0.04796163069544365 0.3237150586113616 0.04876099120703437 0.31920649233543735 0.060751398880895285 0.31785392245266003 0.06794564348521183 0.31875563570784493 0.07753796962430057
0 0.5856627592425608 0.8193445243804957 0.5987376014427412 0.8337330135891287 0.6041478809738504 0.8233413269384493 0.6077547339945897 0.8001598721023181 0.6023444544634806 0.7905675459632294 0.5915238954012624 0.7849720223820944 0.587917042380523 0.7913669064748201 0.584761045987376 0.8057553956834532 0.5843101893597836 0.8145483613109513 0.5856627592425608 0.8193445243804957
0 0.7786293958521191 0.9608313349320544 0.7822362488728585 0.9600319744204637 0.7862939585211903 0.9488409272581935 0.7876465284039675 0.9392486011191048 0.7867448151487827 0.9328537170263789 0.7826871055004508 0.9280575539568345 0.7754733994589721 0.9264588329336532 0.7732191163210099 0.9304556354916067 0.7691614066726781 0.9480415667466028 0.7696122633002704 0.9536370903277379 0.7786293958521191 0.9608313349320544
0 0.6614066726780884 0.354916067146283 0.6735798016230838 0.36530775379696245 0.6857529305680793 0.36930455635491605 0.6889089269612263 0.3629096722621903 0.6893597835888188 0.354916067146283 0.6871055004508567 0.3477218225419665 0.669522091974752 0.3309352517985612 0.6636609558160506 0.3309352517985612 0.6596032461677187 0.34372501998401284 0.6596032461677187 0.35171862509992013 0.6614066726780884 0.354916067146283
0 0.7110009017132553 0.5587529976019185 0.7294860234445446 0.5539568345323741 0.7366997294860235 0.5539568345323741 0.7376014427412083 0.5579536370903277 0.7376014427412083 0.5531574740207834 0.742560865644725 0.5491606714628298 0.7443642921550947 0.542765787370104 0.7407574391343553 0.5371702637889688 0.7249774571686204 0.5379696243005596 0.7105500450856627 0.5419664268585133 0.7073940486925159 0.5491606714628298 0.7073940486925159 0.5547561950439649 0.7110009017132553 0.5587529976019185
0 0.6343552750225429 0.09752198241406874 0.6442741208295762 0.1047162270183853 0.6501352569882777 0.11191047162270185 0.6532912533814247 0.11191047162270185 0.6587015329125337 0.1047162270183853 0.6614066726780884 0.09672262190247803 0.6632100991884582 0.0815347721822542 0.6618575293056808 0.07513988808952839 0.657799819657349 0.06874500399680256 0.6433724075743913 0.05915267785771383 0.636609558160505 0.06634692246203039 0.6321009918845808 0.08553157474020784 0.6316501352569882 0.09112709832134293 0.6343552750225429 0.09752198241406874
0 0.18440036068530208 0.9656274980015987 0.18935978358881875 0.973621103117506 0.19747520288548243 0.9752198241406874 0.20468890892696123 0.9568345323741008 0.2060414788097385 0.9456434852118306 0.19972948602344456 0.9368505195843326 0.18530207394048692 0.9240607513988809 0.18169522091974755 0.9240607513988809 0.17944093778178538 0.9280575539568345 0.17853922452660054 0.9344524380495605 0.17808836789900812 0.9456434852118306 0.18440036068530208 0.9656274980015987
0 0.6118124436429215 0.8633093525179857 0.6158701532912535 0.8649080735411672 0.6194770063119928 0.859312549960032 0.6230838593327321 0.8481215027977619 0.627141568981064 0.8281374900079936 0.627141568981064 0.8137490007993605 0.6235347159603246 0.806554756195044 0.6158701532912535 0.7985611510791367 0.609107303877367 0.7985611510791367 0.6073038773669973 0.8025579536370904 0.6032461677186655 0.827338129496403 0.6000901713255185 0.8353317346123101 0.6005410279531108 0.8481215027977619 0.6118124436429215 0.8633093525179857
0 0.2290351668169522 0.9992006394884093 0.2515779981965735 0.9992006394884093 0.24571686203787196 0.9896083133493206 0.23309287646528404 0.9752198241406874 0.22948602344454463 0.9752198241406874 0.22587917042380526 0.9856115107913669 0.22587917042380526 0.9944044764188649 0.2290351668169522 0.9992006394884093
0 0.9806131650135257 0.7234212629896084 0.9846708746618575 0.7242206235011991 0.9878268710550046 0.7178257394084733 0.9927862939585211 0.6930455635491607 0.9932371505861136 0.6842525979216627 0.9896302975653742 0.6778577138289369 0.9711451758340848 0.6762589928057555 0.9666366095581606 0.6922462030375699 0.9666366095581606 0.7066346922462031 0.9806131650135257 0.7234212629896084