0 0.18710550045085664 0.4020783373301359 0.1898106402164112 0.4084732214228617 0.1988277727682597 0.4188649080735412 0.20559062218214608 0.4196642685851319 0.20784490532010821 0.416466826538769 0.21009918845807032 0.407673860911271 0.20829576194770064 0.39728217426059154 0.1956717763751127 0.38609112709832133 0.18890892696122633 0.3868904876099121 0.18710550045085664 0.3932853717026379 0.18710550045085664 0.4020783373301359
0 0.14292155094679893 0.5355715427657874 0.14878268710550044 0.5387689848121503 0.15419296663660956 0.5451638689048761 0.15779981965734896 0.5459632294164669 0.1600541027953111 0.5435651478816946 0.16456266907123535 0.5323741007194245 0.16230838593327324 0.5203836930455635 0.15779981965734896 0.513189448441247 0.15193868349864742 0.5091926458832934 0.14697926059513075 0.5083932853717026 0.1442741208295762 0.5107913669064749 0.1411181244364292 0.525179856115108 0.1411181244364292 0.5323741007194245 0.14292155094679893 0.5355715427657874
0 0.4143372407574391 0.8920863309352519 0.42515779981965734 0.8968824940047961 0.4287646528403968 0.8952837729816148 0.43778178539224527 0.8665067945643485 0.43958521190261496 0.8513189448441247 0.4323715058611362 0.8433253397282174 0.4238052299368801 0.8409272581934453 0.41794409377817854 0.8513189448441247 0.41118124436429215 0.8752997601918465 0.41073038773669973 0.8840927258193446 0.4143372407574391 0.8920863309352519
0 0 0.2557953637090328 0.012173128944995492 0.2621902478017586 0.016681695220919748 0.24860111910471622 0.017132551848512173 0.23261390887290168 0.004508566275924256 0.21902478017585933 0 0.21902478017585933 0 0.2557953637090328
0 0.5288548241659152 0.29416466826538773 0.5333633904418394 0.29416466826538773 0.5360685302073941 0.28936850519584334 0.5396753832281335 0.2749800159872102 0.5396753832281335 0.2701838529176659 0.5338142470694319 0.2533972821742606 0.5252479711451759 0.2549960031974421 0.5202885482416592 0.2685851318944844 0.5198376916140668 0.2789768185451639 0.5288548241659152 0.29416466826538773
0 0 0.3085531574740208 0.004959422903516681 0.3053557154276579 0.009467989179440937 0.29256594724220625 0.008115419296663661 0.2797761790567546 0.004959422903516681 0.27258193445243806 0.002254283137962128 0.27098321342925663 0 0.27098321342925663 0 0.3085531574740208
0 0.65238954012624 0.45643485211830537 0.6641118124436429 0.4676258992805756 0.669522091974752 0.4660271782573941 0.6753832281334536 0.4532374100719425 0.6753832281334536 0.4452438049560352 0.6713255184851218 0.43804956035171866 0.6618575293056808 0.4292565947242206 0.6559963931469793 0.4292565947242206 0.6528403967538323 0.4396482813749001 0.6514878268710551 0.44924060751398887 0.65238954012624 0.45643485211830537
0 0.9215509467989179 0.032773780975219824 0.9296663660955816 0.03597122302158274 0.9341749323715058 0.029576338928856916 0.9355275022542832 0.02238209432454037 0.9341749323715058 0.01598721023181455 0.9265103697024346 0.005595523581135092 0.9233543733092877 0.00319744204636291 0.9197475202885483 0.003996802557953637 0.9170423805229937 0.014388489208633094 0.9170423805229937 0.02557953637090328 0.9215509467989179 0.032773780975219824
0 0.8340847610459874 0.07194244604316548 0.8449053201082056 0.07993605115907274 0.8485121731289451 0.0783373301358913 0.8530207394048693 0.0671462829736211 0.8444544634806133 0.05195843325339729 0.8385933273219116 0.04636290967226219 0.8349864743011722 0.05115907274180656 0.8331830477908025 0.059952038369304565 0.8327321911632102 0.06874500399680256 0.8340847610459874 0.07194244604316548
0 0.5964833183047792 0.416466826538769 0.609107303877367 0.42206235011990406 0.6127141568981065 0.41247002398081534 0.6158701532912535 0.39408473221422863 0.6086564472497746 0.381294964028777 0.5987376014427412 0.3764988009592326 0.5969341749323716 0.37969624300559557 0.5928764652840397 0.4028776978417266 0.5928764652840397 0.4108713029576339 0.5964833183047792 0.416466826538769
0 0.28809738503155996 0.595523581135092 0.29531109107303877 0.6019184652278178 0.3007213706041479 0.6019184652278178 0.30297565374211 0.5995203836930456 0.30613165013525695 0.5915267785771383 0.3065825067628494 0.5811350919264588 0.30297565374211 0.5739408473221423 0.2957619477006312 0.5667466027178258 0.29260595130748424 0.565947242206235 0.28990081154192965 0.5707434052757794 0.2871956717763751 0.5843325339728218 0.28809738503155996 0.595523581135092
0 0.11136158701532912 0.1135091926458833 0.11496844003606854 0.1167066346922462 0.12263300270513977 0.12150279776179057 0.12533814247069433 0.12070343725019984 0.13119927862939584 0.10631494804156676 0.1316501352569883 0.09912070343725021 0.130297565374211 0.09432454036770584 0.1266907123534716 0.08633093525179857 0.11947700631199279 0.0783373301358913 0.11226330027051398 0.07673860911270983 0.10640216411181244 0.08872901678657075 0.10640216411181244 0.10311750599520383 0.11136158701532912 0.1135091926458833
0 0.41343552750225426 0.5859312549960032 0.4170423805229937 0.5915267785771383 0.42290351668169524 0.5947242206235012 0.42515779981965734 0.5939248601119105 0.4314697926059513 0.5811350919264588 0.4328223624887286 0.5667466027178258 0.42515779981965734 0.5515587529976019 0.42200180342651034 0.548361310951239 0.41794409377817854 0.548361310951239 0.4147880973850316 0.5531574740207834 0.41118124436429215 0.5699440447641887 0.41073038773669973 0.574740207833733 0.41343552750225426 0.5859312549960032
0 0.5198376916140668 0.9840127897681855 0.5333633904418394 0.9632294164668266 0.5387736699729486 0.9392486011191048 0.5360685302073941 0.9320543565147882 0.5256988277727683 0.9192645883293366 0.5216411181244364 0.9184652278177459 0.5180342651036971 0.9216626698641087 0.5099188458070334 0.9512390087929657 0.5085662759242561 0.9784172661870505 0.5198376916140668 0.9840127897681855
0 0.7466185752930569 0.37010391686650684 0.7506762849413887 0.3733013589128697 0.7560865644724978 0.3733013589128697 0.7587917042380523 0.37010391686650684 0.7642019837691614 0.35331734612310156 0.7687105500450856 0.34532374100719426 0.7691614066726781 0.33892885691446845 0.7596934174932372 0.3237410071942446 0.7542831379621281 0.3229416466826539 0.7515779981965736 0.32773780975219824 0.7439134355275022 0.3597122302158273 0.7439134355275022 0.3661071143085532 0.7466185752930569 0.37010391686650684
0 0.3065825067628494 0.4020783373301359 0.3165013525698828 0.41247002398081534 0.32100991884580704 0.4132693844924061 0.32461677186654647 0.4108713029576339 0.3318304779080253 0.3868904876099121 0.3318304779080253 0.37250199840127896 0.32777276825969337 0.3661071143085532 0.3106402164111813 0.35331734612310156 0.30703336339044185 0.3597122302158273 0.3056807935076645 0.37170263788968827 0.30477908025247974 0.39488409272581937 0.3065825067628494 0.4020783373301359
0 0.16140667267808836 0.4556354916067146 0.16275924256086563 0.45803357314148685 0.1744815148782687 0.4668265387689848 0.18034265103697025 0.4668265387689848 0.1830477908025248 0.4476418864908074 0.17944093778178538 0.43884892086330934 0.16997294860234446 0.4324540367705836 0.1672678088367899 0.434052757793765 0.1636609558160505 0.44124700239808157 0.16140667267808836 0.44924060751398887 0.16140667267808836 0.4556354916067146
0 0.4526600541027953 0.6211031175059952 0.45671776375112716 0.6282973621103117 0.46077547339945896 0.6298960831334932 0.4634806131650135 0.627498001598721 0.47024346257889993 0.6083133493205436 0.4720468890892696 0.5963229416466826 0.47069431920649235 0.586730615507594 0.46393146979260597 0.577937649880096 0.45897204688908927 0.5803357314148682 0.45626690712353474 0.5859312549960032 0.4508566275924256 0.6083133493205436 0.4504057709648332 0.6123101518784972 0.4526600541027953 0.6211031175059952
0 0.1532912533814247 0.3645083932853717 0.15779981965734896 0.36850519584332536 0.16816952209197475 0.36850519584332536 0.1708746618575293 0.36370903277378097 0.17177637511271418 0.35171862509992013 0.16591523895401264 0.3413269384492406 0.15464382326420198 0.3349320543565148 0.15193868349864742 0.33812949640287776 0.15058611361587015 0.3445243804956035 0.1501352569882777 0.35891286970423664 0.1532912533814247 0.3645083932853717
0 0.08611361587015329 0.18705035971223025 0.09467989179440937 0.19824140687450043 0.09873760144274121 0.19984012789768185 0.10099188458070334 0.19744204636290968 0.1073038773669973 0.17905675459632295 0.10504959422903516 0.16946442845723422 0.09287646528403969 0.15587529976019188 0.08836789900811542 0.15907274180655476 0.08656447249774572 0.16786570743405277 0.08521190261496844 0.1774580335731415 0.08611361587015329 0.18705035971223025
0 0.7984670874661858 0.577937649880096 0.809287646528404 0.586730615507594 0.8128944995491433 0.5851318944844125 0.8174030658250677 0.577937649880096 0.8187556357078449 0.5667466027178258 0.8155996393146979 0.5587529976019185 0.8083859332732191 0.5523581135091926 0.799819657348963 0.5531574740207834 0.7989179440937783 0.5555555555555556 0.7971145175834086 0.5683453237410072 0.7984670874661858 0.577937649880096
0 0 0.6075139888089529 0.005410279531109108 0.6083133493205436 0.011722272317403066 0.5979216626698641 0.015329125338142471 0.5739408473221423 0.009918845807033363 0.5595523581135092 0.004959422903516681 0.5539568345323741 0.002705139765554554 0.5539568345323741 0 0.5547561950439649 0 0.6075139888089529
0 0.49368800721370604 0.5355715427657874 0.5013525698827773 0.5459632294164669 0.5054102795311091 0.5467625899280576 0.5112714156898106 0.5323741007194245 0.5094679891794409 0.5179856115107914 0.5040577096483319 0.5115907274180655 0.4977457168620379 0.5115907274180655 0.49729486023444547 0.5235811350919265 0.49368800721370604 0.5355715427657874
0 0.3137962128043282 0.5795363709032775 0.32191163210099194 0.586730615507594 0.32506762849413884 0.586730615507594 0.32867448151487827 0.5827338129496403 0.33047790802524796 0.5723421262989609 0.32506762849413884 0.5555555555555556 0.3160504959422904 0.5491606714628298 0.31424706943192066 0.5499600319744204 0.31244364292155097 0.5603517186250999 0.3119927862939585 0.5691446842525979 0.3137962128043282 0.5795363709032775
0 0.584761045987376 0.7330135891286971 0.5951307484220018 0.7354116706634692 0.5991884580703336 0.7274180655475619 0.6014427412082958 0.7122302158273383 0.5982867448151488 0.7034372501998403 0.59107303877367 0.6994404476418865 0.5865644724977458 0.7026378896882494 0.5829576194770063 0.709832134292566 0.5825067628494138 0.7210231814548362 0.584761045987376 0.7330135891286971
0 0.8584310189359784 0.8745003996802558 0.8620378719567178 0.8776978417266187 0.869702434625789 0.8776978417266187 0.8733092876465285 0.8705035971223022 0.8733092876465285 0.8585131894484412 0.866546438232642 0.8497202238209433 0.8588818755635708 0.8521183053557154 0.8570784490532011 0.859312549960032 0.8566275924256087 0.8697042366107114 0.8584310189359784 0.8745003996802558
0 0.37285843101893595 0.39568345323741005 0.37917042380523 0.39488409272581937 0.38458070333633904 0.3788968824940048 0.3836789900811542 0.37170263788968827 0.369702434625789 0.3573141486810552 0.3642921550946799 0.3605115907274181 0.3606853020739405 0.37170263788968827 0.36113615870153287 0.3828936850519585 0.37285843101893595 0.39568345323741005
0 0.2687105500450857 0.5827338129496403 0.2723174030658251 0.5819344524380495 0.2772768259693417 0.565947242206235 0.27682596934174936 0.5571542765787371 0.2727682596934175 0.5523581135091926 0.26465284039675385 0.5507593924860112 0.26149684400360684 0.5595523581135092 0.26149684400360684 0.5739408473221423 0.2687105500450857 0.5827338129496403
0 0.5220919747520288 0.3493205435651479 0.5275022542831379 0.35411670663469225 0.5342651036970244 0.35411670663469225 0.539224526600541 0.34852118305355717 0.5437330928764653 0.3333333333333333 0.5437330928764653 0.328537170263789 0.5374211000901714 0.31894484412470026 0.5293056807935077 0.3149480415667466 0.5247971145175834 0.3213429256594725 0.521190261496844 0.33253397282174263 0.5202885482416592 0.34532374100719426 0.5220919747520288 0.3493205435651479
0 0 0.2483349320543565 0.001352569882777277 0.24860111910471622 0 0.25259792166266987 0.002254283137962128 0.25099920063948844 0.001352569882777277 0.23980815347721826 0 0.23980815347721826 0 0.2483349320543565
0 0.06402164111812444 0.2517985611510791 0.07799819657348962 0.2613908872901679 0.08070333633904418 0.2589928057553957 0.08521190261496844 0.24460431654676262 0.08476104598737601 0.2334132693844924 0.08295761947700632 0.2278177458033573 0.07484220018034266 0.22062350119904078 0.07078449053201082 0.21982414068745004 0.06762849413886383 0.2222222222222222 0.06266907123534717 0.23661071143085532 0.06176735798016231 0.2470023980815348 0.06402164111812444 0.2517985611510791
0 0.7633002705139765 0.8992805755395684 0.7696122633002704 0.8992805755395684 0.7759242560865645 0.8816946442845724 0.7768259693417493 0.8689048760991207 0.7732191163210099 0.8585131894484412 0.766907123534716 0.8521183053557154 0.7614968440036068 0.850519584332534 0.7520288548241659 0.8760991207034373 0.7511271415689811 0.8872901678657075 0.7633002705139765 0.8992805755395684
0 0.7520288548241659 0.4452438049560352 0.7551848512173129 0.4508393285371703 0.7619477006311993 0.4508393285371703 0.770063119927863 0.43165467625899284 0.7696122633002704 0.4212629896083134 0.7664562669071235 0.416466826538769 0.7619477006311993 0.4140687450039968 0.75834084761046 0.41486810551558756 0.7533814247069431 0.42366107114308554 0.7511271415689811 0.43165467625899284 0.7520288548241659 0.4452438049560352
0 0.012623985572587917 0.4292565947242206 0.02614968440036069 0.4404476418864908 0.031109107303877368 0.4324540367705836 0.033363390441839495 0.4244604316546763 0.03381424706943192 0.41486810551558756 0.035617673579801626 0.4108713029576339 0.032461677186654644 0.40527577937649883 0.030658250676284943 0.4108713029576339 0.02885482416591524 0.41167066346922465 0.02614968440036069 0.4012789768185452 0.022091974752028856 0.39728217426059154 0.015329125338142471 0.40447641886490815 0.01127141568981064 0.4140687450039968 0.010820559062218215 0.4244604316546763 0.012623985572587917 0.4292565947242206
0 0.6686203787195673 0.04796163069544365 0.6789900811541929 0.05115907274180656 0.6830477908025249 0.04716227018385292 0.6880072137060416 0.02877697841726619 0.6862037871956718 0.02158273381294964 0.674932371505861 0.010391686650679457 0.6717763751127143 0.01598721023181455 0.6677186654643824 0.0319744204636291 0.6672678088367898 0.04476418864908074 0.6686203787195673 0.04796163069544365
0 0.06537421100090171 0.2869704236610712 0.07484220018034266 0.293365307753797 0.08070333633904418 0.293365307753797 0.08521190261496844 0.28617106314948043 0.08611361587015329 0.27577937649880097 0.08205590622182146 0.2677857713828937 0.06447249774571685 0.2541966426858513 0.06086564472497746 0.2549960031974421 0.059963931469792606 0.25739408473221426 0.060414788097385035 0.2733812949640288 0.06537421100090171 0.2869704236610712
0 0.6086564472497746 0.3581135091926459 0.6217312894499549 0.37010391686650684 0.6284941388638413 0.3669064748201439 0.633453561767358 0.354916067146283 0.633453561767358 0.34612310151878495 0.6311992786293958 0.33892885691446845 0.6158701532912535 0.3237410071942446 0.6104598737601443 0.32693844924060755 0.6055004508566276 0.34212629896083135 0.6050495942290353 0.35091926458832934 0.6086564472497746 0.3581135091926459
0 0.6442741208295762 0.016786570743405275 0.654643823264202 0.02717825739408473 0.6614066726780884 0.02797761790567546 0.6636609558160506 0.02557953637090328 0.6654643823264202 0.009592326139088728 0.6636609558160506 0 0.6451758340847611 0 0.6424706943192064 0.00319744204636291 0.6420198376916141 0.010391686650679457 0.6442741208295762 0.016786570743405275
0 0.6834986474301172 0.43085531574740216 0.6916140667267809 0.4348521183053557 0.6965734896302976 0.434052757793765 0.7010820559062219 0.4196642685851319 0.7006311992786294 0.4132693844924061 0.6889089269612263 0.3980815347721823 0.6839495040577097 0.3996802557953637 0.6798917944093779 0.4132693844924061 0.6803426510369702 0.4268585131894485 0.6834986474301172 0.43085531574740216
0 0.44229035166816955 0.41167066346922465 0.4472497745716862 0.41486810551558756 0.45311091073038773 0.41486810551558756 0.45626690712353474 0.4108713029576339 0.45761947700631195 0.39408473221422863 0.45626690712353474 0.390087929656275 0.4495040577096483 0.3828936850519585 0.44183949504057707 0.3788968824940048 0.43507664562669074 0.3908872901678657 0.4346257889990983 0.4020783373301359 0.44229035166816955 0.41167066346922465
0 0.8656447249774571 0.7833733013589129 0.869702434625789 0.7833733013589129 0.8742110009017132 0.7729816147082335 0.8746618575293057 0.765787370103917 0.8733092876465285 0.7617905675459633 0.8629395852119026 0.748201438848921 0.8588818755635708 0.7474020783373301 0.8543733092876465 0.7609912070343725 0.8548241659152389 0.7705835331734613 0.8656447249774571 0.7833733013589129
0 0.4711451758340848 0.29096722621902477 0.4833183047790803 0.29896083133493206 0.48647430117222723 0.29896083133493206 0.4891794409377818 0.29576338928856916 0.49233543733092877 0.2813749000799361 0.49188458070333635 0.27737809752198245 0.4882777276825969 0.2717825739408473 0.4783588818755636 0.26538768984812156 0.47294860234445446 0.2685851318944844 0.46934174932371503 0.2789768185451639 0.46934174932371503 0.28617106314948043 0.4711451758340848 0.29096722621902477
0 0.9278629395852119 0.17346123101518784 0.9350766456266908 0.17106314948041568 0.9404869251577999 0.15507593924860114 0.9400360685302074 0.15027977617905677 0.9355275022542832 0.14228617106314947 0.9287646528403968 0.13589128697042366 0.9251577998196574 0.13828936850519585 0.9220018034265104 0.15027977617905677 0.9215509467989179 0.16626698641087131 0.9278629395852119 0.17346123101518784
0 0.5324616771866546 0.5843325339728218 0.5374211000901714 0.5859312549960032 0.5432822362488728 0.5819344524380495 0.5473399458972047 0.5731414868105515 0.5536519386834987 0.5491606714628298 0.5532010820559062 0.5403677058353318 0.5468890892696122 0.5363709032773781 0.5414788097385032 0.5371702637889688 0.5383228133453561 0.5403677058353318 0.5311091073038774 0.5691446842525979 0.5306582506762849 0.5787370103916867 0.5324616771866546 0.5843325339728218
0 0.8403967538322813 0.43804956035171866 0.8422001803426511 0.44604316546762596 0.8489630297565375 0.44844124700239807 0.8525698827772769 0.4444444444444444 0.8557258791704238 0.4356514788169465 0.8593327321911632 0.42206235011990406 0.860234445446348 0.4108713029576339 0.8534715960324617 0.4028776978417266 0.8476104598737602 0.4028776978417266 0.8449053201082056 0.40687450039968026 0.8403967538322813 0.43085531574740216 0.8403967538322813 0.43804956035171866
0 0.6208295761947701 0.5707434052757794 0.6266907123534716 0.577937649880096 0.630297565374211 0.577937649880096 0.6339044183949504 0.5723421262989609 0.639765554553652 0.5499600319744204 0.6406672678088369 0.5355715427657874 0.6393146979260594 0.5299760191846523 0.6339044183949504 0.5211830535571543 0.6298467087466186 0.5211830535571543 0.6226330027051398 0.5491606714628298 0.6208295761947701 0.5595523581135092 0.6208295761947701 0.5707434052757794
0 0.9138863841298467 0.407673860911271 0.9220018034265104 0.41247002398081534 0.926961226330027 0.40367705835331735 0.9260595130748422 0.39408473221422863 0.9220018034265104 0.3868904876099121 0.9147880973850315 0.3828936850519585 0.9111812443642923 0.3828936850519585 0.9098286744815148 0.38609112709832133 0.9098286744815148 0.4020783373301359 0.9138863841298467 0.407673860911271
0 0.7267808836789902 0.7617905675459633 0.7376014427412083 0.7705835331734613 0.7434625788999099 0.7689848121502798 0.7470694319206492 0.7593924860111911 0.7470694319206492 0.7545963229416467 0.7448151487826871 0.7490007993605117 0.7344454463480614 0.7402078337330137 0.7303877366997296 0.7418065547561951 0.7254283137962128 0.7513988808952838 0.7249774571686204 0.756994404476419 0.7267808836789902 0.7617905675459633
0 0.6956717763751128 0.7442046362909672 0.7028854824165914 0.7474020783373301 0.706492335437331 0.7426059152677859 0.7105500450856627 0.7306155075939249 0.7105500450856627 0.7226219024780176 0.7060414788097384 0.7026378896882494 0.7024346257889991 0.7034372501998403 0.693868349864743 0.7274180655475619 0.6934174932371506 0.7386091127098321 0.6956717763751128 0.7442046362909672
0 0.19161406672678089 0.24460431654676262 0.19927862939585214 0.2549960031974421 0.20333633904418397 0.2557953637090328 0.20649233543733095 0.2501998401278977 0.21009918845807032 0.23661071143085532 0.21055004508566277 0.22062350119904078 0.20288548241659152 0.2094324540367706 0.1988277727682597 0.20863309352517986 0.1952209197475203 0.21342925659472425 0.19161406672678089 0.2238209432454037 0.1898106402164112 0.23421262989608316 0.19161406672678089 0.24460431654676262
0 0.75834084761046 0.029576338928856916 0.7727682596934174 0.0407673860911271 0.7795311091073039 0.023980815347721826 0.7817853922452661 0.007993605115907274 0.7745716862037872 0 0.7610459873760144 0 0.7560865644724978 0.01278976818545164 0.7556357078449053 0.019184652278177457 0.75834084761046 0.029576338928856916
0 0.5843101893597836 0.6243005595523582 0.5919747520288549 0.6211031175059952 0.5946798917944094 0.6163069544364509 0.5964833183047792 0.6107114308553158 0.5964833183047792 0.6035171862509993 0.5919747520288549 0.5875299760191847 0.5865644724977458 0.5931254996003198 0.5807033363390443 0.6155075939248602 0.5802524797114518 0.6195043964828137 0.5843101893597836 0.6243005595523582
0 0.5716862037871957 0.48840927258193445 0.573038773669973 0.4940047961630696 0.584761045987376 0.5011990407673861 0.5883678990081154 0.49800159872102323 0.5937781785392245 0.48121502797761795 0.5928764652840397 0.4716227018385292 0.5883678990081154 0.46442845723421267 0.5788999098286746 0.4588329336530776 0.5748422001803427 0.46203037569944044 0.573038773669973 0.4668265387689848 0.5716862037871957 0.4740207833733014 0.5716862037871957 0.48840927258193445
0 0.6866546438232641 0.818545163868905 0.6889089269612263 0.82414068745004 0.6943192064923354 0.8297362110311751 0.6997294860234445 0.8297362110311751 0.7060414788097384 0.8169464428457234 0.7046889089269612 0.809752198241407 0.6934174932371506 0.7945643485211831 0.6889089269612263 0.7961630695443646 0.6871055004508567 0.8033573141486812 0.6857529305680793 0.809752198241407 0.6866546438232641 0.818545163868905
0 0.7434625788999099 0.7306155075939249 0.7520288548241659 0.7338129496402878 0.7551848512173129 0.7306155075939249 0.757439134355275 0.7234212629896084 0.7578899909828674 0.7202238209432456 0.7551848512173129 0.709832134292566 0.7475202885482417 0.7018385291766587 0.7380522993688007 0.7018385291766587 0.7348963029756538 0.709832134292566 0.7353471596032463 0.7226219024780176 0.7434625788999099 0.7306155075939249
0 0.6478809738503156 0.26538768984812156 0.6541929666366095 0.2685851318944844 0.6600541027953112 0.2541966426858513 0.6614066726780884 0.2478017585931255 0.6605049594229035 0.2414068745003997 0.6492335437330929 0.22861710631494805 0.6460775473399459 0.2302158273381295 0.6424706943192064 0.2414068745003997 0.6429215509467989 0.2549960031974421 0.6478809738503156 0.26538768984812156
0 0.1127141568981064 0.6434852118305356 0.12263300270513977 0.6546762589928058 0.130297565374211 0.6562749800159873 0.1375112714156898 0.6378896882494005 0.1375112714156898 0.6322941646682655 0.1339044183949504 0.6211031175059952 0.1284941388638413 0.6147082334132695 0.12218214607754734 0.6147082334132695 0.11587015329125337 0.6235011990407675 0.11226330027051398 0.6378896882494005 0.1127141568981064 0.6434852118305356
0 0.7100991884580703 0.43005595523581136 0.7204688908926962 0.4356514788169465 0.7276825969341749 0.4212629896083134 0.7290351668169522 0.40687450039968026 0.7263300270513976 0.3996802557953637 0.7155094679891795 0.39568345323741005 0.7123534715960325 0.398880895283773 0.7091974752028855 0.4132693844924061 0.7087466185752931 0.42286171063149486 0.7100991884580703 0.43005595523581136
0 0.6100090171325518 0.7649880095923263 0.6221821460775473 0.7753796962430056 0.6262398557258791 0.7753796962430056 0.630297565374211 0.7681854516386891 0.6352569882777277 0.7529976019184652 0.6339044183949504 0.7386091127098321 0.6230838593327321 0.7282174260591526 0.6181244364292156 0.7306155075939249 0.6118124436429215 0.7490007993605117 0.609107303877367 0.7617905675459633 0.6100090171325518 0.7649880095923263
0 0.706492335437331 0.28617106314948043 0.7128043282236249 0.29176658673061556 0.7173128944995492 0.2901678657074341 0.7209197475202885 0.27737809752198245 0.7204688908926962 0.2717825739408473 0.7177637511271415 0.26618705035971224 0.7091974752028855 0.2613908872901679 0.7060414788097384 0.26298960831334933 0.7037871956717764 0.2685851318944844 0.703336339044184 0.2789768185451639 0.706492335437331 0.28617106314948043
0 0.20243462578899912 0.8968824940047961 0.2096483318304779 0.9080735411670664 0.21325518485121733 0.9104716227018386 0.21776375112714155 0.9112709832134293 0.22137060414788098 0.9024780175859313 0.22227231740306583 0.8872901678657075 0.22091974752028853 0.8824940047961631 0.21325518485121733 0.8752997601918465 0.2091974752028855 0.8737010391686652 0.20649233543733095 0.8760991207034373 0.20153291253381425 0.8896882494004797 0.20108205590622183 0.8936850519584333 0.20243462578899912 0.8968824940047961
0 0.9314697926059514 0.6187050359712231 0.9391343552750226 0.6203037569944045 0.9422903516681695 0.6123101518784972 0.9422903516681695 0.5963229416466826 0.9391343552750226 0.5915267785771383 0.9296663660955816 0.586730615507594 0.9251577998196574 0.5875299760191847 0.9229035166816953 0.5979216626698641 0.9238052299368801 0.6075139888089529 0.9314697926059514 0.6187050359712231
0 0.7727682596934174 0.3868904876099121 0.7759242560865645 0.3876898481215028 0.7835888187556357 0.3828936850519585 0.7894499549143373 0.3645083932853717 0.7899008115419297 0.3581135091926459 0.7885482416591524 0.354916067146283 0.7741208295761948 0.3501199040767386 0.7705139765554554 0.35331734612310156 0.7655545536519388 0.3629096722621903 0.7655545536519388 0.3756994404476419 0.7727682596934174 0.3868904876099121