0 0.27186654643823266 0.9968025579536371 0.281785392245266 0.9952038369304558 0.28313796212804326 0.9768185451638689 0.2813345356176736 0.9704236610711432 0.2763751127141569 0.9664268585131894 0.26916140667267807 0.9688249400479617 0.2687105500450857 0.9936051159072742 0.27186654643823266 0.9968025579536371
0 0.6609558160504959 0.6730615507593926 0.6789900811541929 0.6770583533173462 0.6821460775473399 0.6706634692246204 0.6839495040577097 0.6602717825739409 0.6839495040577097 0.6466826538768985 0.6825969341749324 0.6442845723421263 0.6767357980162308 0.6418864908073542 0.6573489630297565 0.6434852118305356 0.6573489630297565 0.6658673061550759 0.6609558160504959 0.6730615507593926
0 0.18890892696122633 0.701039168665068 0.19972948602344456 0.6994404476418865 0.19927862939585214 0.6714628297362111 0.19657348963029758 0.6650679456434853 0.18800721370604148 0.6610711430855316 0.1812443642921551 0.6610711430855316 0.178990081154193 0.6618705035971224 0.17718665464382327 0.6674660271782575 0.17718665464382327 0.6962430055955237 0.18890892696122633 0.701039168665068
0 0.75834084761046 0.2685851318944844 0.7614968440036068 0.26538768984812156 0.7628494138863842 0.2478017585931255 0.7619477006311993 0.2222222222222222 0.7569882777276826 0.21183053557154277 0.7538322813345357 0.2094324540367706 0.7443642921550947 0.2094324540367706 0.7412082957619477 0.21183053557154277 0.7389540126239856 0.21822541966426862 0.7371505861136158 0.23501199040767387 0.7376014427412083 0.2685851318944844 0.75834084761046 0.2685851318944844
0 0.5482416591523895 0.897681854516387 0.5527502254283138 0.9008792965627499 0.5680793507664563 0.8992805755395684 0.5694319206492335 0.8729016786570745 0.5676284941388638 0.8489208633093526 0.5640216411181245 0.844924060751399 0.5532010820559062 0.8425259792166268 0.5500450856627592 0.844924060751399 0.5491433724075744 0.8513189448441247 0.5468890892696122 0.8729016786570745 0.5482416591523895 0.897681854516387
0 0.08070333633904418 0.1135091926458833 0.0951307484220018 0.11750599520383694 0.09918845807033362 0.11590727418065548 0.10009017132551848 0.08073541167066348 0.09873760144274121 0.07753796962430057 0.087917042380523 0.07114308553157474 0.08160504959422904 0.07513988808952839 0.0793507664562669 0.0815347721822542 0.07889990982867448 0.10711430855315748 0.08070333633904418 0.1135091926458833
0 0.6853020739404869 0.5739408473221423 0.6992786293958522 0.574740207833733 0.7006311992786294 0.5595523581135092 0.6961226330027052 0.5395683453237411 0.6916140667267809 0.5363709032773781 0.6857529305680793 0.5363709032773781 0.6830477908025249 0.5395683453237411 0.6821460775473399 0.5563549160671463 0.6853020739404869 0.5739408473221423
0 0.3007213706041479 0.2637889688249401 0.32461677186654647 0.2685851318944844 0.3295761947700631 0.2685851318944844 0.3322813345356177 0.26538768984812156 0.3331830477908025 0.25259792166266987 0.3322813345356177 0.24060751398880897 0.3309287646528404 0.23820943245403678 0.31109107303877365 0.23421262989608316 0.3002705139765554 0.23421262989608316 0.2984670874661858 0.23741007194244604 0.2980162308385933 0.25819344524380494 0.3007213706041479 0.2637889688249401
0 0.6510369702434625 0.29416466826538773 0.6767357980162308 0.29896083133493206 0.6853020739404869 0.29896083133493206 0.6893597835888188 0.29416466826538773 0.6898106402164111 0.27817745803357313 0.6834986474301172 0.2717825739408473 0.6510369702434625 0.2685851318944844 0.6474301172227231 0.27577937649880097 0.6469792605951307 0.2869704236610712 0.6510369702434625 0.29416466826538773
0 0 0.3669064748201439 0.019837691614066726 0.36850519584332536 0.02254283137962128 0.3661071143085532 0.02254283137962128 0.3557154276578737 0.019386834986474304 0.35171862509992013 0.0031559963931469793 0.3525179856115108 0 0.35331734612310156 0 0.3669064748201439
0 0.9319206492335438 0.09512390087929656 0.9355275022542832 0.09832134292565947 0.9458972046889089 0.09912070343725021 0.9522091974752029 0.10311750599520383 0.9643823264201984 0.10391686650679458 0.9666366095581606 0.10071942446043165 0.967087466185753 0.06954436450839328 0.9634806131650135 0.059952038369304565 0.9580703336339044 0.05595523581135092 0.9427412082957619 0.05195843325339729 0.9341749323715058 0.05275779376498801 0.9310189359783588 0.0583533173461231 0.9305680793507665 0.08952837729816147 0.9319206492335438 0.09512390087929656
0 0.8232642019837692 0.6930455635491607 0.8394950405770965 0.6986410871302958 0.8516681695220919 0.6970423661071143 0.8516681695220919 0.6858513189448442 0.8480613165013525 0.6674660271782575 0.8440036068530207 0.6642685851318945 0.8322813345356176 0.6618705035971224 0.8237150586113616 0.6626698641087131 0.8201082055906221 0.6658673061550759 0.8196573489630298 0.6850519584332534 0.8232642019837692 0.6930455635491607
0 0.8787195671776376 0.7529976019184652 0.8881875563570785 0.7561950439648283 0.8981064021641119 0.7513988808952838 0.8985572587917042 0.7298161470823342 0.8904418394950405 0.7178257394084733 0.8814247069431921 0.7194244604316546 0.8782687105500451 0.7242206235011991 0.8764652840396754 0.7338129496402878 0.876014427412083 0.7426059152677859 0.8787195671776376 0.7529976019184652
0 0.8561767357980163 0.2677857713828937 0.8683498647430118 0.2701838529176659 0.8733092876465285 0.2685851318944844 0.8746618575293057 0.24300559552358114 0.872858431018936 0.23261390887290168 0.8660955816050496 0.2294164668265388 0.8606853020739406 0.2302158273381295 0.8557258791704238 0.23261390887290168 0.8539224526600542 0.23661071143085532 0.8530207394048693 0.25739408473221426 0.8561767357980163 0.2677857713828937
0 0.5103697024346258 0.6019184652278178 0.5329125338142471 0.6035171862509993 0.5401262398557259 0.6003197442046363 0.5437330928764653 0.592326139088729 0.5432822362488728 0.5795363709032775 0.5365193868349865 0.5715427657873702 0.5090171325518486 0.5683453237410072 0.5040577096483319 0.5811350919264588 0.5045085662759243 0.5987210231814549 0.5103697024346258 0.6019184652278178
0 0.044634806131650134 0.36211031175059955 0.0721370604147881 0.36370903277378097 0.07439134355275022 0.35891286970423664 0.07168620378719567 0.35171862509992013 0.049143372407574396 0.34852118305355717 0.04192966636609558 0.3501199040767386 0.04192966636609558 0.3597122302158273 0.044634806131650134 0.36211031175059955
0 0.2569882777276826 0.4212629896083134 0.27592425608656446 0.42366107114308554 0.2799819657348963 0.4212629896083134 0.28043282236248873 0.4188649080735412 0.2799819657348963 0.41486810551558756 0.2750225428313796 0.4092725819344525 0.26194770063119927 0.40687450039968026 0.25293056807935077 0.4092725819344525 0.25247971145175835 0.4172661870503597 0.2569882777276826 0.4212629896083134
0 0.5464382326420198 0.7122302158273383 0.5536519386834987 0.7114308553157473 0.5599639314697926 0.701039168665068 0.5649233543733093 0.697841726618705 0.5707844905320109 0.6994404476418865 0.5743913435527502 0.7130295763389289 0.5816050495942291 0.7146282973621104 0.5856627592425608 0.7106314948041567 0.5874661857529305 0.6914468425259792 0.5816050495942291 0.6786570743405277 0.5608656447249775 0.6826538768984812 0.5550045085662759 0.6754596322941646 0.5468890892696122 0.6746602717825739 0.5437330928764653 0.6794564348521184 0.5432822362488728 0.7050359712230216 0.5464382326420198 0.7122302158273383
0 0.18034265103697025 0.4196642685851319 0.2060414788097385 0.42206235011990406 0.2096483318304779 0.4180655475619504 0.21055004508566277 0.4108713029576339 0.21009918845807032 0.40367705835331735 0.19792605951307485 0.3996802557953637 0.18440036068530208 0.398880895283773 0.17493237150586113 0.40367705835331735 0.17538322813345356 0.416466826538769 0.18034265103697025 0.4196642685851319
0 0.3223624887285843 0.04876099120703437 0.3331830477908025 0.05355715427657874 0.33814247069431924 0.05115907274180656 0.33949504057709645 0.03437250199840128 0.33859332732191166 0.011990407673860913 0.3327321911632101 0.007993605115907274 0.32461677186654647 0.007194244604316547 0.32191163210099194 0.015187849720223821 0.32100991884580704 0.04316546762589928 0.3223624887285843 0.04876099120703437
0 0.2587917042380523 0.5091926458832934 0.2732191163210099 0.5115907274180655 0.27682596934174936 0.5083932853717026 0.2763751127141569 0.5003996802557954 0.2745716862037872 0.49800159872102323 0.2583408476104599 0.49640287769784175 0.25743913435527505 0.5051958433253397 0.2587917042380523 0.5091926458832934
0 0 0.7346123101518786 0.005410279531109108 0.7322142286171064 0.008115419296663661 0.7202238209432456 0.007664562669071236 0.7066346922462031 0.0031559963931469793 0.6994404476418865 0 0.6994404476418865 0 0.7346123101518786
0 0.830477908025248 0.9080735411670664 0.8417493237150586 0.9080735411670664 0.8435527502254283 0.8960831334932055 0.8422001803426511 0.8601119104716227 0.8376916140667268 0.8585131894484412 0.8354373309287646 0.8609112709832134 0.8268710550045085 0.8617106314948043 0.8228133453561768 0.8665067945643485 0.8223624887285843 0.9040767386091128 0.830477908025248 0.9080735411670664
0 0.10414788097385032 0.045563549160671464 0.11226330027051398 0.04476418864908074 0.11587015329125337 0.03357314148681055 0.12398557258791705 0.02238209432454037 0.12353471596032461 0 0.10459873760144275 0 0.10144274120829576 0.01278976818545164 0.10144274120829576 0.042366107114308556 0.10414788097385032 0.045563549160671464
0 0.9526600541027953 0.6506794564348523 0.9756537421100091 0.6522781774580336 0.9792605951307485 0.6474820143884892 0.9810640216411182 0.6250999200639489 0.9779080252479712 0.6123101518784972 0.9738503155996393 0.6091127098321344 0.957619477006312 0.6075139888089529 0.9526600541027953 0.6115107913669064 0.9517583408476105 0.6195043964828137 0.9513074842200181 0.6474820143884892 0.9526600541027953 0.6506794564348523
0 0.9120829576194771 0.6171063149480416 0.9201983769161407 0.6219024780175859 0.9427412082957619 0.6219024780175859 0.9449954914337241 0.6195043964828137 0.9449954914337241 0.5987210231814549 0.9436429215509469 0.5939248601119105 0.9368800721370605 0.586730615507594 0.9391343552750226 0.5811350919264588 0.936429215509468 0.5811350919264588 0.9355275022542832 0.5891286970423661 0.9215509467989179 0.5843325339728218 0.9183949504057709 0.586730615507594 0.9143372407574392 0.5859312549960032 0.9107303877366997 0.592326139088729 0.9102795311091073 0.6131095123900879 0.9120829576194771 0.6171063149480416
0 0.10144274120829576 0.11270983213429257 0.10775473399458972 0.11510791366906475 0.11587015329125337 0.11430855315747403 0.11767357980162309 0.10551558752997602 0.11677186654643823 0.08473221422861711 0.1127141568981064 0.07993605115907274 0.10279531109107304 0.07993605115907274 0.10054102795311091 0.08713029576338929 0.10009017132551848 0.10551558752997602 0.10144274120829576 0.11270983213429257
0 0.6005410279531108 0.7138289368505196 0.6118124436429215 0.7114308553157473 0.6339044183949504 0.7170263788968825 0.636609558160505 0.7162270183852918 0.6393146979260594 0.7074340527577938 0.6393146979260594 0.6914468425259792 0.6357078449053201 0.6794564348521184 0.633453561767358 0.6770583533173462 0.6293958521190262 0.6770583533173462 0.6235347159603246 0.6826538768984812 0.609107303877367 0.6818545163868905 0.6018935978358882 0.6746602717825739 0.6000901713255185 0.6778577138289369 0.5973850315599639 0.695443645083933 0.5973850315599639 0.7074340527577938 0.6005410279531108 0.7138289368505196
0 0.23760144274120829 0.9800159872102319 0.2407574391343553 0.9760191846522782 0.2412082957619477 0.9664268585131894 0.23895401262398558 0.9616306954436452 0.23309287646528404 0.9584332533972821 0.2285843101893598 0.9584332533972821 0.22678088367899008 0.9608313349320544 0.22723174030658252 0.9776179056754596 0.23760144274120829 0.9800159872102319
0 0.6600541027953112 0.3749000799360512 0.666366095581605 0.37809752198241414 0.6753832281334536 0.37809752198241414 0.6785392245266005 0.3733013589128697 0.6794409377817855 0.3557154276578737 0.6735798016230838 0.33812949640287776 0.6614066726780884 0.3365307753796963 0.6568981064021642 0.3405275779376499 0.6568981064021642 0.3677058353317346 0.6600541027953112 0.3749000799360512
0 0.9080252479711453 0.0671462829736211 0.9156898106402165 0.06874500399680256 0.9206492335437331 0.07274180655475619 0.9251577998196574 0.07114308553157474 0.9265103697024346 0.060751398880895285 0.9305680793507665 0.05115907274180656 0.9287646528403968 0 0.9107303877366997 0 0.9080252479711453 0.011191047162270184 0.9066726780883679 0.049560351718625106 0.9080252479711453 0.0671462829736211
0 0.784941388638413 0.6850519584332534 0.796663660955816 0.6882494004796164 0.8097385031559965 0.6882494004796164 0.8142470694319207 0.6842525979216627 0.8146979260595131 0.6690647482014389 0.8106402164111812 0.6578737010391686 0.7862939585211903 0.6554756195043965 0.7826871055004508 0.6626698641087131 0.7826871055004508 0.6810551558752997 0.784941388638413 0.6850519584332534
0 0.1825969341749324 0.5683453237410072 0.19702434625788998 0.5699440447641887 0.19927862939585214 0.5691446842525979 0.2006311992786294 0.5651478816946442 0.2006311992786294 0.5603517186250999 0.19612263300270513 0.5563549160671463 0.18034265103697025 0.5563549160671463 0.17989179440937783 0.5619504396482814 0.1825969341749324 0.5683453237410072
0 0.8169522091974751 0.6083133493205436 0.8489630297565375 0.6107114308553158 0.8539224526600542 0.6059152677857713 0.8557258791704238 0.5771382893685052 0.8530207394048693 0.5715427657873702 0.8381424706943192 0.5651478816946442 0.8205590622182147 0.5667466027178258 0.8178539224526601 0.5683453237410072 0.8155996393146979 0.5739408473221423 0.8146979260595131 0.6051159072741806 0.8169522091974751 0.6083133493205436
0 0.9048692515779982 0.7561950439648283 0.9093778178539225 0.762589928057554 0.9188458070333634 0.7673860911270984 0.9256086564472498 0.7673860911270984 0.9283137962128044 0.7633892885691447 0.9305680793507665 0.7545963229416467 0.9314697926059514 0.7330135891286971 0.9274120829576196 0.7178257394084733 0.9120829576194771 0.7090327737809753 0.9071235347159603 0.7090327737809753 0.9048692515779982 0.7130295763389289 0.9039675383228134 0.7202238209432456 0.903516681695221 0.7450039968025579 0.9048692515779982 0.7561950439648283
0 0.7128043282236249 0.023980815347721826 0.7173128944995492 0.029576338928856916 0.7389540126239856 0.0319744204636291 0.7452660054102795 0.0319744204636291 0.7470694319206492 0.029576338928856916 0.7475202885482417 0.02238209432454037 0.7443642921550947 0.018385291766586733 0.7191163210099188 0.014388489208633094 0.7137060414788097 0.016786570743405275 0.7123534715960325 0.018385291766586733 0.7128043282236249 0.023980815347721826
0 0.18890892696122633 0.14628297362110312 0.19927862939585214 0.14708233413269386 0.20108205590622183 0.14148681055155876 0.20333633904418397 0.11590727418065548 0.20333633904418397 0.10791366906474821 0.2006311992786294 0.09512390087929656 0.19612263300270513 0.08713029576338929 0.1902614968440036 0.08393285371702638 0.1825969341749324 0.08553157474020784 0.18079350766456267 0.09272581934452438 0.1812443642921551 0.13828936850519585 0.18890892696122633 0.14628297362110312
0 0.6122633002705139 0.8872901678657075 0.6248872858431019 0.8920863309352519 0.630297565374211 0.8912869704236611 0.6321009918845808 0.8649080735411672 0.6298467087466186 0.8545163868904877 0.6158701532912535 0.8513189448441247 0.6095581605049595 0.859312549960032 0.6086564472497746 0.8792965627498002 0.6122633002705139 0.8872901678657075
0 0.08881875563570783 0.36370903277378097 0.10595130748422002 0.3661071143085532 0.11045987376014427 0.3629096722621903 0.11136158701532912 0.3445243804956035 0.109107303877367 0.3413269384492406 0.09107303877366997 0.33892885691446845 0.08836789900811542 0.3405275779376499 0.08701532912533815 0.34612310151878495 0.08656447249774572 0.3557154276578737 0.08881875563570783 0.36370903277378097
0 0.6415689810640216 0.6059152677857713 0.6496844003606853 0.6099120703437251 0.6681695220919748 0.6131095123900879 0.674932371505861 0.6131095123900879 0.6794409377817855 0.6083133493205436 0.6789900811541929 0.5891286970423661 0.6699729486023445 0.5827338129496403 0.6677186654643824 0.577937649880096 0.657799819657349 0.5771382893685052 0.6519386834986475 0.5795363709032775 0.6406672678088369 0.5771382893685052 0.6375112714156899 0.5843325339728218 0.6375112714156899 0.6011191047162271 0.6415689810640216 0.6059152677857713
0 0.6568981064021642 0.9992006394884093 0.657799819657349 0.991207034372502 0.654643823264202 0.973621103117506 0.6451758340847611 0.9696243005595524 0.6352569882777277 0.9688249400479617 0.6321009918845808 0.9688249400479617 0.6298467087466186 0.9720223820943246 0.630297565374211 0.9992006394884093 0.6568981064021642 0.9992006394884093
0 0.8345356176735799 0.4188649080735412 0.8449053201082056 0.4188649080735412 0.8476104598737602 0.3924860111910472 0.8467087466185753 0.3828936850519585 0.8426510369702435 0.37010391686650684 0.8381424706943192 0.3677058353317346 0.8313796212804329 0.36930455635491605 0.827321911632101 0.38609112709832133 0.8277727682596934 0.4132693844924061 0.8345356176735799 0.4188649080735412
0 0.7348963029756538 0.709832134292566 0.7628494138863842 0.7154276578737011 0.7682596934174932 0.7130295763389289 0.7682596934174932 0.6906474820143885 0.766907123534716 0.6770583533173462 0.7646528403967539 0.6722621902478018 0.7556357078449053 0.6666666666666666 0.7389540126239856 0.6658673061550759 0.7339945897204688 0.6698641087130296 0.7326420198376916 0.6786570743405277 0.7326420198376916 0.7026378896882494 0.7348963029756538 0.709832134292566
0 0.25924256086564473 0.05355715427657874 0.28403967538322816 0.05755395683453238 0.2862939585211903 0.05675459632294165 0.2885482416591524 0.050359712230215826 0.2867448151487827 0.03357314148681055 0.28313796212804326 0.026378896882494004 0.25473399458972046 0.023181454836131096 0.25247971145175835 0.029576338928856916 0.25247971145175835 0.04636290967226219 0.25924256086564473 0.05355715427657874
0 0.9535617673579802 0.5939248601119105 0.9837691614066727 0.5971223021582733 0.9905320108205591 0.6019184652278178 0.9932371505861136 0.5939248601119105 0.993688007213706 0.5771382893685052 0.9900811541929667 0.5699440447641887 0.9706943192064924 0.5611510791366906 0.9634806131650135 0.5643485211830536 0.9562669071235348 0.5635491606714629 0.9526600541027953 0.5699440447641887 0.9517583408476105 0.5891286970423661 0.9535617673579802 0.5939248601119105
0 0.6857529305680793 0.7058353317346123 0.6889089269612263 0.704236610711431 0.6925157799819658 0.7074340527577938 0.7105500450856627 0.7074340527577938 0.7137060414788097 0.704236610711431 0.7155094679891795 0.6770583533173462 0.7155094679891795 0.6690647482014389 0.7137060414788097 0.6642685851318945 0.7055906221821461 0.6594724220623502 0.6956717763751128 0.6586730615507593 0.6884580703336339 0.6618705035971224 0.6853020739404869 0.6666666666666666 0.6844003606853021 0.701039168665068 0.6857529305680793 0.7058353317346123
0 0.8376916140667268 0.9992006394884093 0.8385933273219116 0.9952038369304558 0.8381424706943192 0.9880095923261392 0.8318304779080252 0.982414068745004 0.8124436429215509 0.9792166266986412 0.809287646528404 0.9832134292565947 0.8088367899008116 0.9992006394884093 0.8376916140667268 0.9992006394884093
0 0.7596934174932372 0.9992006394884093 0.7619477006311993 0.9856115107913669 0.7614968440036068 0.9808153477218226 0.7592425608656448 0.9784172661870505 0.7448151487826871 0.9752198241406874 0.7285843101893598 0.9744204636290967 0.7236248872858432 0.9768185451638689 0.7222723174030657 0.9816147082334133 0.721370604147881 0.9992006394884093 0.7596934174932372 0.9992006394884093
0 0.5951307484220018 0.6059152677857713 0.6000901713255185 0.6091127098321344 0.6248872858431019 0.6123101518784972 0.627141568981064 0.6099120703437251 0.6284941388638413 0.6011191047162271 0.6330027051397656 0.5971223021582733 0.6352569882777277 0.5915267785771383 0.6348061316501352 0.574740207833733 0.627141568981064 0.5691446842525979 0.5982867448151488 0.565947242206235 0.5955816050495942 0.5691446842525979 0.5946798917944094 0.5739408473221423 0.594229035166817 0.6027178257394085 0.5951307484220018 0.6059152677857713
0 0.21325518485121733 0.059952038369304565 0.21776375112714155 0.05675459632294165 0.21911632100991885 0.03756994404476419 0.2164111812443643 0.023980815347721826 0.20559062218214608 0.020783373301358914 0.19477006311992787 0.023181454836131096 0.1956717763751127 0.05755395683453238 0.21325518485121733 0.059952038369304565
0 0.5937781785392245 0.8776978417266187 0.6055004508566276 0.8792965627498002 0.6122633002705139 0.8872901678657075 0.6190261496844004 0.8904876099120704 0.630297565374211 0.8904876099120704 0.6316501352569882 0.8657074340527579 0.6298467087466186 0.8545163868904877 0.6226330027051398 0.8529176658673061 0.6185752930568079 0.8489208633093526 0.609107303877367 0.8481215027977619 0.6055004508566276 0.841726618705036 0.6023444544634806 0.8401278976818546 0.5933273219116322 0.8457234212629897 0.5919747520288549 0.8489208633093526 0.5915238954012624 0.8697042366107114 0.5937781785392245 0.8776978417266187
0 0.7006311992786294 0.33812949640287776 0.7209197475202885 0.34212629896083135 0.729936880072137 0.3413269384492406 0.7317403065825068 0.33812949640287776 0.7317403065825068 0.3237410071942446 0.7290351668169522 0.3181454836131095 0.7024346257889991 0.31414868105515587 0.6992786293958522 0.31414868105515587 0.6979260595130748 0.3165467625899281 0.6983769161406672 0.33253397282174263 0.7006311992786294 0.33812949640287776
0 0.6785392245266005 0.9512390087929657 0.6830477908025249 0.9536370903277379 0.7024346257889991 0.9544364508393286 0.715960324616772 0.9496402877697842 0.7182146077547341 0.9456434852118306 0.7204688908926962 0.9352517985611511 0.721370604147881 0.9080735411670664 0.721370604147881 0.8904876099120704 0.7200180342651037 0.885691446842526 0.7150586113615871 0.8824940047961631 0.6884580703336339 0.8792965627498002 0.6794409377817855 0.8904876099120704 0.6771866546438233 0.9072741806554757 0.6771866546438233 0.9480415667466028 0.6785392245266005 0.9512390087929657
0 0.657799819657349 0.3341326938449241 0.690712353471596 0.3333333333333333 0.6929666366095582 0.3309352517985612 0.693868349864743 0.32454036770583533 0.6925157799819658 0.3149480415667466 0.6889089269612263 0.31175059952038375 0.6587015329125337 0.31015187849720227 0.6519386834986475 0.31414868105515587 0.6528403967538323 0.32773780975219824 0.657799819657349 0.3341326938449241
0 0.7096483318304779 0.3820943245403677 0.7155094679891795 0.3844924060751399 0.7276825969341749 0.3844924060751399 0.7317403065825068 0.37969624300559557 0.7339945897204688 0.36370903277378097 0.7276825969341749 0.3477218225419665 0.7123534715960325 0.3445243804956035 0.7096483318304779 0.3469224620303757 0.7073940486925159 0.3557154276578737 0.7078449053201082 0.37969624300559557 0.7096483318304779 0.3820943245403677
0 0.9179440937781785 0.4172661870503597 0.933273219116321 0.4188649080735412 0.9368800721370605 0.4156674660271783 0.9377817853922452 0.381294964028777 0.9323715058611362 0.3645083932853717 0.9215509467989179 0.36370903277378097 0.9165915238954013 0.3932853717026379 0.9161406672678089 0.41167066346922465 0.9179440937781785 0.4172661870503597
0 0.18890892696122633 0.2901678657074341 0.19927862939585214 0.2901678657074341 0.20108205590622183 0.2733812949640288 0.20108205590622183 0.2613908872901679 0.19927862939585214 0.2517985611510791 0.1956717763751127 0.2470023980815348 0.18710550045085664 0.24620303756994405 0.1848512173128945 0.24860111910471622 0.18440036068530208 0.28617106314948043 0.18890892696122633 0.2901678657074341
0 0.2484220018034265 0.9968025579536371 0.25473399458972046 0.9992006394884093 0.2623985572587917 0.9944044764188649 0.26194770063119927 0.9792166266986412 0.2587917042380523 0.973621103117506 0.2515779981965735 0.9696243005595524 0.2479711451758341 0.9704236610711432 0.24661857529305684 0.973621103117506 0.24616771866546439 0.9872102318145485 0.2484220018034265 0.9968025579536371
0 0.872858431018936 0.6338928856914469 0.8863841298467088 0.6370903277378098 0.9012623985572588 0.6370903277378098 0.9026149684400361 0.6083133493205436 0.9008115419296664 0.6003197442046363 0.8976555455365194 0.5963229416466826 0.8890892696122633 0.5947242206235012 0.8827772768259693 0.5979216626698641 0.8733092876465285 0.592326139088729 0.8710550045085662 0.5939248601119105 0.8701532912533815 0.6011191047162271 0.8692515779981966 0.6250999200639489 0.872858431018936 0.6338928856914469