0 0.32461677186654647 0.9536370903277379 0.33047790802524796 0.9560351718625101 0.33994589720468893 0.9544364508393286 0.33994589720468893 0.9352517985611511 0.3295761947700631 0.9288569144684253 0.32506762849413884 0.9288569144684253 0.32281334535617673 0.9336530775379696 0.3223624887285843 0.9488409272581935 0.32461677186654647 0.9536370903277379
0 0.7434625788999099 0.37969624300559557 0.7515779981965736 0.3868904876099121 0.7623985572587918 0.3868904876099121 0.763751127141569 0.381294964028777 0.7651036970243462 0.3397282174260592 0.7633002705139765 0.31734612310151883 0.7587917042380523 0.3133493205435652 0.7484220018034266 0.31254996003197444 0.7443642921550947 0.3133493205435652 0.7430117222723175 0.31974420463629094 0.74165915238954 0.36930455635491605 0.7434625788999099 0.37969624300559557
0 0.48647430117222723 0.7961630695443646 0.4981965734896303 0.797761790567546 0.5027051397655545 0.7961630695443646 0.5054102795311091 0.7913669064748201 0.5054102795311091 0.771382893685052 0.5022542831379622 0.7649880095923263 0.48782687105500455 0.762589928057554 0.4855725879170424 0.765787370103917 0.4842200180342651 0.7753796962430056 0.4837691614066727 0.7905675459632294 0.48647430117222723 0.7961630695443646
0 0.19657348963029758 0.7601918465227818 0.20198376916140667 0.7577937649880097 0.20333633904418397 0.7545963229416467 0.20288548241659152 0.7346123101518786 0.19477006311992787 0.7290167865707434 0.19251577998196576 0.7250199840127898 0.18890892696122633 0.7258193445243806 0.18755635707844906 0.7298161470823342 0.18800721370604148 0.7545963229416467 0.19657348963029758 0.7601918465227818
0 0.4386834986474301 0.9776179056754596 0.4495040577096483 0.9768185451638689 0.4571686203787196 0.9576338928856915 0.45671776375112716 0.9520383693045564 0.4540126239855726 0.9488409272581935 0.44048692515779986 0.9488409272581935 0.4355275022542831 0.9544364508393286 0.43507664562669074 0.9752198241406874 0.4386834986474301 0.9776179056754596
0 0.5816050495942291 0.29176658673061556 0.5852119026149685 0.29416466826538773 0.6000901713255185 0.29256594724220625 0.6018935978358882 0.2789768185451639 0.6009918845807034 0.2613908872901679 0.5951307484220018 0.2589928057553957 0.5838593327321911 0.2589928057553957 0.5793507664562669 0.2613908872901679 0.5793507664562669 0.2789768185451639 0.5816050495942291 0.29176658673061556
0 0 0.6906474820143885 0.015779981965734897 0.6906474820143885 0.0175834084761046 0.6802557953637091 0.017132551848512173 0.6618705035971224 0.015329125338142471 0.6586730615507593 0.0031559963931469793 0.6562749800159873 0 0.6578737010391686 0 0.6906474820143885
0 0.6690712353471596 0.014388489208633094 0.6807935076645627 0.016786570743405275 0.6844003606853021 0.01278976818545164 0.6848512173128946 0 0.6672678088367898 0.001598721023181455 0.6668169522091975 0.011191047162270184 0.6690712353471596 0.014388489208633094
0 0.7100991884580703 0.48441247002398086 0.7326420198376916 0.48920863309352525 0.7380522993688007 0.48920863309352525 0.7398557258791705 0.4852118305355716 0.7371505861136158 0.45643485211830537 0.7267808836789902 0.45643485211830537 0.7150586113615871 0.4524380495603517 0.7100991884580703 0.45643485211830537 0.7091974752028855 0.46442845723421267 0.7087466185752931 0.4772182254196643 0.7100991884580703 0.48441247002398086
0 0.32506762849413884 0.7649880095923263 0.3322813345356177 0.765787370103917 0.33859332732191166 0.7601918465227818 0.33994589720468893 0.7402078337330137 0.3345356176735798 0.7258193445243806 0.3309287646528404 0.7226219024780176 0.3268710550045086 0.7234212629896084 0.3237150586113616 0.7394084732214229 0.3237150586113616 0.7617905675459633 0.32506762849413884 0.7649880095923263
0 0.6564472497745717 0.4860111910471623 0.6596032461677187 0.48920863309352525 0.6686203787195673 0.4908073541167067 0.675834084761046 0.4908073541167067 0.6821460775473399 0.4852118305355716 0.6853020739404869 0.4676258992805756 0.6839495040577097 0.45803357314148685 0.6789900811541929 0.45483613109512394 0.6605049594229035 0.45483613109512394 0.6573489630297565 0.45643485211830537 0.6550946798917944 0.46442845723421267 0.654643823264202 0.47641886490807356 0.6564472497745717 0.4860111910471623
0 0.2407574391343553 0.6290967226219025 0.26825969341749323 0.6314948041566747 0.2709648331830478 0.6266986410871304 0.2727682596934175 0.6195043964828137 0.2727682596934175 0.595523581135092 0.2696122633002705 0.5899280575539568 0.2556357078449053 0.5891286970423661 0.24436429215509467 0.5851318944844125 0.2412082957619477 0.5859312549960032 0.239404869251578 0.5931254996003198 0.23850315599639313 0.6203037569944045 0.2407574391343553 0.6290967226219025
0 0.763751127141569 0.5523581135091926 0.7651036970243462 0.5739408473221423 0.7826871055004508 0.5763389288569145 0.784941388638413 0.5675459632294165 0.7840396753832282 0.5467625899280576 0.7727682596934174 0.5379696243005596 0.7619477006311993 0.5379696243005596 0.7601442741208296 0.5395683453237411 0.763751127141569 0.5523581135091926
0 0.5640216411181245 0.542765787370104 0.5816050495942291 0.5459632294164669 0.5955816050495942 0.5459632294164669 0.5991884580703336 0.542765787370104 0.6005410279531108 0.5187849720223822 0.5951307484220018 0.5107913669064749 0.5807033363390443 0.5091926458832934 0.5752930568079351 0.5059952038369305 0.5743913435527502 0.5011990407673861 0.566726780883679 0.49800159872102323 0.5640216411181245 0.5027977617905676 0.5622182146077548 0.5187849720223822 0.5617673579801623 0.533972821742606 0.5640216411181245 0.542765787370104
0 0.5338142470694319 0.24380495603517185 0.5459873760144275 0.24940047961630699 0.5500450856627592 0.2501998401278977 0.5518485121731289 0.2478017585931255 0.5532010820559062 0.23741007194244604 0.5500450856627592 0.23181454836131096 0.5396753832281335 0.2294164668265388 0.5320108205590622 0.23101518784972022 0.5315599639314699 0.24060751398880897 0.5338142470694319 0.24380495603517185
0 0.7623985572587918 0.24460431654676262 0.7651036970243462 0.24060751398880897 0.7664562669071235 0.21742605915267785 0.7646528403967539 0.2126298960831335 0.7560865644724978 0.20863309352517986 0.7461677186654645 0.20863309352517986 0.7439134355275022 0.21183053557154277 0.7443642921550947 0.24220623501199043 0.7623985572587918 0.24460431654676262
0 0.6496844003606853 0.6626698641087131 0.6559963931469793 0.6658673061550759 0.6686203787195673 0.6642685851318945 0.6717763751127143 0.6466826538768985 0.6713255184851218 0.6250999200639489 0.6699729486023445 0.6195043964828137 0.666366095581605 0.6155075939248602 0.6541929666366095 0.6147082334132695 0.65238954012624 0.6163069544364509 0.6505861136158702 0.6266986410871304 0.6487826871055005 0.6562749800159873 0.6496844003606853 0.6626698641087131
0 0.5252479711451759 0.6490807354116707 0.5360685302073941 0.6498800959232613 0.5405770964833183 0.6474820143884892 0.542380522993688 0.6195043964828137 0.5396753832281335 0.6115107913669064 0.5220919747520288 0.6099120703437251 0.5184851217312895 0.6155075939248602 0.5175834084761046 0.6219024780175859 0.5180342651036971 0.6442845723421263 0.5252479711451759 0.6490807354116707
0 0 0.25259792166266987 0.01127141568981064 0.2541966426858513 0.014878268710550046 0.2478017585931255 0.015329125338142471 0.2126298960831335 0.012173128944995492 0.2030375699440448 0.002705139765554554 0.2006394884092726 0 0.2014388489208633 0 0.25259792166266987
0 0.3868349864743012 0.5691446842525979 0.42515779981965734 0.5731414868105515 0.42741208295761945 0.5667466027178258 0.42651036970243467 0.5539568345323741 0.42290351668169524 0.548361310951239 0.3944995491433724 0.5451638689048761 0.3872858431018936 0.5475619504396483 0.3859332732191163 0.5515587529976019 0.3850315599639315 0.5651478816946442 0.3868349864743012 0.5691446842525979
0 0.1636609558160505 0.7202238209432456 0.17718665464382327 0.7194244604316546 0.18214607754733994 0.7154276578737011 0.1834986474301172 0.7058353317346123 0.18214607754733994 0.6946442845723421 0.1744815148782687 0.6914468425259792 0.16636609558160506 0.6922462030375699 0.16321009918845808 0.6962430055955237 0.1618575293056808 0.7146282973621104 0.1636609558160505 0.7202238209432456
0 0.36880072137060416 0.9408473221422862 0.3751127141568981 0.9440447641886491 0.3823264201983769 0.9424460431654678 0.3841298467087466 0.9336530775379696 0.3841298467087466 0.9216626698641087 0.3814247069431921 0.906474820143885 0.3787195671776375 0.9032773780975221 0.369702434625789 0.9016786570743406 0.3669972948602344 0.9040767386091128 0.3651938683498648 0.9096722621902479 0.3651938683498648 0.929656274980016 0.36880072137060416 0.9408473221422862
0 0.7448151487826871 0.2901678657074341 0.7623985572587918 0.29096722621902477 0.7651036970243462 0.2885691446842526 0.7651036970243462 0.25819344524380494 0.7610459873760144 0.2557953637090328 0.7479711451758341 0.2549960031974421 0.7439134355275022 0.2597921662669864 0.7430117222723175 0.28617106314948043 0.7448151487826871 0.2901678657074341
0 0.7200180342651037 0.5547561950439649 0.7272317403065826 0.5579536370903277 0.7357980162308386 0.5579536370903277 0.7385031559963932 0.5539568345323741 0.733092876465284 0.5355715427657874 0.7236248872858432 0.5347721822541966 0.7191163210099188 0.5395683453237411 0.7186654643823265 0.5531574740207834 0.7200180342651037 0.5547561950439649
0 0.5464382326420198 0.8033573141486812 0.5608656447249775 0.8049560351718625 0.5644724977457168 0.8025579536370904 0.5644724977457168 0.7897681854516387 0.5622182146077548 0.7825739408473221 0.5518485121731289 0.7777777777777778 0.5468890892696122 0.7785771382893686 0.5450856627592425 0.7825739408473221 0.5441839495040577 0.7993605115907274 0.5464382326420198 0.8033573141486812
0 0.6194770063119928 0.8585131894484412 0.6411181244364292 0.8585131894484412 0.6429215509467989 0.8441247002398081 0.6411181244364292 0.8353317346123101 0.6248872858431019 0.8313349320543566 0.6194770063119928 0.8313349320543566 0.6181244364292156 0.8353317346123101 0.6176735798016231 0.8529176658673061 0.6194770063119928 0.8585131894484412
0 0.016230838593327322 0.797761790567546 0.033363390441839495 0.8041566746602719 0.03742110009017133 0.800959232613909 0.04012623985572588 0.7945643485211831 0.04192966636609558 0.7793764988009593 0.04147880973850316 0.7641886490807354 0.03967538322813345 0.7609912070343725 0.032461677186654644 0.756994404476419 0.018935978358881875 0.7585931254996003 0.014878268710550046 0.7785771382893686 0.01442741208295762 0.7913669064748201 0.016230838593327322 0.797761790567546
0 0.32100991884580704 0.8601119104716227 0.33047790802524796 0.8609112709832134 0.33588818755635713 0.8577138289368506 0.33588818755635713 0.8401278976818546 0.3336339044183949 0.8321342925659473 0.32281334535617673 0.8305355715427658 0.31920649233543735 0.8337330135891287 0.31875563570784493 0.8529176658673061 0.32100991884580704 0.8601119104716227
0 0.09693417493237151 0.8145483613109513 0.11587015329125337 0.815347721822542 0.11902614968440037 0.8057553956834532 0.11992786293958521 0.7889688249400479 0.11902614968440037 0.7833733013589129 0.11722272317403065 0.7817745803357314 0.1018935978358882 0.78017585931255 0.09873760144274121 0.7825739408473221 0.09603246167718665 0.7953637090327739 0.09558160504959423 0.8089528377298163 0.09693417493237151 0.8145483613109513
0 0.17538322813345356 0.0671462829736211 0.1812443642921551 0.07114308553157474 0.19477006311992787 0.07114308553157474 0.19657348963029758 0.0671462829736211 0.19702434625788998 0.03597122302158274 0.19296663660955815 0.018385291766586733 0.1898106402164112 0.015187849720223821 0.18034265103697025 0.014388489208633094 0.17763751127141567 0.016786570743405275 0.17673579801623085 0.02158273381294964 0.17493237150586113 0.04716227018385292 0.17538322813345356 0.0671462829736211
0 0.47249774571686204 0.7593924860111911 0.4842200180342651 0.7617905675459633 0.48737601442741213 0.7561950439648283 0.48647430117222723 0.7410071942446044 0.48467087466185754 0.7386091127098321 0.47385031559963936 0.7386091127098321 0.4697926059513075 0.7450039968025579 0.46934174932371503 0.7545963229416467 0.47249774571686204 0.7593924860111911
0 0.48782687105500455 0.6314948041566747 0.4905320108205591 0.636290967226219 0.5013525698827773 0.6410871302957634 0.5144274120829576 0.6402877697841727 0.5157799819657348 0.6155075939248602 0.5112714156898106 0.6019184652278178 0.48737601442741213 0.6003197442046363 0.48692515779981965 0.6250999200639489 0.48782687105500455 0.6314948041566747
0 0.703336339044184 0.5979216626698641 0.7177637511271415 0.6003197442046363 0.7209197475202885 0.5947242206235012 0.721370604147881 0.5843325339728218 0.7195671776375113 0.5803357314148682 0.7028854824165914 0.5755395683453238 0.7006311992786294 0.5787370103916867 0.7006311992786294 0.5915267785771383 0.703336339044184 0.5979216626698641
0 0.628043282236249 0.27258193445243806 0.6442741208295762 0.2741806554756195 0.6478809738503156 0.2717825739408473 0.6478809738503156 0.2478017585931255 0.6298467087466186 0.24460431654676262 0.6266907123534716 0.24620303756994405 0.6253381424706943 0.2501998401278977 0.6257889990982868 0.2677857713828937 0.628043282236249 0.27258193445243806
0 0.16321009918845808 0.7466027178257394 0.17222723174030657 0.7490007993605117 0.175834084761046 0.7458033573141487 0.17808836789900812 0.7306155075939249 0.1762849413886384 0.7210231814548362 0.16456266907123535 0.7202238209432456 0.16140667267808836 0.7242206235011991 0.16095581605049597 0.7410071942446044 0.16321009918845808 0.7466027178257394
0 0.3935978358881876 0.5011990407673861 0.4008115419296664 0.5067945643485212 0.4192966636609558 0.5083932853717026 0.42200180342651034 0.5027977617905676 0.42290351668169524 0.4940047961630696 0.42741208295761945 0.48441247002398086 0.42831379621280435 0.47002398081534774 0.42651036970243467 0.46282973621103124 0.42155094679891797 0.4572342126298961 0.3976555455365194 0.4532374100719425 0.3935978358881876 0.4572342126298961 0.3904418394950406 0.4756195043964829 0.38999098286744815 0.4940047961630696 0.3935978358881876 0.5011990407673861
0 0.739404869251578 0.6786570743405277 0.7448151487826871 0.6810551558752997 0.7560865644724978 0.6778577138289369 0.7547339945897205 0.6618705035971224 0.7511271415689811 0.6514788169464429 0.7407574391343553 0.6498800959232613 0.7371505861136158 0.6578737010391686 0.7371505861136158 0.6730615507593926 0.739404869251578 0.6786570743405277
0 0.2889990982867448 0.14548361310951238 0.2889990982867448 0.15507593924860114 0.28990081154192965 0.15987210231814547 0.2921550946798918 0.16227018385291767 0.3097385031559964 0.1574740207833733 0.3174030658250676 0.15267785771382894 0.31920649233543735 0.1486810551558753 0.3174030658250676 0.12869704236610713 0.3137962128043282 0.11750599520383694 0.2993688007213706 0.12230215827338131 0.28809738503155996 0.13029576338928858 0.2871956717763751 0.13828936850519585 0.2889990982867448 0.14548361310951238
0 0.4314697926059513 0.8385291766586731 0.4337240757439134 0.8257394084732215 0.433273219116321 0.8073541167066347 0.4206492335437331 0.8025579536370904 0.418394950405771 0.8033573141486812 0.4165915238954013 0.809752198241407 0.4170423805229937 0.8385291766586731 0.4314697926059513 0.8385291766586731
0 0.4981965734896303 0.2877697841726619 0.5027051397655545 0.2829736211031175 0.5027051397655545 0.2733812949640288 0.49864743011722273 0.2613908872901679 0.4891794409377818 0.2613908872901679 0.48737601442741213 0.2685851318944844 0.48782687105500455 0.28617106314948043 0.4981965734896303 0.2877697841726619
0 0.10234445446348062 0.7474020783373301 0.11226330027051398 0.7498001598721024 0.11587015329125337 0.7553956834532374 0.12353471596032461 0.7593924860111911 0.1375112714156898 0.7593924860111911 0.13931469792605952 0.756994404476419 0.13931469792605952 0.7258193445243806 0.13706041478809738 0.7194244604316546 0.13119927862939584 0.718625099920064 0.12578899909828675 0.7226219024780176 0.11496844003606854 0.7154276578737011 0.11045987376014427 0.709832134292566 0.10504959422903516 0.7090327737809753 0.10279531109107304 0.7138289368505196 0.10144274120829576 0.7250199840127898 0.10099188458070334 0.7386091127098321 0.10234445446348062 0.7474020783373301
0 0.02614968440036069 0.9792166266986412 0.03742110009017133 0.9816147082334133 0.044634806131650134 0.9760191846522782 0.04643823264201984 0.9720223820943246 0.04733994589720469 0.959232613908873 0.04418394950405771 0.9528377298161471 0.029756537421100092 0.9512390087929657 0.02569882777276826 0.9528377298161471 0.024346257889990983 0.9560351718625101 0.023895401262398558 0.973621103117506 0.02614968440036069 0.9792166266986412
0 0.628043282236249 0.5443645083932854 0.6388638412984671 0.5451638689048761 0.6487826871055005 0.5419664268585133 0.6501352569882777 0.5347721822541966 0.6501352569882777 0.5179856115107914 0.6447249774571686 0.5011990407673861 0.630297565374211 0.5019984012789769 0.627141568981064 0.5099920063948842 0.6266907123534716 0.5411670663469225 0.628043282236249 0.5443645083932854
0 0.5049594229035167 0.9840127897681855 0.5166816952209198 0.9848121502797762 0.5220919747520288 0.9792166266986412 0.5270513976555455 0.9776179056754596 0.5288548241659152 0.9728217426059154 0.5293056807935077 0.9640287769784173 0.5261496844003607 0.9560351718625101 0.5121731289449956 0.9520383693045564 0.5085662759242561 0.9488409272581935 0.5049594229035167 0.9488409272581935 0.503155996393147 0.9552358113509193 0.5022542831379622 0.9744204636290967 0.5049594229035167 0.9840127897681855
0 0.5748422001803427 0.6410871302957634 0.5874661857529305 0.645083932853717 0.6018935978358882 0.645083932853717 0.6032461677186655 0.642685851318945 0.6041478809738504 0.627498001598721 0.6023444544634806 0.6083133493205436 0.6009918845807034 0.6059152677857713 0.5906221821460775 0.6019184652278178 0.5784490532010821 0.6019184652278178 0.5775473399458972 0.6059152677857713 0.5739404869251578 0.6282973621103117 0.5748422001803427 0.6410871302957634
0 0.766907123534716 0.5027977617905676 0.7876465284039675 0.5067945643485212 0.7930568079350766 0.5051958433253397 0.7944093778178539 0.5019984012789769 0.7944093778178539 0.49000799360511593 0.7926059513074842 0.4860111910471623 0.7790802524797115 0.4804156674660272 0.7651036970243462 0.48121502797761795 0.7646528403967539 0.49880095923261397 0.766907123534716 0.5027977617905676
0 0.7164111812443643 0.6434852118305356 0.7231740306582507 0.6466826538768985 0.7344454463480614 0.6474820143884892 0.736248872858431 0.6378896882494005 0.7344454463480614 0.627498001598721 0.7209197475202885 0.6227018385291766 0.7155094679891795 0.6258992805755397 0.7150586113615871 0.6402877697841727 0.7164111812443643 0.6434852118305356
0 0.7006311992786294 0.9992006394884093 0.7015329125338142 0.9904076738609113 0.6992786293958522 0.9800159872102319 0.6956717763751128 0.9728217426059154 0.6875563570784491 0.9744204636290967 0.6853020739404869 0.9720223820943246 0.6830477908025249 0.9800159872102319 0.6825969341749324 0.9992006394884093 0.7006311992786294 0.9992006394884093
0 0.6690712353471596 0.9656274980015987 0.6744815148782687 0.9696243005595524 0.6803426510369702 0.9704236610711432 0.6825969341749324 0.9672262190247802 0.6862037871956718 0.9528377298161471 0.6875563570784491 0.9392486011191048 0.6816952209197475 0.9344524380495605 0.6744815148782687 0.9344524380495605 0.6708746618575293 0.9376498800959233 0.6681695220919748 0.9440447641886491 0.6677186654643824 0.9608313349320544 0.6690712353471596 0.9656274980015987
0 0.05004508566275924 0.8169464428457234 0.05139765554553652 0.8201438848920864 0.06988277727682597 0.8217426059152678 0.07439134355275022 0.818545163868905 0.0757439134355275 0.806554756195044 0.07484220018034266 0.7889688249400479 0.059963931469792606 0.7857713828936851 0.0563570784490532 0.7833733013589129 0.05410279531109107 0.7785771382893686 0.05184851217312895 0.7809752198241406 0.0509467989179441 0.7857713828936851 0.05139765554553652 0.806554756195044 0.05004508566275924 0.8169464428457234
0 0.669522091974752 0.6722621902478018 0.6708746618575293 0.6746602717825739 0.6844003606853021 0.6754596322941646 0.6929666366095582 0.6698641087130296 0.6929666366095582 0.6474820143884892 0.6916140667267809 0.6442845723421263 0.6825969341749324 0.6394884092725819 0.6735798016230838 0.6394884092725819 0.6713255184851218 0.6442845723421263 0.669522091974752 0.6642685851318945 0.669522091974752 0.6722621902478018
0 0.4792605951307485 0.28936850519584334 0.4842200180342651 0.28936850519584334 0.48692515779981965 0.28617106314948043 0.4882777276825969 0.27258193445243806 0.48737601442741213 0.2238209432454037 0.4842200180342651 0.21982414068745004 0.4806131650135257 0.22062350119904078 0.47745716862037874 0.2270183852917666 0.4765554553651939 0.2334132693844924 0.47610459873760147 0.28377298161470826 0.4792605951307485 0.28936850519584334
0 0.45761947700631195 0.9840127897681855 0.4657348963029757 0.9872102318145485 0.4743011722272317 0.9864108713029576 0.4765554553651939 0.9840127897681855 0.47790802524797116 0.9632294164668266 0.47745716862037874 0.9576338928856915 0.47520288548241657 0.9528377298161471 0.46393146979260597 0.9520383693045564 0.46077547339945896 0.9544364508393286 0.4571686203787196 0.9624300559552359 0.4558160504959423 0.9792166266986412 0.45761947700631195 0.9840127897681855
0 0.560414788097385 0.6227018385291766 0.5707844905320109 0.6282973621103117 0.5743913435527502 0.6258992805755397 0.5770964833183048 0.6091127098321344 0.5775473399458972 0.595523581135092 0.5743913435527502 0.5883293365307755 0.5716862037871957 0.586730615507594 0.5658250676284942 0.5875299760191847 0.5626690712353472 0.5947242206235012 0.560414788097385 0.6091127098321344 0.560414788097385 0.6227018385291766
0 0.6316501352569882 0.31734612310151883 0.6424706943192064 0.3149480415667466 0.6442741208295762 0.31095123900879296 0.6442741208295762 0.2973621103117506 0.6424706943192064 0.2853717026378897 0.6375112714156899 0.2805755395683453 0.6257889990982868 0.2813749000799361 0.6257889990982868 0.31414868105515587 0.6316501352569882 0.31734612310151883
0 0.6672678088367898 0.8209432454036771 0.6866546438232641 0.8209432454036771 0.6875563570784491 0.7865707434052758 0.6839495040577097 0.7697841726618705 0.6816952209197475 0.765787370103917 0.6771866546438233 0.7633892885691447 0.6681695220919748 0.7641886490807354 0.6668169522091975 0.7673860911270984 0.6645626690712354 0.8177458033573143 0.6672678088367898 0.8209432454036771
0 0.609107303877367 0.3149480415667466 0.6208295761947701 0.31734612310151883 0.6275924256086564 0.3133493205435652 0.6266907123534716 0.2973621103117506 0.6230838593327321 0.2813749000799361 0.6199278629395851 0.2789768185451639 0.6095581605049595 0.2789768185451639 0.6073038773669973 0.28457234212629895 0.6068530207394048 0.2981614708233413 0.609107303877367 0.3149480415667466
0 0.11677186654643823 0.9288569144684253 0.12759242560865644 0.9336530775379696 0.1339044183949504 0.9304556354916067 0.13480613165013525 0.9112709832134293 0.13345356176735798 0.9080735411670664 0.12218214607754734 0.9056754596322941 0.11902614968440037 0.9072741806554757 0.11587015329125337 0.915267785771383 0.11541929666366096 0.9224620303756994 0.11677186654643823 0.9288569144684253
0 0.020288548241659154 0.6994404476418865 0.02885482416591524 0.704236610711431 0.03742110009017133 0.7026378896882494 0.03651938683498648 0.6818545163868905 0.02660054102795311 0.6746602717825739 0.02164111812443643 0.6754596322941646 0.018935978358881875 0.6786570743405277 0.01848512173128945 0.6930455635491607 0.020288548241659154 0.6994404476418865
0 0.7619477006311993 0.6586730615507593 0.7687105500450856 0.6642685851318945 0.7768259693417493 0.657074340527578 0.7786293958521191 0.642685851318945 0.7763751127141569 0.6346922462030377 0.7696122633002704 0.6282973621103117 0.7614968440036068 0.6282973621103117 0.75834084761046 0.6322941646682655 0.7578899909828674 0.64828137490008 0.7619477006311993 0.6586730615507593
0 0.7132551848512173 0.5259792166266987 0.7231740306582507 0.5291766586730615 0.7339945897204688 0.5283772981614708 0.7357980162308386 0.5259792166266987 0.736248872858431 0.5123900879296562 0.7339945897204688 0.49880095923261397 0.7254283137962128 0.495603517186251 0.7096483318304779 0.495603517186251 0.7096483318304779 0.5155875299760192 0.7132551848512173 0.5259792166266987
0 0.7155094679891795 0.6586730615507593 0.7195671776375113 0.6658673061550759 0.7321911632100992 0.6674660271782575 0.7353471596032463 0.6658673061550759 0.7366997294860235 0.6610711430855316 0.7344454463480614 0.6498800959232613 0.7168620378719567 0.6498800959232613 0.7155094679891795 0.6522781774580336 0.7155094679891795 0.6586730615507593