0 0.8796212804328223 0.19424460431654678 0.8904418394950405 0.21103117505995203 0.8944995491433724 0.2126298960831335 0.8976555455365194 0.2094324540367706 0.9026149684400361 0.19344524380495606 0.8981064021641119 0.18225419664268586 0.8985572587917042 0.16706634692246206 0.8877366997294861 0.15267785771382894 0.8845807033363391 0.15347721822541965 0.8827772768259693 0.15827338129496404 0.8796212804328223 0.17905675459632295 0.8796212804328223 0.19424460431654678
0 0.11857529305680793 0.6850519584332534 0.12623985572587917 0.6922462030375699 0.12984670874661858 0.6930455635491607 0.13345356176735798 0.689048760991207 0.1406672678088368 0.6722621902478018 0.13976555455365194 0.6642685851318945 0.13525698827772767 0.6514788169464429 0.12714156898106402 0.6418864908073542 0.12037871956717765 0.6418864908073542 0.11632100991884581 0.657074340527578 0.11632100991884581 0.6786570743405277 0.11857529305680793 0.6850519584332534
0 0.0793507664562669 0.2278177458033573 0.09377817853922453 0.24220623501199043 0.09873760144274121 0.24300559552358114 0.10685302073940486 0.22861710631494805 0.11136158701532912 0.20783373301358915 0.10865644724977458 0.19824140687450043 0.0915238954012624 0.18225419664268586 0.08476104598737601 0.19264588329336532 0.07889990982867448 0.2126298960831335 0.07799819657348962 0.2238209432454037 0.0793507664562669 0.2278177458033573
0 0.5559062218214608 0.21662669864108713 0.5608656447249775 0.21982414068745004 0.5662759242560865 0.21662669864108713 0.5712353471596032 0.19984012789768185 0.5707844905320109 0.19104716227018384 0.5680793507664563 0.18625099920063948 0.5608656447249775 0.1806554756195044 0.5577096483318305 0.1806554756195044 0.5536519386834987 0.18465227817745802 0.5482416591523895 0.19584332533972823 0.548692515779982 0.20623501199040767 0.5559062218214608 0.21662669864108713
0 0.445897204688909 0.12230215827338131 0.4477006311992786 0.1278976818545164 0.45311091073038773 0.13589128697042366 0.4634806131650135 0.14548361310951238 0.4715960324616772 0.15187849720223823 0.47520288548241657 0.15187849720223823 0.4810640216411181 0.13509192645883294 0.4828674481514878 0.12629896083133493 0.4824165915238954 0.12070343725019984 0.4720468890892696 0.1047162270183853 0.4526600541027953 0.08792965627498003 0.4495040577096483 0.09112709832134293 0.4477006311992786 0.09912070343725021 0.445897204688909 0.1135091926458833 0.445897204688909 0.12230215827338131
0 0.7687105500450856 0.35411670663469225 0.7723174030658251 0.3557154276578737 0.7777276825969343 0.34612310151878495 0.7781785392245266 0.3405275779376499 0.7759242560865645 0.33253397282174263 0.7682596934174932 0.3237410071942446 0.7623985572587918 0.3237410071942446 0.7578899909828674 0.3309352517985612 0.7578899909828674 0.3405275779376499 0.7687105500450856 0.35411670663469225
0 0.9211000901713255 0.8025579536370904 0.9310189359783588 0.8033573141486812 0.9359783588818756 0.8001598721023181 0.936429215509468 0.7913669064748201 0.9323715058611362 0.7841726618705037 0.9229035166816953 0.7777777777777778 0.9206492335437331 0.7785771382893686 0.9197475202885483 0.7817745803357314 0.9192966636609557 0.7969624300559552 0.9211000901713255 0.8025579536370904
0 0.11226330027051398 0.020783373301358914 0.1266907123534716 0.03357314148681055 0.13300270513976556 0.036770583533173466 0.13796212804328223 0.03597122302158274 0.13841298467087468 0.018385291766586733 0.13074842200180342 0 0.10955816050495942 0 0.10820559062218214 0.00319744204636291 0.10820559062218214 0.013589128697042365 0.11226330027051398 0.020783373301358914
0 0.7610459873760144 0.2949640287769784 0.7655545536519388 0.302158273381295 0.7772768259693417 0.3133493205435652 0.784941388638413 0.31414868105515587 0.7899008115419297 0.30375699440447645 0.7903516681695222 0.2965627498001599 0.7867448151487827 0.2797761790567546 0.770063119927863 0.26458832933653076 0.7660054102795312 0.2621902478017586 0.763751127141569 0.2637889688249401 0.7614968440036068 0.2685851318944844 0.7596934174932372 0.2813749000799361 0.7592425608656448 0.2901678657074341 0.7610459873760144 0.2949640287769784
0 0.9129846708746618 0.5963229416466826 0.9238052299368801 0.6035171862509993 0.9346257889990982 0.6147082334132695 0.9391343552750226 0.6147082334132695 0.9440937781785392 0.6091127098321344 0.9472497745716862 0.5931254996003198 0.9467989179440939 0.5811350919264588 0.9445446348061317 0.5771382893685052 0.9287646528403968 0.5667466027178258 0.9179440937781785 0.5635491606714629 0.9147880973850315 0.5595523581135092 0.9120829576194771 0.5643485211830536 0.9084761045987376 0.5843325339728218 0.9129846708746618 0.5963229416466826
0 0.15915238954012625 0.4772182254196643 0.18169522091974755 0.495603517186251 0.18890892696122633 0.4932054356514788 0.19296663660955815 0.4836131095123901 0.19251577998196576 0.4740207833733014 0.18530207394048692 0.4596322941646683 0.16681695220919746 0.45163868904876103 0.16411181244364292 0.4524380495603517 0.1600541027953111 0.4636290967226219 0.1582506762849414 0.47322142286171065 0.15915238954012625 0.4772182254196643
0 0.1600541027953111 0.8081534772182254 0.1636609558160505 0.8081534772182254 0.16771866546438233 0.8041566746602719 0.178990081154193 0.8073541167066347 0.1830477908025248 0.800959232613909 0.18530207394048692 0.7929656274980017 0.18440036068530208 0.7825739408473221 0.15419296663660956 0.7577937649880097 0.1478809738503156 0.7593924860111911 0.14337240757439135 0.7761790567545964 0.1424706943192065 0.7913669064748201 0.1600541027953111 0.8081534772182254
0 0.6496844003606853 0.17186250999200642 0.6541929666366095 0.17186250999200642 0.6609558160504959 0.15347721822541965 0.6582506762849414 0.1398880895283773 0.6483318304779081 0.1278976818545164 0.6424706943192064 0.12949640287769784 0.6361587015329125 0.14708233413269386 0.6357078449053201 0.15827338129496404 0.6496844003606853 0.17186250999200642
0 0.024346257889990983 0.42366107114308554 0.03381424706943192 0.43325339728217427 0.042380522993688004 0.4372501998401279 0.04643823264201984 0.434052757793765 0.05320108205590622 0.4180655475619504 0.05320108205590622 0.41486810551558756 0.04959422903516681 0.407673860911271 0.034265103697024346 0.39488409272581937 0.028403967538322816 0.39648281374900085 0.023444544634806132 0.41247002398081534 0.022993688007213707 0.4212629896083134 0.024346257889990983 0.42366107114308554
0 0.21866546438232642 0.3397282174260592 0.2339945897204689 0.35331734612310156 0.23805229936880073 0.35411670663469225 0.24526600541027954 0.33733013589128696 0.2479711451758341 0.3253397282174261 0.2479711451758341 0.3165467625899281 0.24526600541027954 0.31015187849720227 0.23489630297565375 0.2981614708233413 0.22678088367899008 0.29256594724220625 0.2231740306582507 0.2965627498001599 0.218214607754734 0.3213429256594725 0.2168620378719567 0.33573141486810554 0.21866546438232642 0.3397282174260592
0 0.0739404869251578 0.7274180655475619 0.07619477006311993 0.7314148681055157 0.09107303877366997 0.7434052757793765 0.09422903516681697 0.7426059152677859 0.09648331830477908 0.7386091127098321 0.10054102795311091 0.718625099920064 0.0951307484220018 0.701039168665068 0.08476104598737601 0.6962430055955237 0.07709648331830478 0.7090327737809753 0.0739404869251578 0.718625099920064 0.0739404869251578 0.7274180655475619
0 0.07439134355275022 0.11590727418065548 0.07844905320108204 0.11750599520383694 0.08836789900811542 0.13189448441247004 0.10234445446348062 0.09992006394884093 0.10595130748422002 0.08633093525179857 0.10595130748422002 0.0783373301358913 0.09558160504959423 0.06474820143884892 0.087917042380523 0.062350119904076746 0.07439134355275022 0.09352517985611512 0.07258791704238053 0.1047162270183853 0.0721370604147881 0.10871302957633892 0.07439134355275022 0.11590727418065548
0 0.2218214607754734 0.5051958433253397 0.25743913435527505 0.5363709032773781 0.26194770063119927 0.5387689848121503 0.2673579801623084 0.5363709032773781 0.2696122633002705 0.525179856115108 0.2696122633002705 0.5171862509992007 0.26420198376916143 0.504396482813749 0.2511271415689811 0.49640287769784175 0.22587917042380526 0.47242206235011996 0.22046889089269614 0.4748201438848921 0.2164111812443643 0.4860111910471623 0.215058611361587 0.49720223820943243 0.2218214607754734 0.5051958433253397
0 0.2484220018034265 0.39408473221422863 0.2822362488728584 0.42286171063149486 0.2871956717763751 0.42366107114308554 0.29305680793507666 0.4084732214228617 0.2935076645626691 0.398880895283773 0.29080252479711455 0.39168665067945646 0.27547339945897203 0.3844924060751399 0.2569882777276826 0.3629096722621903 0.2551848512173129 0.36211031175059955 0.2511271415689811 0.3677058353317346 0.24706943192064923 0.3820943245403677 0.24661857529305684 0.390087929656275 0.2484220018034265 0.39408473221422863
0 0.9044183949504058 0.6211031175059952 0.9156898106402165 0.6282973621103117 0.9242560865644726 0.6370903277378098 0.9278629395852119 0.6370903277378098 0.9323715058611362 0.6298960831334932 0.9319206492335438 0.6227018385291766 0.9125338142470695 0.6011191047162271 0.9075743913435527 0.5979216626698641 0.9039675383228134 0.6019184652278178 0.9030658250676284 0.6067146282973622 0.9026149684400361 0.6163069544364509 0.9044183949504058 0.6211031175059952
0 0.10775473399458972 0.24300559552358114 0.11857529305680793 0.2517985611510791 0.12263300270513977 0.2517985611510791 0.13119927862939584 0.23421262989608316 0.13345356176735798 0.21662669864108713 0.12443642921550947 0.20543565147881696 0.11541929666366096 0.2038369304556355 0.11181244364292155 0.20863309352517986 0.10685302073940486 0.22621902478017586 0.10504959422903516 0.23741007194244604 0.10775473399458972 0.24300559552358114
0 0.030207394048692517 0.19984012789768185 0.042380522993688004 0.21582733812949642 0.04643823264201984 0.21902478017585933 0.05049594229035167 0.21822541966426862 0.0563570784490532 0.20543565147881696 0.058160504959422904 0.1950439648281375 0.062218214607754736 0.1838529176658673 0.06266907123534717 0.17585931254996007 0.06086564472497746 0.17106314948041568 0.05229936880072138 0.1630695443645084 0.04643823264201984 0.1542765787370104 0.04283137962128043 0.1542765787370104 0.03832281334535618 0.16067146282973624 0.029756537421100092 0.19584332533972823 0.030207394048692517 0.19984012789768185
0 0.11226330027051398 0.8968824940047961 0.11902614968440037 0.9008792965627499 0.1266907123534716 0.897681854516387 0.1280432822362489 0.8864908073541167 0.1375112714156898 0.8561151079136692 0.1388638412984671 0.8465227817745804 0.13841298467087468 0.8353317346123101 0.12939585211902616 0.8257394084732215 0.12308385933273219 0.8249400479616307 0.11902614968440037 0.8321342925659473 0.10550045085662758 0.8784972022382095 0.10504959422903516 0.8888888888888888 0.11226330027051398 0.8968824940047961
0 0.809287646528404 0.07753796962430057 0.825067628494139 0.09192645883293366 0.8331830477908025 0.09512390087929656 0.8349864743011722 0.09512390087929656 0.8422001803426511 0.08073541167066348 0.8462578899909828 0.06554756195043965 0.8458070333633905 0.055155875299760196 0.8422001803426511 0.03916866506794565 0.8313796212804329 0.02557953637090328 0.8246167718665464 0.020783373301358914 0.8192064923354373 0.020783373301358914 0.8169522091974751 0.023181454836131096 0.8065825067628495 0.062350119904076746 0.8065825067628495 0.07034372501998402 0.809287646528404 0.07753796962430057
0 0.6614066726780884 0.7769784172661871 0.6654643823264202 0.7769784172661871 0.6681695220919748 0.7737809752198243 0.6717763751127143 0.7641886490807354 0.6722272317403066 0.7577937649880097 0.6614066726780884 0.7442046362909672 0.6505861136158702 0.7426059152677859 0.6469792605951307 0.7513988808952838 0.6460775473399459 0.7649880095923263 0.6614066726780884 0.7769784172661871
0 0.6618575293056808 0.818545163868905 0.6668169522091975 0.8201438848920864 0.6731289449954915 0.8177458033573143 0.6821460775473399 0.7897681854516387 0.6862037871956718 0.771382893685052 0.6857529305680793 0.765787370103917 0.6816952209197475 0.7609912070343725 0.674932371505861 0.7593924860111911 0.6699729486023445 0.7721822541966427 0.6609558160504959 0.7873701039168666 0.6587015329125337 0.7985611510791367 0.6582506762849414 0.8105515587529977 0.6618575293056808 0.818545163868905
0 0.05049594229035167 0.832933653077538 0.05770964833183048 0.841726618705036 0.087917042380523 0.8673061550759393 0.09242560865644725 0.8641087130295764 0.10640216411181244 0.8113509192645884 0.10595130748422002 0.8073541167066347 0.10234445446348062 0.8017585931254997 0.08836789900811542 0.7929656274980017 0.07123534715960325 0.7721822541966427 0.06582506762849415 0.7697841726618705 0.06357078449053201 0.7697841726618705 0.061316501352569885 0.7737809752198243 0.05410279531109107 0.8025579536370904 0.05500450856627593 0.8137490007993605 0.05049594229035167 0.832933653077538
0 0.2984670874661858 0.1542765787370104 0.31154192966636607 0.15987210231814547 0.3146979260595131 0.15827338129496404 0.31785392245266003 0.1510791366906475 0.31920649233543735 0.1374900079936051 0.31244364292155097 0.12070343725019984 0.2966636609558161 0.10711430855315748 0.29260595130748424 0.10871302957633892 0.2885482416591524 0.12070343725019984 0.28809738503155996 0.14068745003996805 0.2984670874661858 0.1542765787370104
0 0.04283137962128043 0.13029576338928858 0.044634806131650134 0.1334932054356515 0.07078449053201082 0.15827338129496404 0.0793507664562669 0.16147082334132695 0.08521190261496844 0.1510791366906475 0.09377817853922453 0.11910471622701839 0.10234445446348062 0.09992006394884093 0.10595130748422002 0.08473221422861711 0.10595130748422002 0.07913669064748202 0.09603246167718665 0.06554756195043965 0.087917042380523 0.062350119904076746 0.08295761947700632 0.07513988808952839 0.07754733994589721 0.08313349320543566 0.07078449053201082 0.10871302957633892 0.058611361587015326 0.10071942446043165 0.05275022542831379 0.09992006394884093 0.04959422903516681 0.10391686650679458 0.045536519386834985 0.11510791366906475 0.04283137962128043 0.12629896083133493 0.04283137962128043 0.13029576338928858
0 0.9855725879170424 0.2478017585931255 0.9945897204688909 0.25739408473221426 0.9995491433724076 0.25819344524380494 0.9995491433724076 0.2222222222222222 0.9977457168620378 0.2214228617106315 0.9959422903516681 0.21502797761790568 0.9909828674481516 0.21023181454836132 0.9806131650135257 0.2238209432454037 0.9806131650135257 0.2334132693844924 0.9855725879170424 0.2478017585931255
0 0.06717763751127143 0.3613109512390088 0.07168620378719567 0.3629096722621903 0.0739404869251578 0.3605115907274181 0.07754733994589721 0.34852118305355717 0.07664562669071236 0.34212629896083135 0.07439134355275022 0.33892885691446845 0.058160504959422904 0.3229416466826539 0.0509467989179441 0.3213429256594725 0.046889089269612265 0.3309352517985612 0.04643823264201984 0.34212629896083135 0.06717763751127143 0.3613109512390088
0 0.5865644724977458 0.38848920863309355 0.6298467087466186 0.4268585131894485 0.6339044183949504 0.425259792166267 0.6402164111812444 0.4020783373301359 0.6406672678088369 0.39648281374900085 0.6393146979260594 0.3932853717026379 0.6199278629395851 0.3756994404476419 0.5951307484220018 0.3573141486810552 0.5915238954012624 0.35651478816946447 0.5883678990081154 0.3661071143085532 0.5856627592425608 0.381294964028777 0.5865644724977458 0.38848920863309355
0 0.9431920649233544 0.6594724220623502 0.9526600541027953 0.6698641087130296 0.9589720468890893 0.6682653876898482 0.967087466185753 0.6786570743405277 0.9761045987376015 0.6826538768984812 0.9819657348963029 0.6738609112709832 0.9851217312894499 0.6642685851318945 0.9855725879170424 0.6562749800159873 0.9833183047790803 0.6506794564348523 0.9603246167718665 0.6298960831334932 0.9486023444544635 0.6258992805755397 0.9458972046889089 0.627498001598721 0.9440937781785392 0.6330935251798562 0.9449954914337241 0.645083932853717 0.9431920649233544 0.6594724220623502
0 0.20333633904418397 0.5859312549960032 0.22137060414788098 0.6003197442046363 0.22723174030658252 0.6019184652278178 0.22993688007213708 0.595523581135092 0.2249774571686204 0.5883293365307755 0.21055004508566277 0.5755395683453238 0.20288548241659152 0.5731414868105515 0.1988277727682597 0.5771382893685052 0.19927862939585214 0.5859312549960032 0.20333633904418397 0.5859312549960032
0 0.30297565374211 0.2358113509192646 0.3223624887285843 0.2517985611510791 0.32777276825969337 0.2533972821742606 0.3313796212804328 0.2501998401278977 0.33543733092876465 0.23101518784972022 0.3345356176735798 0.22062350119904078 0.3318304779080253 0.21502797761790568 0.32281334535617673 0.21023181454836132 0.31424706943192066 0.2014388489208633 0.3097385031559964 0.20223820943245407 0.30252479711451763 0.21342925659472425 0.30162308385933273 0.23181454836131096 0.30297565374211 0.2358113509192646
0 0.06266907123534717 0.302158273381295 0.06672678088367899 0.31254996003197444 0.08385933273219116 0.328537170263789 0.08836789900811542 0.32693844924060755 0.09422903516681697 0.31175059952038375 0.09422903516681697 0.3061550759392486 0.09017132551848513 0.28936850519584334 0.07709648331830478 0.2749800159872102 0.06582506762849415 0.27577937649880097 0.058611361587015326 0.2901678657074341 0.058611361587015326 0.2965627498001599 0.06266907123534717 0.302158273381295
0 0.018935978358881875 0.5499600319744204 0.03922452660054102 0.5635491606714629 0.045536519386834985 0.5627498001598722 0.049143372407574396 0.5571542765787371 0.05365193868349865 0.5363709032773781 0.05320108205590622 0.5291766586730615 0.046889089269612265 0.5203836930455635 0.015779981965734897 0.48920863309352525 0.013074842200180344 0.49160671462829736 0.01036970243462579 0.49960031974420466 0.0040577096483318306 0.5259792166266987 0.004959422903516681 0.5323741007194245 0.018935978358881875 0.5499600319744204
0 0.05770964833183048 0.9248601119104717 0.059963931469792606 0.9280575539568345 0.06807935076645627 0.9336530775379696 0.08340847610459873 0.9320543565147882 0.08701532912533815 0.9240607513988809 0.08656447249774572 0.9160671462829737 0.08972046889089269 0.8936850519584333 0.08926961226330027 0.8800959232613909 0.07664562669071236 0.862509992006395 0.06988277727682597 0.8577138289368506 0.06402164111812444 0.8577138289368506 0.060414788097385035 0.871302957633893 0.05725879170423805 0.9088729016786572 0.05680793507664563 0.9192645883293366 0.05770964833183048 0.9248601119104717
0 0.05410279531109107 0.14388489208633096 0.07439134355275022 0.15987210231814547 0.08205590622182146 0.1542765787370104 0.08295761947700632 0.14948041566746603 0.07844905320108204 0.14148681055155876 0.07844905320108204 0.1366906474820144 0.0739404869251578 0.13189448441247004 0.07168620378719567 0.11270983213429257 0.06898106402164111 0.10871302957633892 0.05365193868349865 0.09912070343725021 0.049143372407574396 0.1047162270183853 0.044634806131650134 0.1167066346922462 0.042380522993688004 0.12949640287769784 0.05410279531109107 0.14388489208633096
0 0.8579801623083859 0.2621902478017586 0.8620378719567178 0.2685851318944844 0.872858431018936 0.27737809752198245 0.8773669972948602 0.27258193445243806 0.8782687105500451 0.2621902478017586 0.8733092876465285 0.2549960031974421 0.8678990081154194 0.25099920063948844 0.8597835888187556 0.2541966426858513 0.8575293056807936 0.25819344524380494 0.8579801623083859 0.2621902478017586
0 0.3985572587917043 0.011990407673860913 0.4188458070333634 0.023980815347721826 0.43507664562669074 0.0407673860911271 0.43958521190261496 0.0407673860911271 0.44274120829576197 0.03756994404476419 0.4463480613165014 0.02557953637090328 0.4436429215509468 0.019184652278177457 0.4359783588818755 0.011191047162270184 0.433273219116321 0 0.3967538322813345 0 0.3963029756537421 0.00639488409272582 0.3985572587917043 0.011990407673860913
0 0.9806131650135257 0.2965627498001599 0.9923354373309288 0.3085531574740208 0.9995491433724076 0.3053557154276579 0.9995491433724076 0.2733812949640288 0.9909828674481516 0.26618705035971224 0.9846708746618575 0.25739408473221426 0.9806131650135257 0.25739408473221426 0.9733994589720468 0.2765787370103917 0.9733994589720468 0.2853717026378897 0.9806131650135257 0.2965627498001599
0 0.7885482416591524 0.4444444444444444 0.7876465284039675 0.4660271782573941 0.7971145175834086 0.47801758593125504 0.80297565374211 0.47801758593125504 0.8070333633904418 0.469224620303757 0.8088367899008116 0.45803357314148685 0.8043282236248873 0.43884892086330934 0.7939585211902616 0.4276578737010392 0.7894499549143373 0.4276578737010392 0.7862939585211903 0.4324540367705836 0.7858431018935979 0.43884892086330934 0.7885482416591524 0.4444444444444444
0 0.6961226330027052 0.8689048760991207 0.7006311992786294 0.8721023181454837 0.7204688908926962 0.8792965627498002 0.7249774571686204 0.876898481215028 0.7285843101893598 0.8697042366107114 0.7276825969341749 0.8577138289368506 0.7245266005410279 0.8529176658673061 0.7010820559062219 0.8433253397282174 0.6961226330027052 0.8457234212629897 0.693868349864743 0.8521183053557154 0.6934174932371506 0.8633093525179857 0.6961226330027052 0.8689048760991207
0 0.7339945897204688 0.5875299760191847 0.736248872858431 0.592326139088729 0.7596934174932372 0.6139088729016786 0.7655545536519388 0.6139088729016786 0.7741208295761948 0.5931254996003198 0.7736699729486024 0.5859312549960032 0.7660054102795312 0.5691446842525979 0.7484220018034266 0.5531574740207834 0.7448151487826871 0.5531574740207834 0.736248872858431 0.574740207833733 0.7339945897204688 0.5827338129496403 0.7339945897204688 0.5875299760191847
0 0.3935978358881876 0.32773780975219824 0.3990081154192967 0.3429256594724221 0.40171325518485124 0.3597122302158273 0.40802524797114514 0.381294964028777 0.41118124436429215 0.3820943245403677 0.4323715058611362 0.37010391686650684 0.43778178539224527 0.3629096722621903 0.4368800721370604 0.34532374100719426 0.4310189359783589 0.3213429256594725 0.4292155094679892 0.302158273381295 0.42110009017132555 0.27577937649880097 0.4174932371505861 0.2749800159872102 0.40396753832281335 0.2821742605915268 0.3904418394950406 0.29256594724220625 0.38999098286744815 0.2997601918465228 0.3935978358881876 0.32773780975219824
0 0.2164111812443643 0.6203037569944045 0.22137060414788098 0.6227018385291766 0.22407574391343554 0.6219024780175859 0.22587917042380526 0.6179056754596324 0.2249774571686204 0.6123101518784972 0.2218214607754734 0.6083133493205436 0.20333633904418397 0.5931254996003198 0.19837691614066724 0.592326139088729 0.1952209197475203 0.5963229416466826 0.1956717763751127 0.6019184652278178 0.2164111812443643 0.6203037569944045
0 0.5829576194770063 0.2038369304556355 0.5919747520288549 0.21582733812949642 0.5987376014427412 0.21982414068745004 0.6023444544634806 0.21902478017585933 0.609107303877367 0.19904076738609114 0.609107303877367 0.18784972022382096 0.6018935978358882 0.17985611510791366 0.5933273219116322 0.1750599520383693 0.5883678990081154 0.17426059152677859 0.5843101893597836 0.17905675459632295 0.5816050495942291 0.19344524380495606 0.5829576194770063 0.2038369304556355
0 0.6825969341749324 0.9248601119104717 0.6992786293958522 0.9400479616306955 0.7028854824165914 0.9424460431654678 0.7073940486925159 0.9416466826538769 0.7114517583408476 0.9200639488409273 0.7110009017132553 0.9104716227018386 0.7073940486925159 0.9040767386091128 0.6893597835888188 0.8896882494004797 0.6839495040577097 0.8920863309352519 0.6807935076645627 0.9000799360511591 0.6803426510369702 0.9192645883293366 0.6825969341749324 0.9248601119104717
0 0.7691614066726781 0.5187849720223822 0.7790802524797115 0.5283772981614708 0.7826871055004508 0.5291766586730615 0.7867448151487827 0.5203836930455635 0.7889990982867447 0.5035971223021583 0.784941388638413 0.4940047961630696 0.7750225428313796 0.4860111910471623 0.7718665464382326 0.4876099120703437 0.7709648331830479 0.49960031974420466 0.7682596934174932 0.5083932853717026 0.7678088367899009 0.5147881694644285 0.7691614066726781 0.5187849720223822
0 0.5748422001803427 0.12949640287769784 0.584761045987376 0.14148681055155876 0.59107303877367 0.14308553157474022 0.5955816050495942 0.1366906474820144 0.5955816050495942 0.12629896083133493 0.5919747520288549 0.11750599520383694 0.5811541929666366 0.10791366906474821 0.5779981965734896 0.10951239008792966 0.5761947700631199 0.11590727418065548 0.5743913435527502 0.12310151878497202 0.5748422001803427 0.12949640287769784
0 0.7177637511271415 0.38049560351718625 0.7281334535617674 0.3876898481215028 0.739404869251578 0.40447641886490815 0.7484220018034266 0.407673860911271 0.7515779981965736 0.4012789768185452 0.7524797114517583 0.3924860111910472 0.7506762849413887 0.38529176658673064 0.7479711451758341 0.38049560351718625 0.7398557258791705 0.3741007194244605 0.7339945897204688 0.3629096722621903 0.7281334535617674 0.35651478816946447 0.7200180342651037 0.35331734612310156 0.7164111812443643 0.3645083932853717 0.7155094679891795 0.3764988009592326 0.7177637511271415 0.38049560351718625
0 0.6794409377817855 0.07513988808952839 0.6997294860234445 0.09512390087929656 0.7091974752028855 0.09672262190247803 0.7146077547339945 0.08473221422861711 0.7150586113615871 0.07593924860111911 0.7096483318304779 0.05675459632294165 0.674932371505861 0.026378896882494004 0.6713255184851218 0.02717825739408473 0.6645626690712354 0.05275779376498801 0.6645626690712354 0.0639488409272582 0.6794409377817855 0.07513988808952839
0 0.18890892696122633 0.3924860111910472 0.20288548241659152 0.40687450039968026 0.21009918845807032 0.40527577937649883 0.21956717763751127 0.41247002398081534 0.2254283137962128 0.4108713029576339 0.23128944995491435 0.39168665067945646 0.23038773669972948 0.3836930455635492 0.2249774571686204 0.3756994404476419 0.2146077547339946 0.3661071143085532 0.20694319206492334 0.36211031175059955 0.19251577998196576 0.37250199840127896 0.18800721370604148 0.3836930455635492 0.18755635707844906 0.390087929656275 0.18890892696122633 0.3924860111910472
0 0.16095581605049597 0.023980815347721826 0.16275924256086563 0.02877697841726619 0.17177637511271418 0.03517186250999201 0.17763751127141567 0.042366107114308556 0.18214607754733994 0.04316546762589928 0.18394950405770966 0.0407673860911271 0.1848512173128945 0.03437250199840128 0.18169522091974755 0.02797761790567546 0.16952209197475201 0.017585931254996006 0.16230838593327324 0.01598721023181455 0.16095581605049597 0.018385291766586733 0.16095581605049597 0.023980815347721826
0 0.4634806131650135 0.024780175859312553 0.4824165915238954 0.0407673860911271 0.48782687105500455 0.04156674660271783 0.49504057709648336 0.02797761790567546 0.4977457168620379 0.013589128697042365 0.49504057709648336 0.008792965627498003 0.48467087466185754 0 0.4679891794409378 0 0.4621280432822363 0.01598721023181455 0.46167718665464386 0.02238209432454037 0.4634806131650135 0.024780175859312553
0 0.11136158701532912 0.9432454036770584 0.11541929666366096 0.9496402877697842 0.1289449954914337 0.9608313349320544 0.1316501352569883 0.9584332533972821 0.13570784490532012 0.9440447641886491 0.14201983769161408 0.9320543565147882 0.13931469792605952 0.9176658673061552 0.1289449954914337 0.9056754596322941 0.12173128944995491 0.9024780175859313 0.11632100991884581 0.9032773780975221 0.109107303877367 0.9248601119104717 0.10820559062218214 0.9344524380495605 0.11136158701532912 0.9432454036770584
0 0.9828674481514879 0.5883293365307755 0.9945897204688909 0.6003197442046363 0.9995491433724076 0.6019184652278178 0.9995491433724076 0.5523581135091926 0.9905320108205591 0.5467625899280576 0.9887285843101894 0.5611510791366906 0.9819657348963029 0.5755395683453238 0.9815148782687105 0.5843325339728218 0.9828674481514879 0.5883293365307755
0 0.16997294860234446 0.05675459632294165 0.17538322813345356 0.05755395683453238 0.17718665464382327 0.05355715427657874 0.17718665464382327 0.04876099120703437 0.17357980162308384 0.042366107114308556 0.16140667267808836 0.0319744204636291 0.15779981965734896 0.03597122302158274 0.15734896302975654 0.04316546762589928 0.16997294860234446 0.05675459632294165
0 0.8137962128043282 0.4156674660271783 0.8219116321009919 0.42845723421262993 0.8214607754733995 0.43165467625899284 0.825067628494139 0.4324540367705836 0.8318304779080252 0.4156674660271783 0.8349864743011722 0.3932853717026379 0.8313796212804329 0.37250199840127896 0.8192064923354373 0.3613109512390088 0.8151487826871056 0.354916067146283 0.8101893597835889 0.35411670663469225 0.8002705139765555 0.381294964028777 0.7971145175834086 0.3980815347721823 0.8137962128043282 0.4156674660271783
0 0.7164111812443643 0.827338129496403 0.7182146077547341 0.8385291766586731 0.7209197475202885 0.8425259792166268 0.7290351668169522 0.8473221422861711 0.7339945897204688 0.844924060751399 0.736248872858431 0.8385291766586731 0.7389540126239856 0.8201438848920864 0.7376014427412083 0.8089528377298163 0.7312894499549144 0.7993605115907274 0.7240757439134355 0.7929656274980017 0.7173128944995492 0.7945643485211831 0.7137060414788097 0.806554756195044 0.7132551848512173 0.8209432454036771 0.7164111812443643 0.827338129496403
0 0.16636609558160506 0.7410071942446044 0.17177637511271418 0.7466027178257394 0.17718665464382327 0.7442046362909672 0.18034265103697025 0.7314148681055157 0.17853922452660054 0.7202238209432456 0.16771866546438233 0.7106314948041567 0.16411181244364292 0.7106314948041567 0.16140667267808836 0.718625099920064 0.16095581605049597 0.7274180655475619 0.16636609558160506 0.7410071942446044