0 0 0.6250999200639489 0.012173128944995492 0.6235011990407675 0.029756537421100092 0.6131095123900879 0.03787195671776375 0.6051159072741806 0.0369702434625789 0.5971223021582733 0.03291253381424707 0.5891286970423661 0.027502254283137965 0.5883293365307755 0.015329125338142471 0.5939248601119105 0 0.6019184652278178 0 0.6250999200639489
0 0.40667267808836793 0.7442046362909672 0.415238954012624 0.7458033573141487 0.46934174932371503 0.7178257394084733 0.4720468890892696 0.7138289368505196 0.4720468890892696 0.7090327737809753 0.46844003606853024 0.6986410871302958 0.4621280432822363 0.697841726618705 0.4053201082055906 0.7274180655475619 0.40486925157799825 0.7362110311750599 0.40667267808836793 0.7442046362909672
0 0.7673579801623084 0.6131095123900879 0.7736699729486024 0.6195043964828137 0.7944093778178539 0.6163069544364509 0.8309287646528404 0.5995203836930456 0.8638412984670875 0.5915267785771383 0.869702434625789 0.5875299760191847 0.8710550045085662 0.5819344524380495 0.8706041478809738 0.5683453237410072 0.8674481514878268 0.5515587529976019 0.8660955816050496 0.5331734612310152 0.8638412984670875 0.5259792166266987 0.860234445446348 0.521982414068745 0.8309287646528404 0.5283772981614708 0.7790802524797115 0.548361310951239 0.7655545536519388 0.5507593924860112 0.7633002705139765 0.5539568345323741 0.7628494138863842 0.5651478816946442 0.7673579801623084 0.6131095123900879
0 0.31785392245266003 0.9896083133493206 0.32506762849413884 0.9896083133493206 0.3981064021641118 0.9536370903277379 0.4003606853020739 0.947242206235012 0.3976555455365194 0.9328537170263789 0.3935978358881876 0.9304556354916067 0.3606853020739405 0.9488409272581935 0.32191163210099194 0.9664268585131894 0.3151487826871055 0.9728217426059154 0.3146979260595131 0.9808153477218226 0.31785392245266003 0.9896083133493206
0 0.022091974752028856 0.7490007993605117 0.024346257889990983 0.7577937649880097 0.02569882777276826 0.7609912070343725 0.029756537421100092 0.7617905675459633 0.04643823264201984 0.7553956834532374 0.06086564472497746 0.7458033573141487 0.06176735798016231 0.7306155075939249 0.05680793507664563 0.7266187050359713 0.023895401262398558 0.7410071942446044 0.022091974752028856 0.7442046362909672 0.022091974752028856 0.7490007993605117
0 0.24436429215509467 0.7849720223820944 0.25293056807935077 0.7857713828936851 0.31424706943192066 0.7545963229416467 0.3160504959422904 0.7513988808952838 0.3160504959422904 0.7418065547561951 0.3137962128043282 0.7346123101518786 0.3083859332732191 0.7338129496402878 0.2511271415689811 0.7617905675459633 0.24436429215509467 0.7665867306155076 0.242560865644725 0.7705835331734613 0.242560865644725 0.7793764988009593 0.24436429215509467 0.7849720223820944
0 0.1582506762849414 0.4452438049560352 0.15960324616771868 0.46282973621103124 0.16095581605049597 0.4660271782573941 0.1600541027953111 0.47322142286171065 0.1636609558160505 0.47641886490807356 0.16771866546438233 0.4860111910471623 0.16456266907123535 0.4908073541167067 0.16456266907123535 0.49800159872102323 0.16997294860234446 0.5147881694644285 0.16411181244364292 0.5187849720223822 0.1636609558160505 0.521982414068745 0.172678088367899 0.5355715427657874 0.1740306582506763 0.5419664268585133 0.172678088367899 0.5467625899280576 0.17538322813345356 0.5539568345323741 0.17989179440937783 0.577937649880096 0.1825969341749324 0.5843325339728218 0.19612263300270513 0.5827338129496403 0.2249774571686204 0.565947242206235 0.23534715960324618 0.5651478816946442 0.24481514878268712 0.5571542765787371 0.24526600541027954 0.5499600319744204 0.23895401262398558 0.5035971223021583 0.23624887285843102 0.4940047961630696 0.23534715960324618 0.4772182254196643 0.2321911632100992 0.4660271782573941 0.2321911632100992 0.4508393285371703 0.22768259693417492 0.4212629896083134 0.22227231740306583 0.39728217426059154 0.22091974752028853 0.37809752198241414 0.21911632100991885 0.37250199840127896 0.21009918845807032 0.37170263788968827 0.19296663660955815 0.3820943245403677 0.18530207394048692 0.3828936850519585 0.1825969341749324 0.3876898481215028 0.17493237150586113 0.3868904876099121 0.16771866546438233 0.390087929656275 0.16636609558160506 0.3932853717026379 0.15779981965734896 0.39728217426059154 0.1564472497745717 0.4004796163069545 0.15058611361587015 0.40447641886490815 0.1501352569882777 0.4292565947242206 0.1582506762849414 0.4452438049560352
0 0 0.8800959232613909 0.028403967538322816 0.86810551558753 0.03877366997294861 0.8601119104716227 0.05770964833183048 0.8529176658673061 0.07168620378719567 0.844924060751399 0.07529305680793508 0.8393285371702638 0.07529305680793508 0.8313349320543566 0.0721370604147881 0.8249400479616307 0.059062218214607755 0.8281374900079936 0 0.8561151079136692 0 0.8800959232613909
0 0.5590622182146078 0.9632294164668266 0.5608656447249775 0.9664268585131894 0.5644724977457168 0.9672262190247802 0.6064021641118125 0.9400479616306955 0.6212804328223626 0.9288569144684253 0.6226330027051398 0.9240607513988809 0.6194770063119928 0.9104716227018386 0.6149684400360685 0.9096722621902479 0.5996393146979261 0.9216626698641087 0.5964833183047792 0.9312549960031975 0.5924256086564473 0.9368505195843326 0.5779981965734896 0.9352517985611511 0.5572587917042381 0.9496402877697842 0.5568079350766456 0.9568345323741008 0.5590622182146078 0.9632294164668266
0 0.22046889089269614 0.657074340527578 0.2236248872858431 0.6706634692246204 0.22633002705139765 0.6738609112709832 0.260595130748422 0.6618705035971224 0.29486023444544635 0.6466826538768985 0.2980162308385933 0.642685851318945 0.29260595130748424 0.6027178257394085 0.28990081154192965 0.5947242206235012 0.2551848512173129 0.6075139888089529 0.23760144274120829 0.6187050359712231 0.22272317403065825 0.6227018385291766 0.21866546438232642 0.6266986410871304 0.21776375112714155 0.6314948041566747 0.22046889089269614 0.657074340527578
0 0.3313796212804328 0.8345323741007195 0.3376916140667268 0.8337330135891287 0.3633904418394951 0.8209432454036771 0.3642921550946799 0.809752198241407 0.3602344454463481 0.800959232613909 0.351668169522092 0.8017585931254997 0.3309287646528404 0.8129496402877698 0.3268710550045086 0.82414068745004 0.327321911632101 0.8313349320543566 0.3313796212804328 0.8345323741007195
0 0.011722272317403066 0.5683453237410072 0.027051397655545536 0.5651478816946442 0.033363390441839495 0.5603517186250999 0.03291253381424707 0.5499600319744204 0.029305680793507663 0.5403677058353318 0.019837691614066726 0.542765787370104 0.008566275924256087 0.5499600319744204 0.008566275924256087 0.5611510791366906 0.011722272317403066 0.5683453237410072
0 0.33814247069431924 0.9288569144684253 0.35617673579801623 0.9248601119104717 0.4675383228133454 0.8665067945643485 0.47069431920649235 0.862509992006395 0.47024346257889993 0.8569144684252599 0.4666366095581605 0.8457234212629897 0.45987376014427417 0.844924060751399 0.38097385031559966 0.8880895283772982 0.34220018034265104 0.9056754596322941 0.3376916140667268 0.9096722621902479 0.33543733092876465 0.915267785771383 0.33588818755635713 0.9240607513988809 0.33814247069431924 0.9288569144684253
0 0.36113615870153287 0.8689048760991207 0.3796212804328224 0.862509992006395 0.4008115419296664 0.8529176658673061 0.4143372407574391 0.8433253397282174 0.4346257889990983 0.8361310951239008 0.4914337240757439 0.8041566746602719 0.49413886384129846 0.7993605115907274 0.49413886384129846 0.7929656274980017 0.4914337240757439 0.7841726618705037 0.48737601442741213 0.7833733013589129 0.4810640216411181 0.7889688249400479 0.47565374211000905 0.7889688249400479 0.3710550045085663 0.8433253397282174 0.3629395852119026 0.844924060751399 0.35752930568079355 0.8513189448441247 0.3570784490532011 0.862509992006395 0.36113615870153287 0.8689048760991207
0 0 0.9320543565147882 0.07348963029756538 0.897681854516387 0.08160504959422904 0.8920863309352519 0.0825067628494139 0.8848920863309353 0.08025247971145176 0.8745003996802558 0.07619477006311993 0.8721023181454837 0.0175834084761046 0.9000799360511591 0 0.9088729016786572 0 0.9320543565147882
0 0.3295761947700631 0.7346123101518786 0.3313796212804328 0.7370103916866507 0.3363390441839495 0.7370103916866507 0.4012623985572588 0.7034372501998403 0.4030658250676285 0.697841726618705 0.402614968440036 0.6882494004796164 0.4008115419296664 0.6826538768984812 0.3958521190261497 0.6818545163868905 0.3534715960324617 0.7050359712230216 0.3336339044183949 0.7130295763389289 0.32777276825969337 0.718625099920064 0.327321911632101 0.7242206235011991 0.3295761947700631 0.7346123101518786
0 0.3376916140667268 0.7793764988009593 0.3440036068530208 0.7825739408473221 0.3669972948602344 0.7697841726618705 0.38322813345356177 0.7649880095923263 0.3868349864743012 0.7617905675459633 0.38773669972948605 0.7553956834532374 0.3836789900811542 0.7410071942446044 0.3796212804328224 0.7402078337330137 0.33814247069431924 0.7617905675459633 0.3363390441839495 0.7649880095923263 0.3376916140667268 0.7793764988009593
0 0.2583408476104599 0.8665067945643485 0.26194770063119927 0.8705035971223022 0.2673579801623084 0.8697042366107114 0.31785392245266003 0.844924060751399 0.3201082055906222 0.8377298161470824 0.3165013525698828 0.8257394084732215 0.3128944995491434 0.8233413269384493 0.2587917042380523 0.8489208633093526 0.25743913435527505 0.8513189448441247 0.2583408476104599 0.8665067945643485
0 0.6127141568981065 0.9992006394884093 0.6226330027051398 0.9920063948840928 0.623985572587917 0.982414068745004 0.6194770063119928 0.9696243005595524 0.6163210099188459 0.9704236610711432 0.5793507664562669 0.9976019184652279 0.5788999098286746 0.9992006394884093 0.6127141568981065 0.9992006394884093
0 0 0.5187849720223822 0.009017132551848512 0.5211830535571543 0.02569882777276826 0.5123900879296562 0.02569882777276826 0.504396482813749 0.02073940486925158 0.4932054356514788 0.004508566275924256 0.49800159872102323 0 0.5011990407673861 0 0.5187849720223822
0 0.21596032461677186 0.6195043964828137 0.2249774571686204 0.6203037569944045 0.25067628494138866 0.6067146282973622 0.29305680793507666 0.5899280575539568 0.29486023444544635 0.5883293365307755 0.2944093778178539 0.5707434052757794 0.29305680793507666 0.5619504396482814 0.28809738503155996 0.5595523581135092 0.22001803426510372 0.5891286970423661 0.21596032461677186 0.5915267785771383 0.21325518485121733 0.5971223021582733 0.21280432822362488 0.60431654676259 0.21596032461677186 0.6195043964828137
0 0.024797114517583405 0.8121502797761792 0.027051397655545536 0.815347721822542 0.031109107303877368 0.8161470823341327 0.06672678088367899 0.7985611510791367 0.06853020739404869 0.7961630695443646 0.06898106402164111 0.7905675459632294 0.06762849413886383 0.7825739408473221 0.06537421100090171 0.7785771382893686 0.060414788097385035 0.7777777777777778 0.023895401262398558 0.7961630695443646 0.023444544634806132 0.806554756195044 0.024797114517583405 0.8121502797761792
0 0.5671776375112715 0.5971223021582733 0.5671776375112715 0.6131095123900879 0.5703336339044184 0.6235011990407675 0.5707844905320109 0.6418864908073542 0.5811541929666366 0.6906474820143885 0.5843101893597836 0.718625099920064 0.5861136158701533 0.7234212629896084 0.59107303877367 0.7266187050359713 0.6018935978358882 0.7226219024780176 0.60595130748422 0.7178257394084733 0.60595130748422 0.709832134292566 0.5964833183047792 0.6690647482014389 0.5960324616771866 0.6562749800159873 0.5924256086564473 0.6314948041566747 0.5856627592425608 0.5995203836930456 0.587917042380523 0.5939248601119105 0.5969341749323716 0.5883293365307755 0.6000901713255185 0.5835331734612311 0.5991884580703336 0.5675459632294165 0.5960324616771866 0.5499600319744204 0.5874661857529305 0.5499600319744204 0.5707844905320109 0.5563549160671463 0.563570784490532 0.5619504396482814 0.5640216411181245 0.5795363709032775 0.5671776375112715 0.5971223021582733
0 0.4075743913435528 0.7450039968025579 0.4138863841298467 0.7458033573141487 0.42515779981965734 0.7418065547561951 0.44138863841298465 0.7314148681055157 0.4594229035166817 0.7242206235011991 0.47475202885482415 0.7122302158273383 0.48692515779981965 0.709832134292566 0.5559062218214608 0.6746602717825739 0.5658250676284942 0.6682653876898482 0.5676284941388638 0.6650679456434853 0.5676284941388638 0.6602717825739409 0.5640216411181245 0.6490807354116707 0.560414788097385 0.64828137490008 0.47385031559963936 0.6914468425259792 0.4670874661857529 0.697841726618705 0.45130748422001804 0.7026378896882494 0.40577096483318303 0.7274180655475619 0.4053201082055906 0.7362110311750599 0.4075743913435528 0.7450039968025579
0 0.37917042380523 0.8049560351718625 0.3805229936880072 0.8081534772182254 0.3850315599639315 0.8089528377298163 0.4206492335437331 0.7905675459632294 0.4328223624887286 0.7865707434052758 0.44048692515779986 0.7809752198241406 0.47339945897204694 0.765787370103917 0.48737601442741213 0.7561950439648283 0.5009017132551848 0.7513988808952838 0.5676284941388638 0.7170263788968825 0.5734896302975654 0.7130295763389289 0.5752930568079351 0.709832134292566 0.5752930568079351 0.704236610711431 0.5712353471596032 0.6930455635491607 0.566726780883679 0.6930455635491607 0.48782687105500455 0.7330135891286971 0.47700631199278626 0.7426059152677859 0.4594229035166817 0.7474020783373301 0.3818755635707845 0.7881694644284573 0.3787195671776375 0.7937649880095924 0.37917042380523 0.8049560351718625
0 0.4783588818755636 0.7505995203836932 0.4783588818755636 0.756994404476419 0.4806131650135257 0.7601918465227818 0.5022542831379622 0.7513988808952838 0.5595130748422003 0.7202238209432456 0.5689810640216412 0.7170263788968825 0.5739404869251578 0.7130295763389289 0.5757439134355276 0.709832134292566 0.5757439134355276 0.7058353317346123 0.5721370604147881 0.6938449240607514 0.566726780883679 0.6930455635491607 0.48737601442741213 0.7330135891286971 0.47790802524797116 0.7410071942446044 0.4765554553651939 0.7450039968025579 0.4783588818755636 0.7505995203836932
0 0.2236248872858431 0.37729816147082335 0.2254283137962128 0.3836930455635492 0.22678088367899008 0.4004796163069545 0.23805229936880073 0.44604316546762596 0.23624887285843102 0.4532374100719425 0.23985572587917042 0.469224620303757 0.24030658250676284 0.4852118305355716 0.25022542831379624 0.5443645083932854 0.2511271415689811 0.5603517186250999 0.2538322813345356 0.5627498001598722 0.2601442741208296 0.5619504396482814 0.28990081154192965 0.5507593924860112 0.2917042380522994 0.5467625899280576 0.2917042380522994 0.5387689848121503 0.28809738503155996 0.5171862509992007 0.2867448151487827 0.49640287769784175 0.281785392245266 0.47322142286171065 0.2799819657348963 0.4532374100719425 0.28043282236248873 0.44124700239808157 0.27682596934174936 0.42845723421262993 0.27366997294860235 0.3908872901678657 0.2673579801623084 0.35891286970423664 0.2651036970243463 0.35651478816946447 0.2583408476104599 0.3573141486810552 0.2520288548241659 0.3613109512390088 0.2249774571686204 0.36930455635491605 0.2236248872858431 0.37170263788968827 0.2236248872858431 0.37729816147082335
0 0.32461677186654647 0.8880895283772982 0.33949504057709645 0.8832933653077538 0.34220018034265104 0.8808952837729817 0.34355275022542836 0.8760991207034373 0.3417493237150586 0.8657074340527579 0.33859332732191166 0.8601119104716227 0.32551848512173126 0.8641087130295764 0.3205590622182146 0.8697042366107114 0.3201082055906222 0.8816946442845724 0.32461677186654647 0.8880895283772982
0 0.3836789900811542 0.809752198241407 0.47339945897204694 0.765787370103917 0.47790802524797116 0.7585931254996003 0.47475202885482415 0.7442046362909672 0.4661857529305681 0.7442046362909672 0.41794409377817854 0.7705835331734613 0.3836789900811542 0.7857713828936851 0.3787195671776375 0.7937649880095924 0.3796212804328224 0.806554756195044 0.3836789900811542 0.809752198241407
0 0.4278629395852119 0.6858513189448442 0.43192064923354373 0.6866506794564349 0.44454463480613166 0.6818545163868905 0.46934174932371503 0.6666666666666666 0.5532010820559062 0.6266986410871304 0.5595130748422003 0.6195043964828137 0.5599639314697926 0.6107114308553158 0.5568079350766456 0.6027178257394085 0.5527502254283138 0.6019184652278178 0.4292155094679892 0.6642685851318945 0.4260595130748422 0.6690647482014389 0.42560865644724977 0.6770583533173462 0.4278629395852119 0.6858513189448442
0 0.26825969341749323 0.9144684252597922 0.2723174030658251 0.9144684252597922 0.2862939585211903 0.9096722621902479 0.28990081154192965 0.9056754596322941 0.30748422001803427 0.897681854516387 0.3106402164111813 0.8936850519584333 0.3106402164111813 0.8904876099120704 0.30703336339044185 0.876898481215028 0.30252479711451763 0.876898481215028 0.26825969341749323 0.8936850519584333 0.2660054102795311 0.897681854516387 0.26645626690712354 0.91207034372502 0.26825969341749323 0.9144684252597922
0 0.4743011722272317 0.7114308553157473 0.4842200180342651 0.7106314948041567 0.5644724977457168 0.6698641087130296 0.5676284941388638 0.6650679456434853 0.5676284941388638 0.6610711430855316 0.5653742110009017 0.6506794564348523 0.560414788097385 0.6474820143884892 0.4720468890892696 0.6922462030375699 0.47024346257889993 0.6986410871302958 0.4743011722272317 0.7114308553157473
0 0.23264201983769162 0.7266187050359713 0.2344454463480613 0.7306155075939249 0.23760144274120829 0.7314148681055157 0.2993688007213706 0.7034372501998403 0.30387736699729484 0.7002398081534772 0.3056807935076645 0.695443645083933 0.30387736699729484 0.6778577138289369 0.2993688007213706 0.6546762589928058 0.2966636609558161 0.6490807354116707 0.2651036970243463 0.6666666666666666 0.22768259693417492 0.6810551558752997 0.22633002705139765 0.6834532374100719 0.22678088367899008 0.6938449240607514 0.23264201983769162 0.7266187050359713
0 0.27592425608656446 0.9632294164668266 0.2862939585211903 0.9616306954436452 0.30387736699729484 0.9488409272581935 0.29981965734896304 0.9320543565147882 0.2975653742110009 0.9304556354916067 0.27862939585211904 0.938449240607514 0.2723174030658251 0.9448441247002399 0.2723174030658251 0.9560351718625101 0.27592425608656446 0.9632294164668266