0 0.13345356176735798 0.5187849720223822 0.16230838593327324 0.5211830535571543 0.16862037871956717 0.5179856115107914 0.16771866546438233 0.5011990407673861 0.16411181244364292 0.49720223820943243 0.14156898106402163 0.4940047961630696 0.13525698827772767 0.49800159872102323 0.1316501352569883 0.5035971223021583 0.13119927862939584 0.5115907274180655 0.13345356176735798 0.5187849720223822
0 0.5712353471596032 0.11830535571542766 0.5883678990081154 0.12070343725019984 0.5901713255184852 0.11750599520383694 0.59107303877367 0.10391686650679458 0.5888187556357078 0.09512390087929656 0.5802524797114518 0.09192645883293366 0.5725879170423805 0.09192645883293366 0.569882777276826 0.09512390087929656 0.569882777276826 0.11430855315747403 0.5712353471596032 0.11830535571542766
0 0.5432822362488728 0.49960031974420466 0.5581605049594229 0.5035971223021583 0.573038773669973 0.5035971223021583 0.5757439134355276 0.5011990407673861 0.5784490532010821 0.486810551558753 0.5788999098286746 0.4588329336530776 0.5779981965734896 0.4540367705835332 0.5743913435527502 0.44844124700239807 0.5477908025247972 0.44844124700239807 0.5437330928764653 0.4532374100719425 0.5419296663660956 0.469224620303757 0.5414788097385032 0.495603517186251 0.5432822362488728 0.49960031974420466
0 0.0509467989179441 0.21742605915267785 0.06853020739404869 0.21982414068745004 0.0721370604147881 0.21502797761790568 0.0721370604147881 0.18625099920063948 0.06762849413886383 0.1774580335731415 0.06086564472497746 0.1750599520383693 0.05365193868349865 0.1774580335731415 0.05004508566275924 0.19664268585131894 0.049143372407574396 0.2126298960831335 0.0509467989179441 0.21742605915267785
0 0.9571686203787195 0.3165467625899281 0.9661857529305681 0.31894484412470026 0.9743011722272317 0.31894484412470026 0.9761045987376015 0.3165467625899281 0.9783588818755636 0.2965627498001599 0.9770063119927863 0.2885691446842526 0.9634806131650135 0.28457234212629895 0.9558160504959423 0.28617106314948043 0.9549143372407575 0.31095123900879296 0.9571686203787195 0.3165467625899281
0 0.7479711451758341 0.5451638689048761 0.7560865644724978 0.542765787370104 0.7587917042380523 0.5123900879296562 0.7511271415689811 0.5019984012789769 0.7371505861136158 0.49960031974420466 0.7249774571686204 0.5083932853717026 0.7254283137962128 0.5395683453237411 0.7479711451758341 0.5451638689048761
0 0.49098286744815145 0.41486810551558756 0.5085662759242561 0.416466826538769 0.5103697024346258 0.4140687450039968 0.5108205590622182 0.4004796163069545 0.5085662759242561 0.3924860111910472 0.49504057709648336 0.390087929656275 0.49008115419296666 0.3932853717026379 0.48963029756537424 0.4060751398880896 0.49098286744815145 0.41486810551558756
0 0.2060414788097385 0.6970423661071143 0.22046889089269614 0.6986410871302958 0.2249774571686204 0.695443645083933 0.22587917042380526 0.6834532374100719 0.2254283137962128 0.6778577138289369 0.2236248872858431 0.6754596322941646 0.21776375112714155 0.6730615507593926 0.2096483318304779 0.6738609112709832 0.2037871956717764 0.6778577138289369 0.20243462578899912 0.6810551558752997 0.20243462578899912 0.6898481215027978 0.2060414788097385 0.6970423661071143
0 0.8868349864743011 0.4508393285371703 0.9048692515779982 0.4524380495603517 0.9120829576194771 0.44924060751398887 0.9120829576194771 0.442845723421263 0.9075743913435527 0.43884892086330934 0.8872858431018936 0.43804956035171866 0.8859332732191163 0.4404476418864908 0.8854824165915239 0.44844124700239807 0.8868349864743011 0.4508393285371703
0 0.31424706943192066 0.3349320543565148 0.32461677186654647 0.33573141486810554 0.32822362488728585 0.3317346123101519 0.32867448151487827 0.3133493205435652 0.32551848512173126 0.31015187849720227 0.3146979260595131 0.30935251798561153 0.31244364292155097 0.31894484412470026 0.31154192966636607 0.3309352517985612 0.31424706943192066 0.3349320543565148
0 0 0.3828936850519585 0.022993688007213707 0.38529176658673064 0.027502254283137965 0.381294964028777 0.029305680793507663 0.3764988009592326 0.029756537421100092 0.35891286970423664 0.02614968440036069 0.34852118305355717 0.0175834084761046 0.34532374100719426 0.004508566275924256 0.34532374100719426 0 0.34612310151878495 0 0.3828936850519585
0 0.1280432822362489 0.5507593924860112 0.14201983769161408 0.5539568345323741 0.14743011722272317 0.5523581135091926 0.1478809738503156 0.5347721822541966 0.14562669071235346 0.525179856115108 0.13210099188458072 0.5235811350919265 0.1266907123534716 0.5283772981614708 0.12623985572587917 0.5395683453237411 0.1280432822362489 0.5507593924860112
0 0.20243462578899912 0.1310951239008793 0.21325518485121733 0.13029576338928858 0.2146077547339946 0.12549960031974422 0.215058611361587 0.10551558752997602 0.21190261496844004 0.08872901678657075 0.2091974752028855 0.08553157474020784 0.20288548241659152 0.08473221422861711 0.2006311992786294 0.08792965627498003 0.1988277727682597 0.10231814548361312 0.19927862939585214 0.12869704236610713 0.20243462578899912 0.1310951239008793
0 0.30613165013525695 0.6474820143884892 0.3268710550045086 0.6506794564348523 0.3345356176735798 0.6490807354116707 0.33588818755635713 0.6458832933653078 0.3363390441839495 0.6227018385291766 0.3340847610459874 0.6179056754596324 0.32100991884580704 0.6155075939248602 0.3056807935076645 0.6163069544364509 0.3034265103697024 0.6187050359712231 0.30297565374211 0.6402877697841727 0.30613165013525695 0.6474820143884892
0 0.5072137060414789 0.3581135091926459 0.524346257889991 0.3629096722621903 0.5293056807935077 0.3629096722621903 0.5329125338142471 0.3597122302158273 0.5342651036970244 0.33812949640287776 0.5329125338142471 0.3317346123101519 0.5297565374211001 0.32693844924060755 0.5216411181244364 0.3237410071942446 0.5072137060414789 0.3253397282174261 0.5049594229035167 0.32773780975219824 0.5049594229035167 0.34852118305355717 0.5072137060414789 0.3581135091926459
0 0.3151487826871055 0.03597122302158274 0.32461677186654647 0.0407673860911271 0.3367899008115419 0.03836930455635491 0.33498647430117223 0.017585931254996006 0.3309287646528404 0 0.3137962128043282 0 0.3133453561767358 0.004796163069544364 0.3128944995491434 0.030375699440447643 0.3151487826871055 0.03597122302158274
0 0.6609558160504959 0.5155875299760192 0.6641118124436429 0.5291766586730615 0.6681695220919748 0.533972821742606 0.6762849413886385 0.5323741007194245 0.6776375112714157 0.5139888089528377 0.6825969341749324 0.5091926458832934 0.6866546438232641 0.49960031974420466 0.6830477908025249 0.4908073541167067 0.6722272317403066 0.48441247002398086 0.6614066726780884 0.48840927258193445 0.6600541027953112 0.495603517186251 0.6596032461677187 0.5075939248601119 0.6609558160504959 0.5155875299760192
0 0.3764652840396754 0.33013589128697046 0.3944995491433724 0.33253397282174263 0.39720468890892696 0.32773780975219824 0.39720468890892696 0.3149480415667466 0.3944995491433724 0.31095123900879296 0.3764652840396754 0.31015187849720227 0.3742110009017133 0.31254996003197444 0.37466185752930564 0.3253397282174261 0.3764652840396754 0.33013589128697046
0 0.21190261496844004 0.17665867306155078 0.2236248872858431 0.17825739408473223 0.22678088367899008 0.17186250999200642 0.22633002705139765 0.15827338129496404 0.22407574391343554 0.1510791366906475 0.21325518485121733 0.15027977617905677 0.21009918845807032 0.15507593924860114 0.2096483318304779 0.17106314948041568 0.21190261496844004 0.17665867306155078
0 0.9896302975653742 0.5395683453237411 0.9995491433724076 0.5395683453237411 0.9995491433724076 0.5019984012789769 0.9837691614066727 0.5003996802557954 0.9797114517583408 0.5035971223021583 0.9806131650135257 0.5355715427657874 0.9896302975653742 0.5395683453237411
0 0.29080252479711455 0.8409272581934453 0.2912533814247069 0.8521183053557154 0.3133453561767358 0.8577138289368506 0.31920649233543735 0.8553157474020784 0.31920649233543735 0.8409272581934453 0.32100991884580704 0.8385291766586731 0.32100991884580704 0.8337330135891287 0.31785392245266003 0.8233413269384493 0.30477908025247974 0.8177458033573143 0.2885482416591524 0.8201438848920864 0.28809738503155996 0.8297362110311751 0.29080252479711455 0.8409272581934453
0 0.21776375112714155 0.4532374100719425 0.22768259693417492 0.45483613109512394 0.23174030658250674 0.44924060751398887 0.23083859332732193 0.4348521183053557 0.22813345356176737 0.43165467625899284 0.21866546438232642 0.43085531574740216 0.21550946798917944 0.4372501998401279 0.215058611361587 0.44924060751398887 0.21776375112714155 0.4532374100719425
0 0.49413886384129846 0.7378097521982414 0.4954914337240758 0.7521982414068745 0.4990982867448151 0.7553956834532374 0.5148782687105501 0.7585931254996003 0.5193868349864743 0.756994404476419 0.5220919747520288 0.7529976019184652 0.5234445446348062 0.7322142286171064 0.5144274120829576 0.7154276578737011 0.5099188458070334 0.7122302158273383 0.49729486023444547 0.709832134292566 0.49323715058611367 0.709832134292566 0.49008115419296666 0.7130295763389289 0.48963029756537424 0.7250199840127898 0.49413886384129846 0.7378097521982414
0 0.1109107303877367 0.8225419664268585 0.13480613165013525 0.8281374900079936 0.1388638412984671 0.8249400479616307 0.13931469792605952 0.7921662669864108 0.13570784490532012 0.7809752198241406 0.13345356176735798 0.7777777777777778 0.1127141568981064 0.7761790567545964 0.11000901713255186 0.7817745803357314 0.10865644724977458 0.8137490007993605 0.1109107303877367 0.8225419664268585
0 0.3660955816050496 0.5603517186250999 0.3719567177637511 0.5491606714628298 0.38548241659152394 0.548361310951239 0.3850315599639315 0.5379696243005596 0.38322813345356177 0.5323741007194245 0.36203787195671777 0.5323741007194245 0.36203787195671777 0.5563549160671463 0.3660955816050496 0.5603517186250999
0 0.151487826871055 0.12310151878497202 0.1568981064021641 0.1278976818545164 0.17177637511271418 0.12869704236610713 0.1740306582506763 0.12390087929656275 0.1740306582506763 0.08473221422861711 0.17132551848512173 0.0815347721822542 0.1618575293056808 0.07993605115907274 0.1501352569882777 0.0815347721822542 0.1496844003606853 0.1135091926458833 0.151487826871055 0.12310151878497202
0 0.36880072137060416 0.5675459632294165 0.3836789900811542 0.5707434052757794 0.38773669972948605 0.5691446842525979 0.38999098286744815 0.5643485211830536 0.38954012623985573 0.5539568345323741 0.3850315599639315 0.5475619504396483 0.37240757439134353 0.5475619504396483 0.3656447249774572 0.5523581135091926 0.3656447249774572 0.5619504396482814 0.36880072137060416 0.5675459632294165
0 0.7209197475202885 0.8657074340527579 0.7272317403065826 0.86810551558753 0.7412082957619477 0.8665067945643485 0.7430117222723175 0.8481215027977619 0.7421100090171326 0.8393285371702638 0.7281334535617674 0.8369304556354917 0.7209197475202885 0.8321342925659473 0.7191163210099188 0.8345323741007195 0.7186654643823265 0.8553157474020784 0.7209197475202885 0.8657074340527579
0 0.32191163210099194 0.30375699440447645 0.3268710550045086 0.3077537969624301 0.3340847610459874 0.30935251798561153 0.33949504057709645 0.3085531574740208 0.3431018935978359 0.3045563549160672 0.34445446348061315 0.29896083133493206 0.34490532010820557 0.27737809752198245 0.34265103697024346 0.2701838529176659 0.33543733092876465 0.2613908872901679 0.327321911632101 0.25819344524380494 0.32326420198376915 0.26059152677857716 0.3205590622182146 0.27098321342925663 0.3201082055906222 0.2965627498001599 0.32191163210099194 0.30375699440447645
0 0.06807935076645627 0.3868904876099121 0.08160504959422904 0.3876898481215028 0.08295761947700632 0.3677058353317346 0.08115419296663662 0.36370903277378097 0.07439134355275022 0.3573141486810552 0.06762849413886383 0.3573141486810552 0.06627592425608657 0.3677058353317346 0.06582506762849415 0.3764988009592326 0.06807935076645627 0.3868904876099121
0 0.6677186654643824 0.45163868904876103 0.6893597835888188 0.4540367705835332 0.6916140667267809 0.45163868904876103 0.693868349864743 0.442845723421263 0.6943192064923354 0.43804956035171866 0.6925157799819658 0.4292565947242206 0.6857529305680793 0.42046362909672264 0.6780883678990081 0.4180655475619504 0.6681695220919748 0.4188649080735412 0.6650135256988278 0.42845723421262993 0.6645626690712354 0.4476418864908074 0.6677186654643824 0.45163868904876103
0 0.29621280432822367 0.2597921662669864 0.3183047790802525 0.2613908872901679 0.32326420198376915 0.2565947242206235 0.32416591523895405 0.2358113509192646 0.31785392245266003 0.22541966426858515 0.29981965734896304 0.2238209432454037 0.29621280432822367 0.2270183852917666 0.2944093778178539 0.23741007194244604 0.2939585211902615 0.2549960031974421 0.29621280432822367 0.2597921662669864
0 0.5631199278629396 0.08553157474020784 0.5766456266907123 0.08393285371702638 0.5775473399458972 0.06634692246203039 0.5761947700631199 0.06155075939248601 0.5712353471596032 0.0583533173461231 0.5568079350766456 0.059952038369304565 0.5572587917042381 0.08313349320543566 0.5631199278629396 0.08553157474020784
0 0.2966636609558161 0.709832134292566 0.2989179440937782 0.7114308553157473 0.32416591523895405 0.7146282973621104 0.327321911632101 0.7122302158273383 0.3291253381424707 0.7066346922462031 0.32822362488728585 0.6938449240607514 0.32461677186654647 0.6858513189448442 0.2993688007213706 0.6818545163868905 0.29531109107303877 0.6882494004796164 0.29486023444544635 0.7026378896882494 0.2966636609558161 0.709832134292566
0 0.14652840396753833 0.3733013589128697 0.1568981064021641 0.3756994404476419 0.16591523895401264 0.3733013589128697 0.16681695220919746 0.3581135091926459 0.16456266907123535 0.34372501998401284 0.15915238954012625 0.3405275779376499 0.14878268710550044 0.3405275779376499 0.14743011722272317 0.3413269384492406 0.1460775473399459 0.34852118305355717 0.14517583408476106 0.3661071143085532 0.14652840396753833 0.3733013589128697
0 0.03877366997294861 0.4860111910471623 0.04283137962128043 0.48920863309352525 0.06807935076645627 0.49160671462829736 0.07123534715960325 0.48840927258193445 0.07123534715960325 0.4756195043964829 0.06943192064923355 0.4636290967226219 0.06627592425608657 0.45643485211830537 0.06582506762849415 0.44924060751398887 0.06266907123534717 0.4452438049560352 0.04959422903516681 0.44364508393285373 0.04328223624887286 0.44604316546762596 0.03787195671776375 0.4740207833733014 0.03742110009017133 0.4804156674660272 0.03877366997294861 0.4860111910471623
0 0 0.8569144684252599 0.016230838593327322 0.8569144684252599 0.018034265103697024 0.8521183053557154 0.018034265103697024 0.841726618705036 0.019386834986474304 0.8377298161470824 0.0175834084761046 0.8281374900079936 0.011722272317403066 0.8217426059152678 0.002705139765554554 0.8217426059152678 0 0.8225419664268585 0 0.8569144684252599
0 0.004959422903516681 0.12869704236610713 0.008566275924256087 0.1342925659472422 0.034715960324616775 0.13589128697042366 0.03651938683498648 0.1334932054356515 0.0369702434625789 0.11590727418065548 0.0351668169522092 0.1111111111111111 0.013976555455365193 0.10551558752997602 0.008115419296663661 0.10551558752997602 0.0040577096483318306 0.10951239008792966 0.0040577096483318306 0.12390087929656275 0.004959422903516681 0.12869704236610713
0 0.9531109107303878 0.6123101518784972 0.9806131650135257 0.6155075939248602 0.9833183047790803 0.6107114308553158 0.9819657348963029 0.5947242206235012 0.9774571686203787 0.5875299760191847 0.9526600541027953 0.586730615507594 0.9486023444544635 0.5963229416466826 0.9495040577096483 0.6083133493205436 0.9531109107303878 0.6123101518784972
0 0.4842200180342651 0.5595523581135092 0.4990982867448151 0.5611510791366906 0.5018034265103697 0.5555555555555556 0.5018034265103697 0.5499600319744204 0.4990982867448151 0.5467625899280576 0.4842200180342651 0.5451638689048761 0.4810640216411181 0.5475619504396483 0.47971145175834085 0.5531574740207834 0.4842200180342651 0.5595523581135092
0 0.8890892696122633 0.4260591526778577 0.9044183949504058 0.4260591526778577 0.9062218214607755 0.42366107114308554 0.9062218214607755 0.416466826538769 0.9044183949504058 0.4132693844924061 0.8904418394950405 0.4132693844924061 0.8863841298467088 0.4180655475619504 0.8863841298467088 0.4244604316546763 0.8890892696122633 0.4260591526778577
0 0.6433724075743913 0.8832933653077538 0.6496844003606853 0.8816946442845724 0.6514878268710551 0.8729016786570745 0.6514878268710551 0.8561151079136692 0.6478809738503156 0.8513189448441247 0.6370604147880974 0.8529176658673061 0.6370604147880974 0.8792965627498002 0.6433724075743913 0.8832933653077538
0 0.9134355275022543 0.4268585131894485 0.9283137962128044 0.42845723421262993 0.933273219116321 0.4260591526778577 0.9341749323715058 0.4212629896083134 0.9323715058611362 0.4172661870503597 0.9256086564472498 0.4140687450039968 0.9107303877366997 0.4132693844924061 0.9075743913435527 0.416466826538769 0.9080252479711453 0.4244604316546763 0.9134355275022543 0.4268585131894485
0 0.6848512173128946 0.5811350919264588 0.6943192064923354 0.5827338129496403 0.7037871956717764 0.574740207833733 0.7051397655545536 0.5595523581135092 0.7037871956717764 0.5507593924860112 0.7015329125338142 0.5467625899280576 0.6911632100991884 0.5443645083932854 0.6857529305680793 0.5459632294164669 0.6834986474301172 0.5499600319744204 0.6830477908025249 0.5763389288569145 0.6848512173128946 0.5811350919264588
0 0.20018034265103696 0.06874500399680256 0.20198376916140667 0.07114308553157474 0.21280432822362488 0.06954436450839328 0.21415689810640218 0.0671462829736211 0.21370604147880973 0.045563549160671464 0.21190261496844004 0.04316546762589928 0.21235347159603246 0.03916866506794565 0.21055004508566277 0.03357314148681055 0.20243462578899912 0.030375699440447643 0.2006311992786294 0.03916866506794565 0.19927862939585214 0.055155875299760196 0.20018034265103696 0.06874500399680256
0 0.4977457168620379 0.11590727418065548 0.5198376916140668 0.11590727418065548 0.524346257889991 0.08792965627498003 0.5234445446348062 0.07434052757793765 0.5004508566275925 0.07274180655475619 0.4977457168620379 0.07513988808952839 0.49639314697926057 0.08473221422861711 0.49413886384129846 0.10551558752997602 0.4977457168620379 0.11590727418065548
0 0.5626690712353472 0.7585931254996003 0.5798016230838593 0.7577937649880097 0.5820559062218215 0.7521982414068745 0.5825067628494138 0.7442046362909672 0.5861136158701533 0.7298161470823342 0.5861136158701533 0.7234212629896084 0.5743913435527502 0.7074340527577938 0.5694319206492335 0.7074340527577938 0.5644724977457168 0.7130295763389289 0.5572587917042381 0.7130295763389289 0.5554553651938684 0.7154276578737011 0.5536519386834987 0.7258193445243806 0.5541027953110911 0.7545963229416467 0.5626690712353472 0.7585931254996003
0 0.4990982867448151 0.06314948041566747 0.4990982867448151 0.07034372501998402 0.496844003606853 0.07673860911270983 0.4945897204688909 0.10871302957633892 0.4977457168620379 0.11510791366906475 0.5009017132551848 0.1167066346922462 0.5189359783588818 0.1167066346922462 0.5247971145175834 0.08872901678657075 0.5247971145175834 0.07434052757793765 0.5270513976555455 0.05755395683453238 0.5270513976555455 0.04476418864908074 0.5238954012623985 0.03597122302158274 0.5229936880072137 0.02717825739408473 0.5184851217312895 0.02557953637090328 0.5153291253381425 0.02877697841726619 0.5085662759242561 0.02557953637090328 0.5049594229035167 0.026378896882494004 0.5013525698827773 0.029576338928856916 0.4981965734896303 0.042366107114308556 0.4977457168620379 0.060751398880895285 0.4990982867448151 0.06314948041566747
0 0.7614968440036068 0.39168665067945646 0.7687105500450856 0.39408473221422863 0.7786293958521191 0.3932853717026379 0.7822362488728585 0.3892885691446843 0.7835888187556357 0.36930455635491605 0.7831379621280433 0.3661071143085532 0.7799819657348963 0.3629096722621903 0.7646528403967539 0.3613109512390088 0.7619477006311993 0.3645083932853717 0.7596934174932372 0.37809752198241414 0.7592425608656448 0.3868904876099121 0.7614968440036068 0.39168665067945646
0 0.5658250676284942 0.37010391686650684 0.5919747520288549 0.3749000799360512 0.5969341749323716 0.3733013589128697 0.5996393146979261 0.36930455635491605 0.6005410279531108 0.34532374100719426 0.5996393146979261 0.33812949640287776 0.5960324616771866 0.3309352517985612 0.5924256086564473 0.328537170263789 0.5811541929666366 0.33013589128697046 0.5770964833183048 0.3237410071942446 0.5689810640216412 0.32214228617106316 0.5640216411181245 0.32693844924060755 0.563570784490532 0.3661071143085532 0.5658250676284942 0.37010391686650684
0 0.1952209197475203 0.2901678657074341 0.21325518485121733 0.29256594724220625 0.21550946798917944 0.2869704236610712 0.2164111812443643 0.2677857713828937 0.21415689810640218 0.2517985611510791 0.21145175834084762 0.2478017585931255 0.19612263300270513 0.2470023980815348 0.19251577998196576 0.26938449240607515 0.1920649233543733 0.28377298161470826 0.1952209197475203 0.2901678657074341
0 0.2727682596934175 0.9224620303756994 0.2781785392245266 0.9256594724220625 0.2903516681695221 0.9272581934452439 0.2966636609558161 0.9272581934452439 0.2989179440937782 0.9248601119104717 0.3020739404869252 0.906474820143885 0.2975653742110009 0.8936850519584333 0.28539224526600543 0.8896882494004797 0.27682596934174936 0.8896882494004797 0.27186654643823266 0.8928856914468426 0.27141568981064024 0.9176658673061552 0.2727682596934175 0.9224620303756994
0 0.9679891794409378 0.42845723421262993 0.9679891794409378 0.4596322941646683 0.9761045987376015 0.4636290967226219 0.9941388638412986 0.46282973621103124 0.9959422903516681 0.45803357314148685 0.9959422903516681 0.434052757793765 0.9927862939585211 0.4156674660271783 0.9833183047790803 0.4100719424460432 0.9661857529305681 0.4108713029576339 0.9657348963029756 0.42046362909672264 0.9679891794409378 0.42845723421262993
0 0.1618575293056808 0.16147082334132695 0.1744815148782687 0.16386890487609912 0.18079350766456267 0.16227018385291767 0.18214607754733994 0.14628297362110312 0.1812443642921551 0.1366906474820144 0.17944093778178538 0.13269384492406078 0.172678088367899 0.12949640287769784 0.1636609558160505 0.12949640287769784 0.15960324616771868 0.13189448441247004 0.15960324616771868 0.1510791366906475 0.1618575293056808 0.16147082334132695