0 0.9111812443642923 0.32454036770583533 0.9188458070333634 0.32773780975219824 0.9341749323715058 0.328537170263789 0.936429215509468 0.32693844924060755 0.9391343552750226 0.31974420463629094 0.9400360685302074 0.30295763389288566 0.9346257889990982 0.29256594724220625 0.9283137962128044 0.2901678657074341 0.9138863841298467 0.2901678657074341 0.9111812443642923 0.29176658673061556 0.9102795311091073 0.29576338928856916 0.9098286744815148 0.3213429256594725 0.9111812443642923 0.32454036770583533
0 0.706492335437331 0.5451638689048761 0.7096483318304779 0.5475619504396483 0.7173128944995492 0.5475619504396483 0.7191163210099188 0.5451638689048761 0.7200180342651037 0.5363709032773781 0.7177637511271415 0.5291766586730615 0.7060414788097384 0.5291766586730615 0.7051397655545536 0.5411670663469225 0.706492335437331 0.5451638689048761
0 0.560414788097385 0.8425259792166268 0.5743913435527502 0.8441247002398081 0.5775473399458972 0.8337330135891287 0.5770964833183048 0.8137490007993605 0.5743913435527502 0.809752198241407 0.5577096483318305 0.809752198241407 0.5572587917042381 0.8217426059152678 0.560414788097385 0.8425259792166268
0 0.7808836789900812 0.328537170263789 0.7993688007213706 0.33253397282174263 0.809287646528404 0.33013589128697046 0.809287646528404 0.3237410071942446 0.8074842200180342 0.31974420463629094 0.796663660955816 0.31015187849720227 0.7781785392245266 0.31015187849720227 0.7781785392245266 0.32454036770583533 0.7808836789900812 0.328537170263789
0 0.9283137962128044 0.16386890487609912 0.9323715058611362 0.1838529176658673 0.9526600541027953 0.18864908073541167 0.954463480613165 0.18625099920063948 0.9562669071235348 0.17106314948041568 0.954463480613165 0.1542765787370104 0.9413886384129847 0.14708233413269386 0.9346257889990982 0.14628297362110312 0.9296663660955816 0.1486810551558753 0.9283137962128044 0.1510791366906475 0.9283137962128044 0.16386890487609912
0 0.7984670874661858 0.008792965627498003 0.8020739404869252 0.01278976818545164 0.8142470694319207 0.015187849720223821 0.8178539224526601 0.010391686650679457 0.8165013525698828 0 0.7975653742110009 0 0.7971145175834086 0.004796163069544364 0.7984670874661858 0.008792965627498003
0 0.9355275022542832 0.906474820143885 0.9517583408476105 0.9096722621902479 0.9621280432822362 0.9080735411670664 0.9616771866546439 0.894484412470024 0.9562669071235348 0.8848920863309353 0.9355275022542832 0.8808952837729817 0.9341749323715058 0.8864908073541167 0.9337240757439135 0.9024780175859313 0.9355275022542832 0.906474820143885
0 0.7804328223624887 0.22861710631494805 0.80297565374211 0.23421262989608316 0.8174030658250677 0.23421262989608316 0.8196573489630298 0.2294164668265388 0.8187556357078449 0.20543565147881696 0.8174030658250677 0.19904076738609114 0.8137962128043282 0.19264588329336532 0.8074842200180342 0.1894484412470024 0.7957619477006312 0.1894484412470024 0.7862939585211903 0.18625099920063948 0.7808836789900812 0.19424460431654678 0.7790802524797115 0.2014388489208633 0.7786293958521191 0.22541966426858515 0.7804328223624887 0.22861710631494805
0 0.9102795311091073 0.5715427657873702 0.9238052299368801 0.5755395683453238 0.9391343552750226 0.5723421262989609 0.9422903516681695 0.5395683453237411 0.9409377817853922 0.5315747402078338 0.9265103697024346 0.5267785771382895 0.9183949504057709 0.5171862509992007 0.9111812443642923 0.5163868904876099 0.9071235347159603 0.5187849720223822 0.9066726780883679 0.5547561950439649 0.9102795311091073 0.5715427657873702
0 0.2060414788097385 0.5179856115107914 0.2096483318304779 0.5227817745803358 0.22813345356176737 0.5243804956035172 0.23264201983769162 0.521982414068745 0.2321911632100992 0.5155875299760192 0.22948602344454463 0.5115907274180655 0.2168620378719567 0.5083932853717026 0.20694319206492334 0.5099920063948842 0.20559062218214608 0.5115907274180655 0.2060414788097385 0.5179856115107914
0 0.11406672678088368 0.6610711430855316 0.12759242560865644 0.6626698641087131 0.13210099188458072 0.6594724220623502 0.1339044183949504 0.6506794564348523 0.13435527502254285 0.636290967226219 0.1316501352569883 0.6290967226219025 0.11947700631199279 0.6258992805755397 0.1145175834084761 0.6258992805755397 0.11226330027051398 0.6290967226219025 0.11226330027051398 0.657074340527578 0.11406672678088368 0.6610711430855316
0 0.8462578899909828 0.6099120703437251 0.8485121731289451 0.6131095123900879 0.8534715960324617 0.6131095123900879 0.8548241659152389 0.6091127098321344 0.8548241659152389 0.5915267785771383 0.8534715960324617 0.586730615507594 0.8489630297565375 0.5827338129496403 0.8417493237150586 0.5835331734612311 0.8417493237150586 0.592326139088729 0.8462578899909828 0.6099120703437251
0 0.6816952209197475 0.3237410071942446 0.6857529305680793 0.33013589128697046 0.7019837691614067 0.33013589128697046 0.7060414788097384 0.3253397282174261 0.7146077547339945 0.328537170263789 0.7200180342651037 0.32773780975219824 0.7272317403065826 0.3085531574740208 0.7272317403065826 0.29256594724220625 0.7240757439134355 0.2853717026378897 0.6898106402164111 0.2789768185451639 0.6853020739404869 0.2797761790567546 0.6830477908025249 0.2853717026378897 0.6816952209197475 0.2965627498001599 0.6816952209197475 0.3237410071942446
0 0.6456266907123535 0.17585931254996007 0.6686203787195673 0.17825739408473223 0.6740306582506763 0.1774580335731415 0.6767357980162308 0.17426059152677859 0.6753832281334536 0.15987210231814547 0.6632100991884582 0.15187849720223823 0.6609558160504959 0.14788169464428458 0.6474301172227231 0.14548361310951238 0.6438232642019839 0.1510791366906475 0.6433724075743913 0.16866506794564348 0.6456266907123535 0.17585931254996007
0 0.8196573489630298 0.6075139888089529 0.827321911632101 0.6107114308553158 0.8376916140667268 0.6083133493205436 0.8376916140667268 0.5883293365307755 0.8354373309287646 0.5819344524380495 0.8205590622182147 0.5803357314148682 0.8183047790802525 0.5835331734612311 0.8178539224526601 0.5883293365307755 0.8174030658250677 0.5987210231814549 0.8196573489630298 0.6075139888089529
0 0.9084761045987376 0.9952038369304558 0.9098286744815148 0.9992006394884093 0.9292155094679891 0.9992006394884093 0.9337240757439135 0.982414068745004 0.9310189359783588 0.9640287769784173 0.9296663660955816 0.9360511590727418 0.9220018034265104 0.9320543565147882 0.9138863841298467 0.9336530775379696 0.9111812443642923 0.9392486011191048 0.9098286744815148 0.9488409272581935 0.9080252479711453 0.9688249400479617 0.9084761045987376 0.9952038369304558
0 0.03201082055906222 0.5515587529976019 0.0369702434625789 0.5547561950439649 0.04824165915238954 0.5563549160671463 0.05410279531109107 0.5531574740207834 0.05365193868349865 0.5243804956035172 0.047790802524797116 0.5195843325339728 0.034265103697024346 0.5171862509992007 0.029756537421100092 0.5187849720223822 0.029756537421100092 0.5443645083932854 0.03201082055906222 0.5515587529976019
0 0.31154192966636607 0.8872901678657075 0.3336339044183949 0.8912869704236611 0.33949504057709645 0.8912869704236611 0.34265103697024346 0.8872901678657075 0.3431018935978359 0.8721023181454837 0.34039675383228135 0.8689048760991207 0.31244364292155097 0.8641087130295764 0.30883678990081154 0.8649080735411672 0.30748422001803427 0.8689048760991207 0.30748422001803427 0.8832933653077538 0.31154192966636607 0.8872901678657075
0 0.9824165915238955 0.6730615507593926 0.9995491433724076 0.6738609112709832 0.9995491433724076 0.6506794564348523 0.9869251577998197 0.6474820143884892 0.9833183047790803 0.6506794564348523 0.9815148782687105 0.6578737010391686 0.9806131650135257 0.6690647482014389 0.9824165915238955 0.6730615507593926
0 0.5951307484220018 0.2541966426858513 0.6140667267808837 0.2557953637090328 0.6163210099188459 0.24940047961630699 0.6167718665464382 0.23820943245403678 0.6199278629395851 0.2302158273381295 0.6118124436429215 0.2270183852917666 0.5978358881875564 0.2270183852917666 0.5955816050495942 0.2278177458033573 0.594229035166817 0.2334132693844924 0.5937781785392245 0.24860111910471622 0.5951307484220018 0.2541966426858513
0 0.2556357078449053 0.9960031974420465 0.26149684400360684 0.9992006394884093 0.2844905320108206 0.9992006394884093 0.28764652840396754 0.9944044764188649 0.2844905320108206 0.973621103117506 0.2822362488728584 0.9696243005595524 0.25473399458972046 0.9648281374900081 0.2515779981965735 0.9712230215827339 0.2515779981965735 0.9880095923261392 0.2556357078449053 0.9960031974420465
0 0.6537421100090172 0.2965627498001599 0.6681695220919748 0.2981614708233413 0.6713255184851218 0.293365307753797 0.672678088367899 0.27577937649880097 0.6708746618575293 0.2717825739408473 0.6659152389540126 0.2677857713828937 0.6568981064021642 0.2677857713828937 0.6519386834986475 0.2717825739408473 0.6519386834986475 0.2877697841726619 0.6537421100090172 0.2965627498001599
0 0.010820559062218215 0.7993605115907274 0.024346257889990983 0.8001598721023181 0.02660054102795311 0.7961630695443646 0.02569882777276826 0.7897681854516387 0.02254283137962128 0.7881694644284573 0.005410279531109108 0.7889688249400479 0.005861136158701533 0.7961630695443646 0.010820559062218215 0.7993605115907274
0 0.60595130748422 0.5363709032773781 0.6163210099188459 0.5331734612310152 0.6203787195671777 0.521982414068745 0.623985572587917 0.5035971223021583 0.623985572587917 0.49800159872102323 0.6172227231740307 0.4860111910471623 0.5946798917944094 0.4836131095123901 0.5915238954012624 0.4908073541167067 0.5919747520288549 0.533972821742606 0.60595130748422 0.5363709032773781
0 0.9792605951307485 0.23101518784972022 0.9954914337240758 0.2302158273381295 0.9977457168620378 0.22302158273381298 0.9995491433724076 0.2222222222222222 0.9995491433724076 0.1806554756195044 0.9950405770964834 0.17585931254996007 0.9819657348963029 0.17106314948041568 0.9774571686203787 0.17186250999200642 0.9747520288548243 0.17905675459632295 0.9724977457168621 0.2270183852917666 0.9792605951307485 0.23101518784972022
0 0.11496844003606854 0.5603517186250999 0.1284941388638413 0.5635491606714629 0.14382326420198377 0.5635491606714629 0.14562669071235346 0.5579536370903277 0.14652840396753833 0.5419664268585133 0.14337240757439135 0.5307753796962431 0.1406672678088368 0.5275779376498801 0.11632100991884581 0.5235811350919265 0.11226330027051398 0.533972821742606 0.11181244364292155 0.5539568345323741 0.11496844003606854 0.5603517186250999
0 0.7164111812443643 0.9648281374900081 0.7434625788999099 0.9688249400479617 0.7484220018034266 0.9656274980015987 0.7484220018034266 0.9576338928856915 0.7452660054102795 0.9544364508393286 0.7200180342651037 0.9504396482813751 0.7168620378719567 0.947242206235012 0.7146077547339945 0.9528377298161471 0.7141568981064021 0.9616306954436452 0.7164111812443643 0.9648281374900081
0 0.8796212804328223 0.5011990407673861 0.8827772768259693 0.5083932853717026 0.8899909828674482 0.5091926458832934 0.8963029756537422 0.5139888089528377 0.8994589720468892 0.5115907274180655 0.8994589720468892 0.4860111910471623 0.8976555455365194 0.4804156674660272 0.8859332732191163 0.4756195043964829 0.8805229936880072 0.4772182254196643 0.8787195671776376 0.4804156674660272 0.8782687105500451 0.49160671462829736 0.8796212804328223 0.5011990407673861
0 0.20018034265103696 0.7402078337330137 0.22001803426510372 0.7434052757793765 0.22452660054102797 0.7410071942446044 0.2249774571686204 0.7322142286171064 0.22227231740306583 0.7258193445243806 0.2037871956717764 0.7194244604316546 0.1988277727682597 0.7242206235011991 0.19837691614066724 0.7378097521982414 0.20018034265103696 0.7402078337330137
0 0.3106402164111813 0.9448441247002399 0.3291253381424707 0.9496402877697842 0.3363390441839495 0.9496402877697842 0.34039675383228135 0.9464428457234213 0.3408476104598738 0.9288569144684253 0.33859332732191166 0.9232613908872902 0.30928764652840396 0.9232613908872902 0.30613165013525695 0.9256594724220625 0.30613165013525695 0.9376498800959233 0.3106402164111813 0.9448441247002399
0 0.7326420198376916 0.20623501199040767 0.7353471596032463 0.21342925659472425 0.7403065825067628 0.21902478017585933 0.757439134355275 0.21822541966426862 0.75834084761046 0.20863309352517986 0.7565374211000901 0.19984012789768185 0.7529305680793508 0.19344524380495606 0.7479711451758341 0.15827338129496404 0.7357980162308386 0.15827338129496404 0.7335437330928765 0.15987210231814547 0.7321911632100992 0.16466826538768983 0.7317403065825068 0.19664268585131894 0.7326420198376916 0.20623501199040767
0 0.9905320108205591 0.542765787370104 0.9995491433724076 0.5435651478816946 0.9995491433724076 0.504396482813749 0.9932371505861136 0.5059952038369305 0.9896302975653742 0.5147881694644285 0.9882777276825969 0.5395683453237411 0.9905320108205591 0.542765787370104
0 0.024346257889990983 0.6538768984812151 0.02885482416591524 0.6562749800159873 0.04012623985572588 0.6562749800159873 0.04418394950405771 0.6530775379696243 0.044634806131650134 0.6243005595523582 0.04283137962128043 0.6179056754596324 0.02569882777276826 0.6171063149480416 0.023895401262398558 0.6195043964828137 0.02254283137962128 0.627498001598721 0.02164111812443643 0.645083932853717 0.024346257889990983 0.6538768984812151
0 0.9995491433724076 0.8497202238209433 0.9995491433724076 0.8233413269384493 0.9977457168620378 0.8233413269384493 0.9959422903516681 0.8193445243804957 0.9887285843101894 0.8169464428457234 0.9801623083859333 0.8169464428457234 0.9779080252479712 0.8209432454036771 0.9779080252479712 0.8489208633093526 0.9995491433724076 0.8497202238209433
0 0.6510369702434625 0.4908073541167067 0.6650135256988278 0.4948041566746603 0.6731289449954915 0.4932054356514788 0.674932371505861 0.4748201438848921 0.672678088367899 0.47002398081534774 0.6618575293056808 0.4612310151878497 0.6510369702434625 0.460431654676259 0.6474301172227231 0.4660271782573941 0.6469792605951307 0.4804156674660272 0.6510369702434625 0.4908073541167067
0 0.6018935978358882 0.15507593924860114 0.6036970243462578 0.16227018385291767 0.609107303877367 0.16706634692246206 0.6194770063119928 0.16626698641087131 0.6217312894499549 0.1542765787370104 0.6221821460775473 0.1398880895283773 0.6176735798016231 0.11590727418065548 0.6050495942290353 0.11430855315747403 0.602795311091073 0.11910471622701839 0.6032461677186655 0.14148681055155876 0.6018935978358882 0.15507593924860114
0 0.7263300270513976 0.6099120703437251 0.760595130748422 0.6123101518784972 0.7628494138863842 0.6083133493205436 0.7633002705139765 0.5843325339728218 0.7619477006311993 0.5795363709032775 0.7339945897204688 0.5755395683453238 0.7272317403065826 0.5755395683453238 0.7254283137962128 0.5787370103916867 0.7245266005410279 0.6051159072741806 0.7263300270513976 0.6099120703437251
0 0.12218214607754734 0.8281374900079936 0.12984670874661858 0.8305355715427658 0.13796212804328223 0.8281374900079936 0.13841298467087468 0.8113509192645884 0.13525698827772767 0.8001598721023181 0.12037871956717765 0.7993605115907274 0.11947700631199279 0.818545163868905 0.12218214607754734 0.8281374900079936
0 0.2091974752028855 0.5027977617905676 0.2254283137962128 0.5067945643485212 0.23038773669972948 0.5067945643485212 0.2321911632100992 0.504396482813749 0.23174030658250674 0.49720223820943243 0.22723174030658252 0.4924060751398881 0.21100090171325517 0.49000799360511593 0.20784490532010821 0.4924060751398881 0.2073940486925158 0.49880095923261397 0.2091974752028855 0.5027977617905676
0 0.630297565374211 0.8457234212629897 0.6564472497745717 0.8489208633093526 0.6627592425608656 0.844924060751399 0.6627592425608656 0.8233413269384493 0.65238954012624 0.8145483613109513 0.6501352569882777 0.809752198241407 0.6402164111812444 0.806554756195044 0.6330027051397656 0.8073541167066347 0.6298467087466186 0.809752198241407 0.6284941388638413 0.8209432454036771 0.628043282236249 0.841726618705036 0.630297565374211 0.8457234212629897
0 0.700180342651037 0.20463629096722624 0.7087466185752931 0.20623501199040767 0.7114517583408476 0.21342925659472425 0.7150586113615871 0.21662669864108713 0.7209197475202885 0.21742605915267785 0.7240757439134355 0.21342925659472425 0.7245266005410279 0.19104716227018384 0.721370604147881 0.1806554756195044 0.7037871956717764 0.1774580335731415 0.7010820559062219 0.17985611510791366 0.6992786293958522 0.18705035971223025 0.6988277727682598 0.19664268585131894 0.700180342651037 0.20463629096722624
0 0.6307484220018034 0.9320543565147882 0.6559963931469793 0.9344524380495605 0.6614066726780884 0.9344524380495605 0.6632100991884582 0.9320543565147882 0.6632100991884582 0.9040767386091128 0.6614066726780884 0.8992805755395684 0.6483318304779081 0.8960831334932055 0.6289449954914338 0.8960831334932055 0.6284941388638413 0.9232613908872902 0.6307484220018034 0.9320543565147882
0 0.7759242560865645 0.6458832933653078 0.7939585211902616 0.6538768984812151 0.8038773669972948 0.6546762589928058 0.806131650135257 0.6506794564348523 0.8070333633904418 0.6282973621103117 0.8034265103697025 0.6195043964828137 0.7930568079350766 0.6123101518784972 0.7799819657348963 0.6099120703437251 0.7759242560865645 0.6155075939248602 0.7745716862037872 0.6219024780175859 0.7745716862037872 0.642685851318945 0.7759242560865645 0.6458832933653078
0 0.6898106402164111 0.2701838529176659 0.7195671776375113 0.27577937649880097 0.7245266005410279 0.2741806554756195 0.7263300270513976 0.27098321342925663 0.7272317403065826 0.24620303756994405 0.7245266005410279 0.24220623501199043 0.6961226330027052 0.23900879296562752 0.6884580703336339 0.24380495603517185 0.6880072137060416 0.26298960831334933 0.6898106402164111 0.2701838529176659
0 0.1109107303877367 0.9880095923261392 0.11361587015329126 0.9840127897681855 0.11406672678088368 0.9776179056754596 0.11677186654643823 0.9712230215827339 0.1248872858431019 0.9664268585131894 0.12398557258791705 0.9376498800959233 0.11812443642921551 0.9312549960031975 0.10279531109107304 0.929656274980016 0.10009017132551848 0.938449240607514 0.10009017132551848 0.9872102318145485 0.1109107303877367 0.9880095923261392
0 0.7069431920649234 0.5011990407673861 0.7177637511271415 0.5027977617905676 0.7204688908926962 0.5003996802557954 0.7200180342651037 0.4828137490007994 0.7100991884580703 0.48121502797761795 0.7060414788097384 0.48441247002398086 0.7051397655545536 0.4940047961630696 0.7069431920649234 0.5011990407673861
0 0.7506762849413887 0.5107913669064749 0.7556357078449053 0.5163868904876099 0.763751127141569 0.5163868904876099 0.766907123534716 0.5083932853717026 0.7678088367899009 0.4908073541167067 0.7664562669071235 0.4716227018385292 0.7551848512173129 0.46203037569944044 0.7497745716862038 0.47242206235011996 0.7493237150586113 0.5011990407673861 0.7506762849413887 0.5107913669064749
0 0.7822362488728585 0.17985611510791366 0.8020739404869252 0.17905675459632295 0.8038773669972948 0.17665867306155078 0.8034265103697025 0.1510791366906475 0.7962128043282236 0.13589128697042366 0.7844905320108205 0.13269384492406078 0.7804328223624887 0.13828936850519585 0.7799819657348963 0.17026378896882494 0.7822362488728585 0.17985611510791366
0 0.19431920649233542 0.9992006394884093 0.215058611361587 0.9992006394884093 0.21731289449954916 0.9896083133493206 0.21731289449954916 0.9776179056754596 0.21550946798917944 0.9688249400479617 0.20829576194770064 0.9656274980015987 0.19386834986474302 0.9664268585131894 0.19251577998196576 0.973621103117506 0.19431920649233542 0.9992006394884093
0 0.8412984670874663 0.6522781774580336 0.8453561767357981 0.6514788169464429 0.8476104598737602 0.6394884092725819 0.8462578899909828 0.6227018385291766 0.8422001803426511 0.6195043964828137 0.8381424706943192 0.6203037569944045 0.8381424706943192 0.6466826538768985 0.8412984670874663 0.6522781774580336