0 0.8999098286744815 0.2238209432454037 0.9174932371505862 0.23980815347721826 0.9251577998196574 0.2414068745003997 0.930117222723174 0.2270183852917666 0.930117222723174 0.2214228617106315 0.9278629395852119 0.21662669864108713 0.9102795311091073 0.2014388489208633 0.9048692515779982 0.2030375699440448 0.8999098286744815 0.2126298960831335 0.8985572587917042 0.21742605915267785 0.8999098286744815 0.2238209432454037
0 0.2587917042380523 0.5667466027178258 0.27908025247971147 0.5851318944844125 0.28313796212804326 0.5811350919264588 0.28584310189359785 0.5675459632294165 0.2781785392245266 0.5627498001598722 0.2655545536519387 0.5491606714628298 0.26194770063119927 0.5491606714628298 0.25743913435527505 0.5579536370903277 0.2569882777276826 0.5619504396482814 0.2587917042380523 0.5667466027178258
0 0.36880072137060416 0.9104716227018386 0.37781785392245265 0.91207034372502 0.3999098286744815 0.9240607513988809 0.40396753832281335 0.9200639488409273 0.40892696122633004 0.8968824940047961 0.40847610459873757 0.8840927258193446 0.4044183949504058 0.8721023181454837 0.39269612263300274 0.8649080735411672 0.3859332732191163 0.8561151079136692 0.37601442741208296 0.8545163868904877 0.37285843101893595 0.8585131894484412 0.3692515779981966 0.8800959232613909 0.3660955816050496 0.9032773780975221 0.36880072137060416 0.9104716227018386
0 0.672678088367899 0.5531574740207834 0.6740306582506763 0.5563549160671463 0.6853020739404869 0.5611510791366906 0.6893597835888188 0.5539568345323741 0.6893597835888188 0.548361310951239 0.6857529305680793 0.5403677058353318 0.6794409377817855 0.5371702637889688 0.6744815148782687 0.5395683453237411 0.672678088367899 0.5459632294164669 0.672678088367899 0.5531574740207834
0 0.0563570784490532 0.3413269384492406 0.060414788097385035 0.3493205435651479 0.06537421100090171 0.35411670663469225 0.0703336339044184 0.35411670663469225 0.07799819657348962 0.33573141486810554 0.07799819657348962 0.3309352517985612 0.07484220018034266 0.3205435651478817 0.06402164111812444 0.3085531574740208 0.059963931469792606 0.3069544364508393 0.05725879170423805 0.30935251798561153 0.05365193868349865 0.3205435651478817 0.05320108205590622 0.3261390887290168 0.0563570784490532 0.3413269384492406
0 0.933273219116321 0.16466826538768983 0.9346257889990982 0.16866506794564348 0.9522091974752029 0.1806554756195044 0.9562669071235348 0.1774580335731415 0.960775473399459 0.15027977617905677 0.960775473399459 0.1334932054356515 0.9504057709648331 0.12310151878497202 0.9386834986474301 0.11830535571542766 0.9350766456266908 0.13589128697042366 0.933273219116321 0.15267785771382894 0.933273219116321 0.16466826538768983
0 0.8530207394048693 0.05675459632294165 0.872858431018936 0.06794564348521183 0.8764652840396754 0.060751398880895285 0.8751127141568981 0.04476418864908074 0.8701532912533815 0.03916866506794565 0.8557258791704238 0.03357314148681055 0.8521190261496844 0.04476418864908074 0.8516681695220919 0.05435651478816946 0.8530207394048693 0.05675459632294165
0 0.5906221821460775 0.48441247002398086 0.5987376014427412 0.49160671462829736 0.6064021641118125 0.4924060751398881 0.6095581605049595 0.4852118305355716 0.6095581605049595 0.47242206235011996 0.6127141568981065 0.46442845723421267 0.6127141568981065 0.45003996802557955 0.609107303877367 0.4420463629096723 0.6055004508566276 0.43884892086330934 0.5978358881875564 0.43804956035171866 0.5946798917944094 0.4420463629096723 0.5919747520288549 0.4508393285371703 0.5888187556357078 0.4708233413269384 0.5883678990081154 0.4772182254196643 0.5906221821460775 0.48441247002398086
0 0.7930568079350766 0.32773780975219824 0.796663660955816 0.3341326938449241 0.8065825067628495 0.34212629896083135 0.8246167718665464 0.35331734612310156 0.8282236248872858 0.3525179856115108 0.8309287646528404 0.34852118305355717 0.8345356176735799 0.33812949640287776 0.8345356176735799 0.3261390887290168 0.8268710550045085 0.31015187849720227 0.8223624887285843 0.3053557154276579 0.8110910730387737 0.29896083133493206 0.8038773669972948 0.29896083133493206 0.7989179440937783 0.302158273381295 0.7957619477006312 0.30935251798561153 0.7930568079350766 0.3205435651478817 0.7930568079350766 0.32773780975219824
0 0.8552750225428314 0.5051958433253397 0.8692515779981966 0.5147881694644285 0.872858431018936 0.513189448441247 0.8751127141568981 0.5075939248601119 0.8778178539224527 0.4908073541167067 0.8751127141568981 0.4668265387689848 0.8692515779981966 0.4588329336530776 0.8624887285843102 0.4572342126298961 0.8593327321911632 0.46203037569944044 0.8530207394048693 0.4908073541167067 0.8530207394048693 0.5011990407673861 0.8552750225428314 0.5051958433253397
0 0.3083859332732191 0.5787370103916867 0.32416591523895405 0.5931254996003198 0.3313796212804328 0.5899280575539568 0.33498647430117223 0.5771382893685052 0.33498647430117223 0.5683453237410072 0.3327321911632101 0.5635491606714629 0.3174030658250676 0.5499600319744204 0.31424706943192066 0.5499600319744204 0.30703336339044185 0.5651478816946442 0.30613165013525695 0.5739408473221423 0.3083859332732191 0.5787370103916867
0 0.22678088367899008 0.13269384492406078 0.24752028854824168 0.15507593924860114 0.2520288548241659 0.1542765787370104 0.2556357078449053 0.1486810551558753 0.26194770063119927 0.1310951239008793 0.2633002705139766 0.12230215827338131 0.2623985572587917 0.11590727418065548 0.2551848512173129 0.10311750599520383 0.2412082957619477 0.09192645883293366 0.2344454463480613 0.09512390087929656 0.23038773669972948 0.1015187849720224 0.2254283137962128 0.12230215827338131 0.2249774571686204 0.12869704236610713 0.22678088367899008 0.13269384492406078
0 0.33543733092876465 0.9992006394884093 0.366546438232642 0.9992006394884093 0.3674481514878269 0.9968025579536371 0.3669972948602344 0.9800159872102319 0.35978358881875566 0.9728217426059154 0.34580703336339047 0.9664268585131894 0.34039675383228135 0.9776179056754596 0.33904418394950403 0.9920063948840928 0.33543733092876465 0.9992006394884093
0 0.636609558160505 0.37809752198241414 0.6474301172227231 0.3836930455635492 0.6514878268710551 0.3764988009592326 0.6519386834986475 0.3613109512390088 0.6505861136158702 0.35651478816946447 0.6474301172227231 0.35331734612310156 0.633453561767358 0.3429256594724221 0.6289449954914338 0.3581135091926459 0.6289449954914338 0.37010391686650684 0.636609558160505 0.37809752198241414
0 0.03606853020739405 0.6051159072741806 0.04328223624887286 0.6075139888089529 0.05139765554553652 0.5931254996003198 0.06086564472497746 0.5611510791366906 0.05725879170423805 0.5467625899280576 0.05365193868349865 0.5403677058353318 0.05004508566275924 0.5395683453237411 0.045987376014427414 0.5443645083932854 0.04508566275924256 0.5523581135091926 0.03606853020739405 0.5811350919264588 0.03291253381424707 0.5971223021582733 0.03606853020739405 0.6051159072741806
0 0.27592425608656446 0.5579536370903277 0.28539224526600543 0.5635491606714629 0.2903516681695221 0.5579536370903277 0.29080252479711455 0.5507593924860112 0.28809738503155996 0.5451638689048761 0.2727682596934175 0.5299760191846523 0.2687105500450857 0.5291766586730615 0.2651036970243463 0.5387689848121503 0.2651036970243463 0.5459632294164669 0.27592425608656446 0.5579536370903277
0 0.25653742110009015 0.018385291766586733 0.2583408476104599 0.023181454836131096 0.26194770063119927 0.02557953637090328 0.2867448151487827 0.026378896882494004 0.2939585211902615 0.01598721023181455 0.2921550946798918 0.009592326139088728 0.28809738503155996 0.00639488409272582 0.25743913435527505 0.007993605115907274 0.2560865644724978 0.011990407673860913 0.25653742110009015 0.018385291766586733
0 0.4824165915238954 0.627498001598721 0.4828674481514878 0.636290967226219 0.4882777276825969 0.6434852118305356 0.49008115419296666 0.6506794564348523 0.4981965734896303 0.657074340527578 0.5013525698827773 0.657074340527578 0.5049594229035167 0.6506794564348523 0.5099188458070334 0.6338928856914469 0.5126239855725879 0.6211031175059952 0.5121731289449956 0.6139088729016786 0.5049594229035167 0.6027178257394085 0.4945897204688909 0.595523581135092 0.49008115419296666 0.6003197442046363 0.48647430117222723 0.6099120703437251 0.4855725879170424 0.6187050359712231 0.4824165915238954 0.627498001598721
0 0.5536519386834987 0.4588329336530776 0.5748422001803427 0.4708233413269384 0.5779981965734896 0.4676258992805756 0.5816050495942291 0.45483613109512394 0.5825067628494138 0.44364508393285373 0.5798016230838593 0.43325339728217427 0.5761947700631199 0.4276578737010392 0.566726780883679 0.42046362909672264 0.5595130748422003 0.4188649080735412 0.5554553651938684 0.43085531574740216 0.5527502254283138 0.44684252597921664 0.5522993688007214 0.4556354916067146 0.5536519386834987 0.4588329336530776
0 0.4495040577096483 0.19344524380495606 0.4634806131650135 0.21103117505995203 0.4675383228133454 0.2094324540367706 0.4715960324616772 0.2030375699440448 0.4743011722272317 0.19344524380495606 0.4765554553651939 0.1750599520383693 0.47475202885482415 0.16866506794564348 0.4715960324616772 0.16466826538768983 0.4558160504959423 0.1542765787370104 0.4508566275924256 0.16466826538768983 0.4477006311992786 0.1774580335731415 0.4472497745716862 0.18545163868904876 0.4495040577096483 0.19344524380495606
0 0.7195671776375113 0.7418065547561951 0.7339945897204688 0.7474020783373301 0.7376014427412083 0.7442046362909672 0.7380522993688007 0.7338129496402878 0.7353471596032463 0.7282174260591526 0.7204688908926962 0.7210231814548362 0.7177637511271415 0.7266187050359713 0.7173128944995492 0.7346123101518786 0.7195671776375113 0.7418065547561951
0 0.20153291253381425 0.11510791366906475 0.21325518485121733 0.12709832134292565 0.21776375112714155 0.12470023980815349 0.22091974752028853 0.11910471622701839 0.23083859332732193 0.08872901678657075 0.2285843101893598 0.08313349320543566 0.22452660054102797 0.07993605115907274 0.21370604147880973 0.07913669064748202 0.21370604147880973 0.07434052757793765 0.21009918845807032 0.06794564348521183 0.20423805229936878 0.07114308553157474 0.19927862939585214 0.08792965627498003 0.19702434625788998 0.10231814548361312 0.20153291253381425 0.11510791366906475
0 0.7763751127141569 0.8377298161470824 0.7804328223624887 0.8385291766586731 0.7822362488728585 0.8361310951239008 0.7840396753832282 0.8161470823341327 0.7831379621280433 0.809752198241407 0.7781785392245266 0.7969624300559552 0.7723174030658251 0.7937649880095924 0.7673579801623084 0.7953637090327739 0.7628494138863842 0.8025579536370904 0.7610459873760144 0.8105515587529977 0.7614968440036068 0.8265387689848122 0.7763751127141569 0.8377298161470824
0 0.3295761947700631 0.592326139088729 0.33814247069431924 0.6051159072741806 0.3417493237150586 0.60431654676259 0.3507664562669071 0.5915267785771383 0.3530207394048692 0.5851318944844125 0.35437330928764654 0.5723421262989609 0.35121731289449953 0.5651478816946442 0.34490532010820557 0.5595523581135092 0.33814247069431924 0.5595523581135092 0.33588818755635713 0.5651478816946442 0.3340847610459874 0.5787370103916867 0.3295761947700631 0.592326139088729
0 0.9310189359783588 0.8760991207034373 0.9526600541027953 0.8904876099120704 0.9567177637511272 0.8912869704236611 0.9598737601442742 0.8848920863309353 0.958521190261497 0.8760991207034373 0.9540126239855725 0.871302957633893 0.9337240757439135 0.8577138289368506 0.9296663660955816 0.8585131894484412 0.9283137962128044 0.862509992006395 0.9283137962128044 0.8729016786570745 0.9310189359783588 0.8760991207034373
0 0.27592425608656446 0.9624300559552359 0.2989179440937782 0.9752198241406874 0.3034265103697024 0.9680255795363709 0.3043282236248873 0.9584332533972821 0.29981965734896304 0.9416466826538769 0.28088367899008115 0.9312549960031975 0.2750225428313796 0.929656274980016 0.2727682596934175 0.9320543565147882 0.27141568981064024 0.9512390087929657 0.27592425608656446 0.9624300559552359
0 0.5518485121731289 0.7937649880095924 0.5568079350766456 0.7929656274980017 0.560414788097385 0.7833733013589129 0.5599639314697926 0.7761790567545964 0.5572587917042381 0.7705835331734613 0.5437330928764653 0.7585931254996003 0.5333633904418394 0.756994404476419 0.5306582506762849 0.765787370103917 0.5306582506762849 0.7793764988009593 0.5518485121731289 0.7937649880095924
0 0.9224526600541028 0.7889688249400479 0.9256086564472498 0.7889688249400479 0.9274120829576196 0.7857713828936851 0.9296663660955816 0.7753796962430056 0.9292155094679891 0.7641886490807354 0.9220018034265104 0.748201438848921 0.9111812443642923 0.7434052757793765 0.9075743913435527 0.7458033573141487 0.9062218214607755 0.7641886490807354 0.9039675383228134 0.7689848121502798 0.9039675383228134 0.78017585931255 0.9224526600541028 0.7889688249400479
0 0.5798016230838593 0.7993605115907274 0.5928764652840397 0.806554756195044 0.6055004508566276 0.8225419664268585 0.6149684400360685 0.8225419664268585 0.6199278629395851 0.8105515587529977 0.6217312894499549 0.7929656274980017 0.6194770063119928 0.78017585931255 0.6127141568981065 0.78017585931255 0.5924256086564473 0.7665867306155076 0.5870153291253382 0.765787370103917 0.584761045987376 0.7689848121502798 0.5811541929666366 0.7817745803357314 0.5784490532010821 0.7937649880095924 0.5798016230838593 0.7993605115907274
0 0.6289449954914338 0.8265387689848122 0.6429215509467989 0.8345323741007195 0.6460775473399459 0.8337330135891287 0.6483318304779081 0.8297362110311751 0.6492335437330929 0.818545163868905 0.6474301172227231 0.809752198241407 0.6388638412984671 0.8025579536370904 0.6262398557258791 0.797761790567546 0.6226330027051398 0.800959232613909 0.6208295761947701 0.8105515587529977 0.6208295761947701 0.8193445243804957 0.6289449954914338 0.8265387689848122
0 0.1018935978358882 0.7809752198241406 0.10595130748422002 0.78017585931255 0.10955816050495942 0.7745803357314149 0.11361587015329126 0.7649880095923263 0.11496844003606854 0.756994404476419 0.11361587015329126 0.7450039968025579 0.10234445446348062 0.7306155075939249 0.0951307484220018 0.7330135891286971 0.08881875563570783 0.7545963229416467 0.08926961226330027 0.7633892885691447 0.1018935978358882 0.7809752198241406
0 0.2344454463480613 0.47242206235011996 0.24752028854824168 0.4836131095123901 0.2520288548241659 0.48121502797761795 0.25293056807935077 0.4684252597921663 0.2515779981965735 0.46203037569944044 0.24887285843101895 0.45803357314148685 0.23128944995491435 0.44684252597921664 0.22813345356176737 0.44924060751398887 0.2285843101893598 0.46203037569944044 0.2344454463480613 0.47242206235011996
0 0.48782687105500455 0.4180655475619504 0.4914337240757439 0.42366107114308554 0.49864743011722273 0.4276578737010392 0.5049594229035167 0.4172661870503597 0.5126239855725879 0.3908872901678657 0.5130748422001803 0.3756994404476419 0.5085662759242561 0.3669064748201439 0.5022542831379622 0.3629096722621903 0.4981965734896303 0.35651478816946447 0.4945897204688909 0.35651478816946447 0.49098286744815145 0.3645083932853717 0.4860234445446348 0.3892885691446843 0.481965734896303 0.3996802557953637 0.4824165915238954 0.407673860911271 0.48782687105500455 0.4180655475619504
0 0.05275022542831379 0.6810551558752997 0.07799819657348962 0.7026378896882494 0.08431018935978359 0.6986410871302958 0.087917042380523 0.6882494004796164 0.08611361587015329 0.6778577138289369 0.07078449053201082 0.6674660271782575 0.06176735798016231 0.657074340527578 0.05725879170423805 0.6594724220623502 0.05184851217312895 0.6714628297362111 0.05139765554553652 0.6786570743405277 0.05275022542831379 0.6810551558752997
0 0.0825067628494139 0.2414068745003997 0.11000901713255186 0.26618705035971224 0.11361587015329126 0.26618705035971224 0.11632100991884581 0.26298960831334933 0.11947700631199279 0.2501998401278977 0.11767357980162309 0.23661071143085532 0.1127141568981064 0.22621902478017586 0.09242560865644725 0.20543565147881696 0.08746618575293057 0.2070343725019984 0.08070333633904418 0.2294164668265388 0.08025247971145176 0.23741007194244604 0.0825067628494139 0.2414068745003997
0 0.4945897204688909 0.21183053557154277 0.4927862939585212 0.20623501199040767 0.48872858431018934 0.20463629096722624 0.49008115419296666 0.2094324540367706 0.4945897204688909 0.21183053557154277
0 0.4715960324616772 0.21822541966426862 0.48872858431018934 0.2358113509192646 0.4954914337240758 0.23421262989608316 0.49639314697926057 0.22541966426858515 0.49323715058611367 0.21982414068745004 0.48512173128945 0.21422861710631497 0.4810640216411181 0.20623501199040767 0.48737601442741213 0.2030375699440448 0.48467087466185754 0.19904076738609114 0.48467087466185754 0.19584332533972823 0.4806131650135257 0.2006394884092726 0.47385031559963936 0.2014388489208633 0.4715960324616772 0.2070343725019984 0.47024346257889993 0.21183053557154277 0.4715960324616772 0.21822541966426862
0 0.12759242560865644 0.4420463629096723 0.1478809738503156 0.45643485211830537 0.15419296663660956 0.46442845723421267 0.1587015329125338 0.4596322941646683 0.1672678088367899 0.4348521183053557 0.16591523895401264 0.4268585131894485 0.1460775473399459 0.40687450039968026 0.13345356176735798 0.3908872901678657 0.1289449954914337 0.3932853717026379 0.11902614968440037 0.4180655475619504 0.11902614968440037 0.4292565947242206 0.12759242560865644 0.4420463629096723
0 0.10504959422903516 0.6490807354116707 0.13345356176735798 0.6754596322941646 0.13796212804328223 0.6762589928057555 0.1424706943192065 0.6714628297362111 0.14517583408476106 0.6650679456434853 0.14517583408476106 0.6498800959232613 0.14292155094679893 0.6434852118305356 0.11632100991884581 0.6163069544364509 0.11181244364292155 0.6163069544364509 0.10550045085662758 0.6306954436450839 0.10414788097385032 0.6378896882494005 0.1036970243462579 0.6466826538768985 0.10504959422903516 0.6490807354116707
0 0.43913435527502254 0.36930455635491605 0.45626690712353474 0.3876898481215028 0.45987376014427417 0.3876898481215028 0.4634806131650135 0.381294964028777 0.4657348963029757 0.37250199840127896 0.4657348963029757 0.3645083932853717 0.46393146979260597 0.3581135091926459 0.4463480613165014 0.3429256594724221 0.44138863841298465 0.34372501998401284 0.436429215509468 0.354916067146283 0.4359783588818755 0.3605115907274181 0.43913435527502254 0.36930455635491605
0 0.4355275022542831 0.7226219024780176 0.4495040577096483 0.7250199840127898 0.45356176735798015 0.7138289368505196 0.45446348061316505 0.7026378896882494 0.4508566275924256 0.689048760991207 0.4386834986474301 0.6778577138289369 0.433273219116321 0.6778577138289369 0.4278629395852119 0.6962430055955237 0.4278629395852119 0.709832134292566 0.4355275022542831 0.7226219024780176
0 0.1587015329125338 0.4828137490007994 0.16140667267808836 0.486810551558753 0.17177637511271418 0.486810551558753 0.175834084761046 0.48121502797761795 0.18845807033363393 0.43884892086330934 0.18214607754733994 0.42206235011990406 0.17493237150586113 0.4156674660271783 0.1704238052299369 0.42206235011990406 0.16275924256086563 0.44924060751398887 0.1564472497745717 0.4636290967226219 0.15599639314697925 0.47641886490807356 0.1587015329125338 0.4828137490007994
0 0 0.30295763389288566 0.004959422903516681 0.3053557154276579 0.011722272317403066 0.2901678657074341 0.015329125338142471 0.27737809752198245 0.017132551848512173 0.2685851318944844 0.017132551848512173 0.2589928057553957 0.009467989179440937 0.2478017585931255 0.0018034265103697026 0.24300559552358114 0 0.24300559552358114 0 0.30295763389288566
0 0.9445446348061317 0.20463629096722624 0.9495040577096483 0.2038369304556355 0.9526600541027953 0.19904076738609114 0.9531109107303878 0.19024780175859313 0.9504057709648331 0.18225419664268586 0.9292155094679891 0.16786570743405277 0.9238052299368801 0.16786570743405277 0.9211000901713255 0.17106314948041568 0.9211000901713255 0.1894484412470024 0.9445446348061317 0.20463629096722624
0 0.9693417493237151 0.9016786570743406 0.978809738503156 0.906474820143885 0.9842200180342651 0.920863309352518 0.9873760144274121 0.9248601119104717 0.9995491433724076 0.9272581934452439 0.9995491433724076 0.8816946442845724 0.9815148782687105 0.8689048760991207 0.9738503155996393 0.86810551558753 0.9697926059513075 0.8745003996802558 0.9679891794409378 0.8848920863309353 0.967087466185753 0.894484412470024 0.9693417493237151 0.9016786570743406
0 0.25743913435527505 0.04876099120703437 0.26465284039675385 0.050359712230215826 0.26916140667267807 0.045563549160671464 0.2696122633002705 0.03597122302158274 0.2678088367899008 0.0319744204636291 0.2587917042380523 0.029576338928856916 0.2556357078449053 0.03357314148681055 0.2556357078449053 0.04396482813749002 0.25743913435527505 0.04876099120703437
0 0.694770063119928 0.5123900879296562 0.7119026149684401 0.5227817745803358 0.7155094679891795 0.521982414068745 0.7173128944995492 0.5163868904876099 0.7177637511271415 0.5107913669064749 0.715960324616772 0.5059952038369305 0.706492335437331 0.49800159872102323 0.700180342651037 0.4940047961630696 0.6956717763751128 0.4940047961630696 0.6920649233543733 0.49720223820943243 0.6916140667267809 0.5067945643485212 0.694770063119928 0.5123900879296562
0 0.5004508566275925 0.6922462030375699 0.503155996393147 0.6970423661071143 0.5103697024346258 0.7026378896882494 0.5207394048692516 0.7034372501998403 0.5261496844003607 0.6754596322941646 0.524346257889991 0.6690647482014389 0.5193868349864743 0.6618705035971224 0.5117222723174031 0.6602717825739409 0.5085662759242561 0.6618705035971224 0.5045085662759243 0.6714628297362111 0.5027051397655545 0.6866506794564349 0.5004508566275925 0.6922462030375699
0 0.3985572587917043 0.16227018385291767 0.40622182146077546 0.1750599520383693 0.42110009017132555 0.18545163868904876 0.42560865644724977 0.18145483613109514 0.42651036970243467 0.17346123101518784 0.4238052299368801 0.16706634692246206 0.4075743913435528 0.1510791366906475 0.39720468890892696 0.1366906474820144 0.39404869251577995 0.13589128697042366 0.38954012623985573 0.14468425259792167 0.38863841298467083 0.1542765787370104 0.3985572587917043 0.16227018385291767
0 0.9774571686203787 0.4772182254196643 0.9837691614066727 0.48121502797761795 0.9896302975653742 0.48121502797761795 0.9954914337240758 0.47322142286171065 0.9972948602344455 0.4556354916067146 0.9954914337240758 0.45003996802557955 0.9900811541929667 0.4452438049560352 0.9797114517583408 0.4404476418864908 0.9774571686203787 0.4420463629096723 0.9761045987376015 0.45643485211830537 0.9738503155996393 0.46282973621103124 0.9733994589720468 0.4708233413269384 0.9774571686203787 0.4772182254196643
0 0.9661857529305681 0.9456434852118306 0.9819657348963029 0.9536370903277379 0.9909828674481516 0.9632294164668266 0.9945897204688909 0.9632294164668266 0.9995491433724076 0.9584332533972821 0.9995491433724076 0.9432454036770584 0.9954914337240758 0.9400479616306955 0.9819657348963029 0.9304556354916067 0.9743011722272317 0.9328537170263789 0.9634806131650135 0.9312549960031975 0.9630297565374212 0.938449240607514 0.9661857529305681 0.9456434852118306
0 0.08476104598737601 0.7194244604316546 0.0951307484220018 0.7274180655475619 0.09873760144274121 0.7274180655475619 0.10640216411181244 0.7170263788968825 0.10955816050495942 0.7026378896882494 0.10234445446348062 0.6938449240607514 0.09197475202885483 0.689048760991207 0.08340847610459873 0.7090327737809753 0.08295761947700632 0.7162270183852918 0.08476104598737601 0.7194244604316546
0 0.7493237150586113 0.709832134292566 0.7556357078449053 0.7114308553157473 0.7596934174932372 0.7034372501998403 0.7601442741208296 0.6986410871302958 0.7578899909828674 0.6906474820143885 0.7475202885482417 0.6850519584332534 0.742560865644725 0.6850519584332534 0.739404869251578 0.6898481215027978 0.7385031559963932 0.6994404476418865 0.7493237150586113 0.709832134292566
0 0.5572587917042381 0.695443645083933 0.5649233543733093 0.7026378896882494 0.5779981965734896 0.709832134292566 0.5816050495942291 0.704236610711431 0.5897204688908927 0.6674660271782575 0.5852119026149685 0.6514788169464429 0.5807033363390443 0.6434852118305356 0.5748422001803427 0.6394884092725819 0.5640216411181245 0.6378896882494005 0.560414788097385 0.6442845723421263 0.5599639314697926 0.6562749800159873 0.5563570784490532 0.6738609112709832 0.5559062218214608 0.6922462030375699 0.5572587917042381 0.695443645083933
0 0.5676284941388638 0.3445243804956035 0.569882777276826 0.3501199040767386 0.5811541929666366 0.35651478816946447 0.5924256086564473 0.3669064748201439 0.5991884580703336 0.3661071143085532 0.6023444544634806 0.34532374100719426 0.6023444544634806 0.3397282174260592 0.5996393146979261 0.3341326938449241 0.5770964833183048 0.31574740207833735 0.5739404869251578 0.3149480415667466 0.5703336339044184 0.3205435651478817 0.5671776375112715 0.33812949640287776 0.5676284941388638 0.3445243804956035
0 0.7096483318304779 0.9808153477218226 0.7141568981064021 0.9768185451638689 0.7182146077547341 0.9568345323741008 0.7177637511271415 0.9456434852118306 0.7141568981064021 0.9376498800959233 0.7078449053201082 0.9312549960031975 0.6893597835888188 0.9224620303756994 0.6848512173128946 0.9240607513988809 0.6807935076645627 0.929656274980016 0.6776375112714157 0.9448441247002399 0.6776375112714157 0.959232613908873 0.7096483318304779 0.9808153477218226
0 0.8552750225428314 0.18545163868904876 0.8521190261496844 0.18465227817745802 0.8521190261496844 0.19024780175859313 0.8552750225428314 0.18545163868904876
0 0.8358881875563571 0.16067146282973624 0.8521190261496844 0.17825739408473223 0.8575293056807936 0.1806554756195044 0.8575293056807936 0.18784972022382096 0.8624887285843102 0.19264588329336532 0.8638412984670875 0.18705035971223025 0.8615870153291254 0.1830535571542766 0.8656447249774571 0.1806554756195044 0.8683498647430118 0.17106314948041568 0.8669972948602345 0.16067146282973624 0.8494138863841298 0.1486810551558753 0.8467087466185753 0.14388489208633096 0.8426510369702435 0.14308553157474022 0.8376916140667268 0.1374900079936051 0.8349864743011722 0.14468425259792167 0.8358881875563571 0.16067146282973624
0 0.7515779981965736 0.6203037569944045 0.7578899909828674 0.6266986410871304 0.7678088367899009 0.6306954436450839 0.7714156898106402 0.6290967226219025 0.7741208295761948 0.6219024780175859 0.7750225428313796 0.6019184652278178 0.7691614066726781 0.5947242206235012 0.7610459873760144 0.5907274180655476 0.75834084761046 0.5907274180655476 0.7551848512173129 0.5963229416466826 0.7515779981965736 0.6115107913669064 0.7515779981965736 0.6203037569944045
0 0.6190261496844004 0.8864908073541167 0.6384129846708747 0.8992805755395684 0.6451758340847611 0.8984812150279777 0.6478809738503156 0.8936850519584333 0.6505861136158702 0.8800959232613909 0.6505861136158702 0.86810551558753 0.6456266907123535 0.8545163868904877 0.630297565374211 0.8401278976818546 0.6262398557258791 0.8401278976818546 0.6226330027051398 0.844924060751399 0.6158701532912535 0.8705035971223022 0.6149684400360685 0.8800959232613909 0.6190261496844004 0.8864908073541167
0 0.19657348963029758 0.525179856115108 0.19972948602344456 0.5291766586730615 0.20333633904418397 0.5299760191846523 0.2060414788097385 0.5259792166266987 0.20829576194770064 0.5123900879296562 0.2254283137962128 0.46282973621103124 0.2285843101893598 0.45003996802557955 0.22768259693417492 0.44604316546762596 0.2236248872858431 0.4420463629096723 0.2168620378719567 0.4404476418864908 0.1956717763751127 0.5003996802557954 0.19251577998196576 0.5147881694644285 0.19657348963029758 0.525179856115108
0 0.22633002705139765 0.9640287769784173 0.23760144274120829 0.9720223820943246 0.2479711451758341 0.9744204636290967 0.2515779981965735 0.9712230215827339 0.2533814247069432 0.9656274980015987 0.2587917042380523 0.9424460431654678 0.25924256086564473 0.9312549960031975 0.25428313796212804 0.9216626698641087 0.2479711451758341 0.915267785771383 0.2339945897204689 0.9096722621902479 0.23083859332732193 0.9112709832134293 0.2236248872858431 0.9320543565147882 0.2218214607754734 0.9440447641886491 0.2218214607754734 0.9560351718625101 0.22633002705139765 0.9640287769784173
0 0.9869251577998197 0.7785771382893686 0.9995491433724076 0.7833733013589129 0.9995491433724076 0.7521982414068745 0.9909828674481516 0.7505995203836932 0.9860234445446348 0.7617905675459633 0.9851217312894499 0.7737809752198243 0.9869251577998197 0.7785771382893686
0 0.715960324616772 0.7689848121502798 0.7272317403065826 0.7753796962430056 0.7312894499549144 0.7753796962430056 0.733092876465284 0.7729816147082335 0.7339945897204688 0.7649880095923263 0.7294860234445446 0.756994404476419 0.7191163210099188 0.7498001598721024 0.7164111812443643 0.7498001598721024 0.7137060414788097 0.7545963229416467 0.7132551848512173 0.7641886490807354 0.715960324616772 0.7689848121502798
0 0.2921550946798918 0.8792965627498002 0.2993688007213706 0.8872901678657075 0.30613165013525695 0.8848920863309353 0.31109107303877365 0.8729016786570745 0.3146979260595131 0.844924060751399 0.30883678990081154 0.8377298161470824 0.29981965734896304 0.8337330135891287 0.2957619477006312 0.8361310951239008 0.29305680793507666 0.8497202238209433 0.2912533814247069 0.8657074340527579 0.2921550946798918 0.8792965627498002