0 0.9463480613165013 0.1135091926458833 0.9616771866546439 0.11270983213429257 0.9634806131650135 0.1111111111111111 0.9643823264201984 0.10551558752997602 0.9625788999098286 0.1015187849720224 0.9445446348061317 0.10311750599520383 0.9440937781785392 0.10951239008792966 0.9463480613165013 0.1135091926458833
0 0.805229936880072 0.1918465227817746 0.8372407574391344 0.1894484412470024 0.8494138863841298 0.1838529176658673 0.8494138863841298 0.17346123101518784 0.8471596032461677 0.16626698641087131 0.8435527502254283 0.1630695443645084 0.8065825067628495 0.16706634692246206 0.8011722272317404 0.17346123101518784 0.8020739404869252 0.18705035971223025 0.805229936880072 0.1918465227817746
0 0.05545536519386835 0.24380495603517185 0.062218214607754736 0.2901678657074341 0.06853020739404869 0.29096722621902477 0.08611361587015329 0.2829736211031175 0.08836789900811542 0.27577937649880097 0.08205590622182146 0.22621902478017586 0.07844905320108204 0.21183053557154277 0.0739404869251578 0.17905675459632295 0.07078449053201082 0.17585931254996007 0.06627592425608657 0.17585931254996007 0.045987376014427414 0.18705035971223025 0.045987376014427414 0.19664268585131894 0.05545536519386835 0.24380495603517185
0 0.8291253381424708 0.5227817745803358 0.8385933273219116 0.5227817745803358 0.8403967538322813 0.5155875299760192 0.8390441839495041 0.5107913669064749 0.8300270513976555 0.5067945643485212 0.8268710550045085 0.5067945643485212 0.824165915238954 0.5107913669064749 0.824165915238954 0.5195843325339728 0.8291253381424708 0.5227817745803358
0 0.8976555455365194 0.12629896083133493 0.9075743913435527 0.13269384492406078 0.9125338142470695 0.13269384492406078 0.9138863841298467 0.13029576338928858 0.9129846708746618 0.12310151878497202 0.9012623985572588 0.11191047162270185 0.897204688908927 0.11191047162270185 0.8949504057709649 0.1167066346922462 0.89404869251578 0.12310151878497202 0.8976555455365194 0.12629896083133493
0 0.8394950405770965 0.31414868105515587 0.8485121731289451 0.31574740207833735 0.8638412984670875 0.3077537969624301 0.866546438232642 0.30295763389288566 0.866546438232642 0.2965627498001599 0.8624887285843102 0.2869704236610712 0.8584310189359784 0.2853717026378897 0.8485121731289451 0.29416466826538773 0.8422001803426511 0.2949640287769784 0.8385933273219116 0.3045563549160672 0.8381424706943192 0.31095123900879296 0.8394950405770965 0.31414868105515587
0 0.2168620378719567 0.3229416466826539 0.23985572587917042 0.31734612310151883 0.24616771866546439 0.3133493205435652 0.24661857529305684 0.30295763389288566 0.24436429215509467 0.27577937649880097 0.2412082957619477 0.2685851318944844 0.21415689810640218 0.2789768185451639 0.215058611361587 0.31015187849720227 0.2168620378719567 0.3229416466826539
0 0.18394950405770966 0.30055955235811355 0.18530207394048692 0.3229416466826539 0.18755635707844906 0.3309352517985612 0.1920649233543733 0.33253397282174263 0.215058611361587 0.3237410071942446 0.21325518485121733 0.2821742605915268 0.21190261496844004 0.2797761790567546 0.18530207394048692 0.2877697841726619 0.18394950405770966 0.2901678657074341 0.18394950405770966 0.30055955235811355
0 0.9359783588818756 0.07593924860111911 0.9526600541027953 0.08473221422861711 0.9580703336339044 0.08473221422861711 0.9589720468890893 0.08233413269384492 0.9589720468890893 0.07753796962430057 0.9571686203787195 0.07434052757793765 0.9391343552750226 0.06474820143884892 0.9341749323715058 0.06634692246203039 0.9337240757439135 0.07114308553157474 0.9359783588818756 0.07593924860111911
0 0.8174030658250677 0.9144684252597922 0.836789900811542 0.9432454036770584 0.8403967538322813 0.9464428457234213 0.8431018935978359 0.9456434852118306 0.8498647430117223 0.9328537170263789 0.8525698827772769 0.9240607513988809 0.8525698827772769 0.9144684252597922 0.8458070333633905 0.9040767386091128 0.8453561767357981 0.8872901678657075 0.8422001803426511 0.8824940047961631 0.8372407574391344 0.8816946442845724 0.8322813345356176 0.8912869704236611 0.8259693417493238 0.885691446842526 0.8228133453561768 0.8864908073541167 0.8205590622182147 0.8912869704236611 0.8174030658250677 0.9040767386091128 0.8174030658250677 0.9144684252597922
0 0.967087466185753 0.800959232613909 0.9688908926961226 0.8057553956834532 0.9684400360685302 0.8257394084732215 0.9761045987376015 0.8345323741007195 0.9806131650135257 0.832933653077538 0.9905320108205591 0.8057553956834532 0.9896302975653742 0.7993605115907274 0.978809738503156 0.7849720223820944 0.967087466185753 0.7761790567545964 0.9598737601442742 0.7721822541966427 0.9589720468890893 0.7737809752198243 0.9598737601442742 0.7929656274980017 0.967087466185753 0.800959232613909
0 0.8282236248872858 0.5067945643485212 0.836789900811542 0.5099920063948842 0.8422001803426511 0.5067945643485212 0.8426510369702435 0.5011990407673861 0.8412984670874663 0.49720223820943243 0.8277727682596934 0.49640287769784175 0.8264201983769162 0.5035971223021583 0.8282236248872858 0.5067945643485212
0 0.636609558160505 0.5883293365307755 0.6609558160504959 0.6163069544364509 0.6650135256988278 0.6123101518784972 0.6704238052299368 0.5891286970423661 0.6708746618575293 0.5763389288569145 0.6677186654643824 0.5691446842525979 0.6582506762849414 0.5579536370903277 0.6474301172227231 0.5491606714628298 0.6420198376916141 0.5571542765787371 0.6352569882777277 0.5771382893685052 0.6348061316501352 0.5811350919264588 0.636609558160505 0.5883293365307755
0 0.9616771866546439 0.08952837729816147 0.9765554553651938 0.09512390087929656 0.9783588818755636 0.09192645883293366 0.9774571686203787 0.08713029576338929 0.9724977457168621 0.08073541167066348 0.9657348963029756 0.07753796962430057 0.9598737601442742 0.07753796962430057 0.9589720468890893 0.07993605115907274 0.958521190261497 0.08473221422861711 0.9616771866546439 0.08952837729816147
0 0.8453561767357981 0.9720223820943246 0.8656447249774571 0.991207034372502 0.8701532912533815 0.9848121502797762 0.8769161406672679 0.9672262190247802 0.8751127141568981 0.9528377298161471 0.8575293056807936 0.9328537170263789 0.8552750225428314 0.9328537170263789 0.8507664562669072 0.938449240607514 0.8444544634806133 0.9568345323741008 0.8440036068530207 0.9680255795363709 0.8453561767357981 0.9720223820943246
0 0.8169522091974751 0.49640287769784175 0.8246167718665464 0.49880095923261397 0.8277727682596934 0.48920863309352525 0.8300270513976555 0.4748201438848921 0.8300270513976555 0.4684252597921663 0.8282236248872858 0.4636290967226219 0.8210099188458071 0.45643485211830537 0.8115419296663661 0.45163868904876103 0.8070333633904418 0.45163868904876103 0.8034265103697025 0.45803357314148685 0.8025247971145176 0.4836131095123901 0.8169522091974751 0.49640287769784175
0 0.9765554553651938 0.7322142286171064 0.9873760144274121 0.7442046362909672 0.9914337240757439 0.7450039968025579 0.9959422903516681 0.7378097521982414 0.9954914337240758 0.7282174260591526 0.9846708746618575 0.7162270183852918 0.9792605951307485 0.7162270183852918 0.9752028854824166 0.7242206235011991 0.9747520288548243 0.7282174260591526 0.9765554553651938 0.7322142286171064
0 0.872858431018936 0.3237410071942446 0.8787195671776376 0.3309352517985612 0.8841298467087467 0.32773780975219824 0.888638412984671 0.31894484412470026 0.8877366997294861 0.31015187849720227 0.8841298467087467 0.30295763389288566 0.8800721370604149 0.2997601918465228 0.8755635707844905 0.302158273381295 0.8706041478809738 0.31015187849720227 0.8701532912533815 0.3133493205435652 0.872858431018936 0.3237410071942446
0 0.796663660955816 0.33013589128697046 0.8002705139765555 0.3309352517985612 0.8034265103697025 0.3261390887290168 0.8056807935076646 0.31574740207833735 0.8174030658250677 0.28457234212629895 0.8178539224526601 0.27577937649880097 0.806131650135257 0.2613908872901679 0.7957619477006312 0.2533972821742606 0.7917042380522994 0.2533972821742606 0.7889990982867447 0.2597921662669864 0.7858431018935979 0.2853717026378897 0.7790802524797115 0.3069544364508393 0.7795311091073039 0.3133493205435652 0.796663660955816 0.33013589128697046
0 0.7651036970243462 0.5395683453237411 0.7709648331830479 0.5419664268585133 0.7844905320108205 0.5403677058353318 0.7862939585211903 0.533972821742606 0.7862939585211903 0.513189448441247 0.7826871055004508 0.5035971223021583 0.7651036970243462 0.5011990407673861 0.7619477006311993 0.5059952038369305 0.7619477006311993 0.5275779376498801 0.7651036970243462 0.5395683453237411
0 0.7344454463480614 0.6698641087130296 0.7380522993688007 0.6874500399680257 0.7448151487826871 0.6906474820143885 0.7799819657348963 0.7250199840127898 0.7844905320108205 0.7242206235011991 0.7899008115419297 0.7170263788968825 0.7921550946798918 0.7058353317346123 0.7858431018935979 0.689048760991207 0.7488728584310189 0.6530775379696243 0.7412082957619477 0.642685851318945 0.7371505861136158 0.6402877697841727 0.7353471596032463 0.6434852118305356 0.7339945897204688 0.6538768984812151 0.7344454463480614 0.6698641087130296
0 0.6965734896302976 0.49720223820943243 0.6974752028854824 0.5011990407673861 0.7069431920649234 0.5099920063948842 0.7137060414788097 0.5195843325339728 0.7204688908926962 0.5227817745803358 0.7240757439134355 0.5163868904876099 0.7294860234445446 0.4908073541167067 0.7100991884580703 0.47002398081534774 0.7028854824165914 0.4660271782573941 0.6997294860234445 0.47322142286171065 0.700180342651037 0.4836131095123901 0.6965734896302976 0.49720223820943243
0 0.3002705139765554 0.09512390087929656 0.2984670874661858 0.1015187849720224 0.3002705139765554 0.12310151878497202 0.3034265103697024 0.13589128697042366 0.30883678990081154 0.1366906474820144 0.3841298467087466 0.10711430855315748 0.3985572587917043 0.10551558752997602 0.4075743913435528 0.11031175059952039 0.4278629395852119 0.10231814548361312 0.4431920649233544 0.09432454036770584 0.45626690712353474 0.07593924860111911 0.5256988277727683 0.04396482813749002 0.5532010820559062 0.032773780975219824 0.5649233543733093 0.030375699440447643 0.5743913435527502 0.023181454836131096 0.5766456266907123 0.014388489208633094 0.5757439134355276 0.007194244604316547 0.5725879170423805 0 0.48872858431018934 0 0.4806131650135257 0.00319744204636291 0.4630297565374211 0.00319744204636291 0.45626690712353474 0.007194244604316547 0.45626690712353474 0.017585931254996006 0.45897204688908927 0.02557953637090328 0.45671776375112716 0.030375699440447643 0.44048692515779986 0.03916866506794565 0.4359783588818755 0.03597122302158274 0.4328223624887286 0.011990407673860913 0.42515779981965734 0.011191047162270184 0.37376014427412085 0.03437250199840128 0.33588818755635713 0.04636290967226219 0.2966636609558161 0.0639488409272582 0.29621280432822367 0.07274180655475619 0.3002705139765554 0.09512390087929656
0 0.8020739404869252 0.5683453237410072 0.8074842200180342 0.5707434052757794 0.8169522091974751 0.5651478816946442 0.8210099188458071 0.5571542765787371 0.8187556357078449 0.5523581135091926 0.8137962128043282 0.5507593924860112 0.8007213706041478 0.5595523581135092 0.8002705139765555 0.5643485211830536 0.8020739404869252 0.5683453237410072
0 0.6460775473399459 0.9944044764188649 0.6465284039675383 0.9992006394884093 0.6830477908025249 0.9992006394884093 0.6862037871956718 0.9936051159072742 0.6866546438232641 0.9864108713029576 0.6821460775473399 0.9776179056754596 0.6717763751127143 0.9704236610711432 0.6677186654643824 0.9608313349320544 0.6641118124436429 0.9568345323741008 0.6605049594229035 0.9560351718625101 0.6582506762849414 0.959232613908873 0.6550946798917944 0.9744204636290967 0.6460775473399459 0.9944044764188649
0 0.18845807033363393 0.33253397282174263 0.23985572587917042 0.31734612310151883 0.24526600541027954 0.3149480415667466 0.24706943192064923 0.31095123900879296 0.24436429215509467 0.2749800159872102 0.2412082957619477 0.2685851318944844 0.2091974752028855 0.27817745803357313 0.18440036068530208 0.2885691446842526 0.18530207394048692 0.3237410071942446 0.18845807033363393 0.33253397282174263
0 0.8079350766456267 0.586730615507594 0.8142470694319207 0.5859312549960032 0.8174030658250677 0.5795363709032775 0.8169522091974751 0.5739408473221423 0.8137962128043282 0.5707434052757794 0.8038773669972948 0.574740207833733 0.80297565374211 0.5811350919264588 0.8079350766456267 0.586730615507594