0 0.45536519386834984 0.6754596322941646 0.4612263300270514 0.6802557953637091 0.49098286744815145 0.6850519584332534 0.4927862939585212 0.6794564348521184 0.49188458070333635 0.6714628297362111 0.48782687105500455 0.6682653876898482 0.47294860234445446 0.6666666666666666 0.4657348963029757 0.6634692246203038 0.45626690712353474 0.6650679456434853 0.4549143372407574 0.6674660271782575 0.45536519386834984 0.6754596322941646
0 0.16140667267808836 0.2613908872901679 0.16636609558160506 0.2613908872901679 0.16862037871956717 0.2557953637090328 0.16862037871956717 0.22541966426858515 0.1650135256988278 0.2214228617106315 0.15734896302975654 0.21982414068745004 0.15464382326420198 0.2222222222222222 0.15374211000901714 0.22861710631494805 0.1532912533814247 0.2549960031974421 0.16140667267808836 0.2613908872901679
0 0.3660955816050496 0.9944044764188649 0.38097385031559966 0.9952038369304558 0.38322813345356177 0.9928057553956835 0.3859332732191163 0.9568345323741008 0.3841298467087466 0.9416466826538769 0.3782687105500451 0.9376498800959233 0.3674481514878269 0.938449240607514 0.3647430117222723 0.9672262190247802 0.3642921550946799 0.9896083133493206 0.3660955816050496 0.9944044764188649
0 0.44274120829576197 0.38529176658673064 0.4449954914337241 0.38848920863309355 0.4630297565374211 0.3876898481215028 0.4648331830477908 0.381294964028777 0.4670874661857529 0.3397282174260592 0.4612263300270514 0.3341326938449241 0.4594229035166817 0.3237410071942446 0.45671776375112716 0.31894484412470026 0.4481514878268711 0.3165467625899281 0.445897204688909 0.31974420463629094 0.4454463480613165 0.3557154276578737 0.44274120829576197 0.38529176658673064
0 0.9783588818755636 0.03357314148681055 0.9909828674481516 0.03756994404476419 0.9995491433724076 0.03597122302158274 0.9995491433724076 0.007194244604316547 0.9837691614066727 0.002398081534772182 0.9774571686203787 0.00319744204636291 0.9761045987376015 0.007194244604316547 0.9756537421100091 0.02557953637090328 0.9783588818755636 0.03357314148681055
0 0.7804328223624887 0.6930455635491607 0.793507664562669 0.695443645083933 0.7953110910730388 0.6922462030375699 0.7944093778178539 0.6738609112709832 0.7817853922452661 0.6714628297362111 0.7790802524797115 0.6746602717825739 0.7786293958521191 0.6866506794564349 0.7804328223624887 0.6930455635491607
0 0.5581605049594229 0.6115107913669064 0.563570784490532 0.6147082334132695 0.5707844905320109 0.6139088729016786 0.5734896302975654 0.6059152677857713 0.5734896302975654 0.592326139088729 0.5707844905320109 0.5835331734612311 0.5680793507664563 0.5803357314148682 0.560414788097385 0.5795363709032775 0.5581605049594229 0.5811350919264588 0.5572587917042381 0.5859312549960032 0.5568079350766456 0.5995203836930456 0.5581605049594229 0.6115107913669064
0 0.1636609558160505 0.008792965627498003 0.20333633904418397 0.019984012789768184 0.2073940486925158 0.019984012789768184 0.2091974752028855 0.01598721023181455 0.20874661857529306 0.008792965627498003 0.20694319206492334 0.005595523581135092 0.19657348963029758 0 0.15960324616771868 0 0.1587015329125338 0.005595523581135092 0.1636609558160505 0.008792965627498003
0 0.824165915238954 0.6027178257394085 0.8295761947700632 0.6059152677857713 0.8417493237150586 0.6051159072741806 0.8426510369702435 0.5795363709032775 0.8385933273219116 0.5699440447641887 0.8309287646528404 0.5667466027178258 0.8174030658250677 0.5667466027178258 0.8160504959422903 0.5699440447641887 0.8155996393146979 0.5883293365307755 0.824165915238954 0.6027178257394085
0 0.23354373309287646 0.28617106314948043 0.23354373309287646 0.27258193445243806 0.23174030658250674 0.26938449240607515 0.22587917042380526 0.2677857713828937 0.21956717763751127 0.2717825739408473 0.22001803426510372 0.28617106314948043 0.23354373309287646 0.28617106314948043
0 0.04328223624887286 0.4716227018385292 0.06537421100090171 0.4748201438848921 0.06988277727682597 0.47242206235011996 0.07303877366997295 0.4668265387689848 0.07439134355275022 0.44684252597921664 0.07123534715960325 0.43884892086330934 0.06086564472497746 0.4348521183053557 0.04643823264201984 0.434052757793765 0.04283137962128043 0.43884892086330934 0.04102795311091073 0.4476418864908074 0.04057709648331831 0.46442845723421267 0.04328223624887286 0.4716227018385292
0 0.08656447249774572 0.6131095123900879 0.109107303877367 0.6163069544364509 0.1127141568981064 0.6059152677857713 0.11226330027051398 0.577937649880096 0.1109107303877367 0.5699440447641887 0.10775473399458972 0.5619504396482814 0.10459873760144275 0.5587529976019185 0.09828674481514879 0.5579536370903277 0.09332732191163211 0.5603517186250999 0.08611361587015329 0.577937649880096 0.08340847610459873 0.595523581135092 0.08340847610459873 0.6067146282973622 0.08656447249774572 0.6131095123900879
0 0.07303877366997295 0.47641886490807356 0.07439134355275022 0.4836131095123901 0.08476104598737601 0.48441247002398086 0.0915238954012624 0.4876099120703437 0.10955816050495942 0.4876099120703437 0.11406672678088368 0.48441247002398086 0.11677186654643823 0.4540367705835332 0.1127141568981064 0.442845723421263 0.08836789900811542 0.4404476418864908 0.0793507664562669 0.4372501998401279 0.0757439134355275 0.4404476418864908 0.07439134355275022 0.44684252597921664 0.07303877366997295 0.460431654676259 0.07303877366997295 0.47641886490807356
0 0.9012623985572588 0.7513988808952838 0.9220018034265104 0.7521982414068745 0.9274120829576196 0.7466027178257394 0.9265103697024346 0.7378097521982414 0.9188458070333634 0.7314148681055157 0.897204688908927 0.7298161470823342 0.8949504057709649 0.7362110311750599 0.8954012623985572 0.7466027178257394 0.9012623985572588 0.7513988808952838
0 0.2678088367899008 0.06554756195043965 0.2935076645626691 0.07274180655475619 0.29486023444544635 0.07593924860111911 0.2944093778178539 0.08872901678657075 0.29621280432822367 0.09112709832134293 0.31920649233543735 0.09912070343725021 0.32416591523895405 0.09832134292565947 0.32596934174932374 0.09512390087929656 0.32822362488728585 0.07194244604316548 0.32867448151487827 0.04716227018385292 0.32416591523895405 0.0319744204636291 0.3007213706041479 0.02158273381294964 0.27141568981064024 0.017585931254996006 0.2678088367899008 0.02238209432454037 0.2660054102795311 0.04476418864908074 0.2655545536519387 0.0583533173461231 0.2678088367899008 0.06554756195043965
0 0.13345356176735798 0.08952837729816147 0.15419296663660956 0.09352517985611512 0.1704238052299369 0.09992006394884093 0.175834084761046 0.09992006394884093 0.178990081154193 0.09352517985611512 0.17944093778178538 0.07034372501998402 0.17853922452660054 0.06314948041566747 0.175834084761046 0.059952038369304565 0.1568981064021641 0.05275779376498801 0.14292155094679893 0.050359712230215826 0.13435527502254285 0.05115907274180656 0.1316501352569883 0.05755395683453238 0.1289449954914337 0.07993605115907274 0.13345356176735798 0.08952837729816147
0 0.10234445446348062 0.897681854516387 0.10955816050495942 0.8984812150279777 0.11541929666366096 0.8920863309352519 0.12218214607754734 0.8912869704236611 0.1375112714156898 0.9024780175859313 0.1406672678088368 0.9032773780975221 0.14382326420198377 0.8992805755395684 0.14382326420198377 0.8880895283772982 0.14156898106402163 0.8729016786570745 0.13976555455365194 0.8705035971223022 0.10504959422903516 0.8649080735411672 0.10234445446348062 0.8665067945643485 0.10099188458070334 0.8745003996802558 0.10054102795311091 0.8912869704236611 0.10234445446348062 0.897681854516387
0 0.22001803426510372 0.3149480415667466 0.22768259693417492 0.31734612310151883 0.23264201983769162 0.3133493205435652 0.2321911632100992 0.302158273381295 0.23038773669972948 0.2981614708233413 0.22046889089269614 0.2965627498001599 0.21866546438232642 0.2997601918465228 0.218214607754734 0.31015187849720227 0.22001803426510372 0.3149480415667466
0 0.06357078449053201 0.23261390887290168 0.07754733994589721 0.2358113509192646 0.08476104598737601 0.23421262989608316 0.087917042380523 0.21103117505995203 0.087917042380523 0.20223820943245407 0.08476104598737601 0.19584332533972823 0.07889990982867448 0.1918465227817746 0.06447249774571685 0.19104716227018384 0.060414788097385035 0.1950439648281375 0.059963931469792606 0.20543565147881696 0.059513074842200184 0.2238209432454037 0.06357078449053201 0.23261390887290168
0 0.9779080252479712 0.7633892885691447 0.9905320108205591 0.765787370103917 0.9950405770964834 0.7633892885691447 0.996844003606853 0.7561950439648283 0.9977457168620378 0.7218225419664269 0.9995491433724076 0.7210231814548362 0.9995491433724076 0.6882494004796164 0.9945897204688909 0.6818545163868905 0.9801623083859333 0.6810551558752997 0.9783588818755636 0.6874500399680257 0.9783588818755636 0.704236610711431 0.9761045987376015 0.7194244604316546 0.9761045987376015 0.7609912070343725 0.9779080252479712 0.7633892885691447
0 0.20243462578899912 0.9408473221422862 0.21415689810640218 0.9400479616306955 0.21731289449954916 0.9352517985611511 0.21911632100991885 0.9256594724220625 0.21911632100991885 0.9144684252597922 0.21596032461677186 0.9056754596322941 0.20288548241659152 0.8992805755395684 0.19386834986474302 0.8992805755395684 0.19116321009918846 0.9024780175859313 0.19161406672678089 0.9320543565147882 0.20243462578899912 0.9408473221422862
0 0.5094679891794409 0.6914468425259792 0.5180342651036971 0.689048760991207 0.5198376916140668 0.6586730615507593 0.5148782687105501 0.6442845723421263 0.5094679891794409 0.642685851318945 0.5054102795311091 0.6474820143884892 0.5036068530207394 0.6722621902478018 0.5040577096483319 0.689048760991207 0.5094679891794409 0.6914468425259792
0 0.3160504959422904 0.16386890487609912 0.3336339044183949 0.16786570743405277 0.3412984670874662 0.1574740207833733 0.33543733092876465 0.14148681055155876 0.33047790802524796 0.1366906474820144 0.3165013525698828 0.1334932054356515 0.3106402164111813 0.1342925659472422 0.30928764652840396 0.1366906474820144 0.30928764652840396 0.1574740207833733 0.3160504959422904 0.16386890487609912
0 0.9752028854824166 0.21023181454836132 0.978809738503156 0.21822541966426862 0.9837691614066727 0.22062350119904078 0.9963931469792606 0.21982414068745004 0.9959422903516681 0.20543565147881696 0.9918845807033364 0.1918465227817746 0.9770063119927863 0.19024780175859313 0.9752028854824166 0.1918465227817746 0.9752028854824166 0.21023181454836132
0 0.10504959422903516 0.3309352517985612 0.11000901713255186 0.3309352517985612 0.11226330027051398 0.3205435651478817 0.1127141568981064 0.302158273381295 0.10955816050495942 0.2901678657074341 0.09873760144274121 0.2885691446842526 0.09783588818755636 0.293365307753797 0.09783588818755636 0.3261390887290168 0.10504959422903516 0.3309352517985612
0 0.7430117222723175 0.9992006394884093 0.7439134355275022 0.9872102318145485 0.7407574391343553 0.9744204636290967 0.7249774571686204 0.9720223820943246 0.7231740306582507 0.9744204636290967 0.7227231740306583 0.9808153477218226 0.7222723174030657 0.9992006394884093 0.7430117222723175 0.9992006394884093
0 0.28358881875563574 0.3493205435651479 0.2885482416591524 0.35331734612310156 0.2993688007213706 0.35331734612310156 0.3034265103697024 0.3397282174260592 0.3056807935076645 0.31894484412470026 0.3056807935076645 0.3085531574740208 0.3020739404869252 0.29256594724220625 0.3007213706041479 0.28936850519584334 0.2980162308385933 0.2885691446842526 0.2862939585211903 0.28936850519584334 0.28403967538322816 0.2965627498001599 0.28268710550045084 0.3237410071942446 0.28358881875563574 0.3493205435651479
0 0.5644724977457168 0.03836930455635491 0.566726780883679 0.0407673860911271 0.59107303877367 0.03916866506794565 0.5982867448151488 0.03597122302158274 0.6203787195671777 0.032773780975219824 0.6226330027051398 0.029576338928856916 0.6199278629395851 0 0.5626690712353472 0 0.5622182146077548 0.02717825739408473 0.5644724977457168 0.03836930455635491
0 0.6997294860234445 0.9992006394884093 0.6997294860234445 0.982414068745004 0.6956717763751128 0.9720223820943246 0.6925157799819658 0.9744204636290967 0.6898106402164111 0.9664268585131894 0.6780883678990081 0.9696243005595524 0.6785392245266005 0.9992006394884093 0.6997294860234445 0.9992006394884093
0 0.6699729486023445 0.6099120703437251 0.675834084761046 0.6099120703437251 0.6803426510369702 0.6051159072741806 0.6816952209197475 0.5995203836930456 0.6812443642921551 0.5827338129496403 0.6753832281334536 0.5675459632294165 0.6632100991884582 0.5635491606714629 0.6568981064021642 0.5635491606714629 0.6537421100090172 0.5667466027178258 0.6541929666366095 0.6027178257394085 0.6699729486023445 0.6099120703437251
0 0.24346257889990983 0.9696243005595524 0.24616771866546439 0.9744204636290967 0.2583408476104599 0.9760191846522782 0.2601442741208296 0.973621103117506 0.2601442741208296 0.9576338928856915 0.2578899909828674 0.947242206235012 0.24616771866546439 0.9416466826538769 0.24030658250676284 0.9416466826538769 0.239404869251578 0.9544364508393286 0.24346257889990983 0.9696243005595524
0 0.24165915238954014 0.07513988808952839 0.24346257889990983 0.07194244604316548 0.24436429215509467 0.059952038369304565 0.26194770063119927 0.06314948041566747 0.26375112714156895 0.04796163069544365 0.26375112714156895 0.026378896882494004 0.2583408476104599 0.019984012789768184 0.21776375112714155 0.008792965627498003 0.21596032461677186 0.011990407673860913 0.21280432822362488 0.04636290967226219 0.21325518485121733 0.0671462829736211 0.24165915238954014 0.07513988808952839
0 0.45671776375112716 0.697841726618705 0.47971145175834085 0.6970423661071143 0.4860234445446348 0.6930455635491607 0.49098286744815145 0.695443645083933 0.48963029756537424 0.6930455635491607 0.49098286744815145 0.6866506794564349 0.4571686203787196 0.6810551558752997 0.45446348061316505 0.6842525979216627 0.4540126239855726 0.6946442845723421 0.45671776375112716 0.697841726618705
0 0.7439134355275022 0.20623501199040767 0.7475202885482417 0.21023181454836132 0.7556357078449053 0.21183053557154277 0.75834084761046 0.2238209432454037 0.7619477006311993 0.2270183852917666 0.8079350766456267 0.21502797761790568 0.8142470694319207 0.21103117505995203 0.8174030658250677 0.2038369304556355 0.8146979260595131 0.16706634692246206 0.8106402164111812 0.15987210231814547 0.7822362488728585 0.1630695443645084 0.7403065825067628 0.1750599520383693 0.7398557258791705 0.17985611510791366 0.7439134355275022 0.20623501199040767
0 0 0.011990407673860913 0.014878268710550046 0.013589128697042365 0.016681695220919748 0.009592326139088728 0.015779981965734897 0 0 0 0 0.011990407673860913
0 0.95536519386835 0.9608313349320544 0.9774571686203787 0.9608313349320544 0.978809738503156 0.9568345323741008 0.9774571686203787 0.9504396482813751 0.9666366095581606 0.9456434852118306 0.9549143372407575 0.9440447641886491 0.9513074842200181 0.9456434852118306 0.9499549143372408 0.9496402877697842 0.9495040577096483 0.9568345323741008 0.95536519386835 0.9608313349320544
0 0.9743011722272317 0.31894484412470026 0.9909828674481516 0.3229416466826539 0.9918845807033364 0.3205435651478817 0.9918845807033364 0.31015187849720227 0.9891794409377818 0.30295763389288566 0.9706943192064924 0.30295763389288566 0.9720468890892696 0.3149480415667466 0.9743011722272317 0.31894484412470026
0 0.672678088367899 0.27577937649880097 0.674932371505861 0.2973621103117506 0.6776375112714157 0.3045563549160672 0.6762849413886385 0.32454036770583533 0.6803426510369702 0.3341326938449241 0.6821460775473399 0.35171862509992013 0.6848512173128946 0.36211031175059955 0.7096483318304779 0.35891286970423664 0.7245266005410279 0.35331734612310156 0.7267808836789902 0.34612310151878495 0.7236248872858432 0.33253397282174263 0.7209197475202885 0.2813749000799361 0.7168620378719567 0.2533972821742606 0.7132551848512173 0.2470023980815348 0.7037871956717764 0.2470023980815348 0.6821460775473399 0.25099920063948844 0.6776375112714157 0.2541966426858513 0.6762849413886385 0.25819344524380494 0.6762849413886385 0.26938449240607515 0.672678088367899 0.27577937649880097
0 0.9526600541027953 0.023181454836131096 0.9598737601442742 0.023181454836131096 0.963931469792606 0.019184652278177457 0.9648331830477908 0 0.9449954914337241 0 0.9458972046889089 0.019984012789768184 0.9526600541027953 0.023181454836131096
0 0.8201082055906221 0.7737809752198243 0.8286744815148782 0.7761790567545964 0.8354373309287646 0.7761790567545964 0.8372407574391344 0.7737809752198243 0.8385933273219116 0.7681854516386891 0.8385933273219116 0.7545963229416467 0.8349864743011722 0.7402078337330137 0.8210099188458071 0.7370103916866507 0.8174030658250677 0.7426059152677859 0.8169522091974751 0.7633892885691447 0.8201082055906221 0.7737809752198243
0 0.6411181244364292 0.7106314948041567 0.6474301172227231 0.7114308553157473 0.6505861136158702 0.7034372501998403 0.6514878268710551 0.6658673061550759 0.6442741208295762 0.6562749800159873 0.636609558160505 0.6634692246203038 0.6361587015329125 0.7058353317346123 0.6411181244364292 0.7106314948041567
0 0.45626690712353474 0.6634692246203038 0.47700631199278626 0.6634692246203038 0.4810640216411181 0.6610711430855316 0.4815148782687106 0.6498800959232613 0.478809738503156 0.645083932853717 0.46032461677186653 0.6418864908073542 0.45536519386834984 0.6442845723421263 0.4549143372407574 0.6594724220623502 0.45626690712353474 0.6634692246203038
0 0.7276825969341749 0.6858513189448442 0.7484220018034266 0.6882494004796164 0.7529305680793508 0.6850519584332534 0.7529305680793508 0.6714628297362111 0.7484220018034266 0.6658673061550759 0.7412082957619477 0.6634692246203038 0.7240757439134355 0.6650679456434853 0.7245266005410279 0.6810551558752997 0.7276825969341749 0.6858513189448442
0 0.733092876465284 0.34612310151878495 0.7484220018034266 0.34612310151878495 0.7691614066726781 0.33812949640287776 0.7709648331830479 0.33013589128697046 0.766907123534716 0.3045563549160672 0.7660054102795312 0.27817745803357313 0.7619477006311993 0.26298960831334933 0.7556357078449053 0.2557953637090328 0.736248872858431 0.26059152677857716 0.7312894499549144 0.26538768984812156 0.7290351668169522 0.27577937649880097 0.7290351668169522 0.30295763389288566 0.733092876465284 0.34612310151878495
0 0.5067628494138864 0.9992006394884093 0.5234445446348062 0.9992006394884093 0.524346257889991 0.9776179056754596 0.5220919747520288 0.9672262190247802 0.5094679891794409 0.9600319744204637 0.5049594229035167 0.9672262190247802 0.5045085662759243 0.982414068745004 0.5067628494138864 0.9992006394884093
0 0.936429215509468 0.23421262989608316 0.9391343552750226 0.24060751398880897 0.9495040577096483 0.24540367705835334 0.9580703336339044 0.24380495603517185 0.9589720468890893 0.21822541966426862 0.9517583408476105 0.20543565147881696 0.9391343552750226 0.20463629096722624 0.9359783588818756 0.2126298960831335 0.9355275022542832 0.2270183852917666 0.936429215509468 0.23421262989608316
0 0.32822362488728585 0.5467625899280576 0.34580703336339047 0.5507593924860112 0.35978358881875566 0.5499600319744204 0.35978358881875566 0.521982414068745 0.3367899008115419 0.5155875299760192 0.3291253381424707 0.5163868904876099 0.3268710550045086 0.521982414068745 0.3268710550045086 0.5411670663469225 0.32822362488728585 0.5467625899280576
0 0.1672678088367899 0.9256594724220625 0.18575293056807937 0.9280575539568345 0.18755635707844906 0.9248601119104717 0.18755635707844906 0.9032773780975221 0.18394950405770966 0.8960831334932055 0.17132551848512173 0.8960831334932055 0.1672678088367899 0.8984812150279777 0.16591523895401264 0.9048760991207034 0.1654643823264202 0.9168665067945644 0.1672678088367899 0.9256594724220625
0 0.7389540126239856 0.43165467625899284 0.7439134355275022 0.4356514788169465 0.7542831379621281 0.43325339728217427 0.7565374211000901 0.425259792166267 0.7547339945897205 0.39568345323741005 0.7520288548241659 0.3908872901678657 0.7479711451758341 0.3892885691446843 0.7385031559963932 0.390087929656275 0.7366997294860235 0.3924860111910472 0.7371505861136158 0.42206235011990406 0.7389540126239856 0.43165467625899284
0 0.6636609558160506 0.7058353317346123 0.6627592425608656 0.7298161470823342 0.6659152389540126 0.7378097521982414 0.674932371505861 0.7370103916866507 0.6767357980162308 0.7346123101518786 0.6776375112714157 0.7250199840127898 0.6762849413886385 0.6922462030375699 0.6704238052299368 0.6882494004796164 0.6636609558160506 0.6930455635491607 0.6605049594229035 0.6994404476418865 0.6636609558160506 0.7058353317346123
0 0.3880906221821461 0.6732613908872902 0.3880906221821461 0.663621103117506 0.3663908926961226 0.663621103117506 0.3663908926961226 0.6732613908872902 0.3880906221821461 0.6732613908872902
0 0.38837240757439134 0.6567625899280576 0.38837240757439134 0.6430455635491606 0.3768845807033363 0.6430455635491606 0.3768845807033363 0.6567625899280576 0.38837240757439134 0.6567625899280576
0 0.40376465284039675 0.6356155075939249 0.40376465284039675 0.6278856914468426 0.37406221821460783 0.6278856914468426 0.37406221821460783 0.6356155075939249 0.40376465284039675 0.6356155075939249
0 0.4089044183949504 0.5467186250999201 0.4089044183949504 0.5353597122302158 0.39117673579801626 0.5353597122302158 0.39117673579801626 0.5467186250999201 0.4089044183949504 0.5467186250999201
0 0.40896979260595134 0.5836051159072742 0.40896979260595134 0.5719344524380495 0.39628719567177634 0.5719344524380495 0.39628719567177634 0.5836051159072742 0.40896979260595134 0.5836051159072742
0 0.40796438232642024 0.5655475619504396 0.40796438232642024 0.5551398880895284 0.39630973850315604 0.5551398880895284 0.39630973850315604 0.5655475619504396 0.40796438232642024 0.5655475619504396
0 0.4273467087466185 0.5962350119904078 0.4273467087466185 0.5783293365307755 0.41185978358881875 0.5783293365307755 0.41185978358881875 0.5962350119904078 0.4273467087466185 0.5962350119904078
0 0.42856853020739405 0.5218425259792165 0.42856853020739405 0.5124020783373302 0.4163818755635708 0.5124020783373302 0.4163818755635708 0.5218425259792165 0.42856853020739405 0.5218425259792165
0 0.44657213706041476 0.5459792166266987 0.44714472497745716 0.5507386091127099 0.4406487826871055 0.5508792965627498 0.44035031559963933 0.562581934452438 0.45319477006312 0.5612997601918466 0.4532258791704238 0.5472302158273382 0.44657213706041476 0.5459792166266987
0 0.4134607754733995 0.5627282174260592 0.4129179440937782 0.5734516386890488 0.42538097385031565 0.5743557154276578 0.4263367899008116 0.5637649880095923 0.4240477908025248 0.5582406075139889 0.4192096483318305 0.558501998401279 0.4195937781785392 0.5640927258193446 0.4134607754733995 0.5627282174260592
0 0.42983363390441837 0.5511446842525979 0.430178088367899 0.561003996802558 0.4352899008115419 0.560832134292566 0.43649323715058613 0.5539816147082335 0.4353588818755636 0.5509984012789768 0.42983363390441837 0.5511446842525979
0 0.4329098286744815 0.5420303756994406 0.4454819657348963 0.5427282174260591 0.44556176735798014 0.5425635491606714 0.44472091974752026 0.5317937649880096 0.43286564472497746 0.5313940847322143 0.4329098286744815 0.5420303756994406
0 0.2733633904418395 0.9342446043165468 0.2733633904418395 0.9189928057553958 0.2619296663660956 0.9189928057553958 0.2619296663660956 0.9342446043165468 0.2733633904418395 0.9342446043165468
0 0.26000225428313795 0.933721023181455 0.26000225428313795 0.9159032773780976 0.24746393146979262 0.9159032773780976 0.24746393146979262 0.933721023181455 0.26000225428313795 0.933721023181455
0 0.26108656447249773 0.5471782573940848 0.26108656447249773 0.5372022382094325 0.2482551848512173 0.5372022382094325 0.2482551848512173 0.5471782573940848 0.26108656447249773 0.5471782573940848
0 0.24504057709648333 0.5673980815347721 0.24504057709648333 0.5567426059152678 0.2391614066726781 0.5567426059152678 0.2391614066726781 0.5673980815347721 0.24504057709648333 0.5673980815347721
0 0.24609332732191166 0.5530815347721822 0.24609332732191166 0.5420263788968825 0.23899233543733095 0.5420263788968825 0.23899233543733095 0.5530815347721822 0.24609332732191166 0.5530815347721822
0 0.273872858431019 0.5336810551558754 0.273872858431019 0.5232494004796163 0.24852569882777278 0.5232494004796163 0.24852569882777278 0.5336810551558754 0.273872858431019 0.5336810551558754
0 0.2462894499549144 0.5395883293365308 0.2462894499549144 0.529924060751399 0.24003155996393147 0.529924060751399 0.24003155996393147 0.5395883293365308 0.2462894499549144 0.5395883293365308
0 0.247082957619477 0.5252557953637091 0.247082957619477 0.5151598721023182 0.24007664562669073 0.5151598721023182 0.24007664562669073 0.5252557953637091 0.247082957619477 0.5252557953637091
0 0.27358431018935975 0.5206035171862511 0.27358431018935975 0.5104916067146283 0.2619251577998197 0.5104916067146283 0.2619251577998197 0.5206035171862511 0.27358431018935975 0.5206035171862511
0 0.0674346257889991 0.6967026378896883 0.0674346257889991 0.6549680255795365 0.03486474301172228 0.6549680255795365 0.03486474301172228 0.6967026378896883 0.0674346257889991 0.6967026378896883
0 0.03711677186654643 0.34877697841726624 0.03711677186654643 0.32792965627498 0.02190937781785392 0.32792965627498 0.02190937781785392 0.34877697841726624 0.03711677186654643 0.34877697841726624