0 0.12578899909828675 0.9560351718625101 0.12578899909828675 0.959232613908873 0.130297565374211 0.9624300559552359 0.14201983769161408 0.9600319744204637 0.14472497745716864 0.9432454036770584 0.1442741208295762 0.9288569144684253 0.14021641118124437 0.9232613908872902 0.13660955816050496 0.9224620303756994 0.12984670874661858 0.9272581934452439 0.1284941388638413 0.9304556354916067 0.1284941388638413 0.9512390087929657 0.12578899909828675 0.9560351718625101
0 0.08385933273219116 0.3876898481215028 0.08385933273219116 0.39408473221422863 0.08656447249774572 0.39728217426059154 0.09693417493237151 0.39648281374900085 0.09963931469792607 0.3924860111910472 0.10099188458070334 0.381294964028777 0.10099188458070334 0.3525179856115108 0.09963931469792607 0.3445243804956035 0.09693417493237151 0.33733013589128696 0.09017132551848513 0.33573141486810554 0.08656447249774572 0.3397282174260592 0.08566275924256087 0.34852118305355717 0.08656447249774572 0.3764988009592326 0.08385933273219116 0.3876898481215028
0 0.18530207394048692 0.8257394084732215 0.19071235347159604 0.8265387689848122 0.19927862939585214 0.8225419664268585 0.20018034265103696 0.809752198241407 0.19792605951307485 0.8033573141486812 0.18890892696122633 0.800959232613909 0.18440036068530208 0.8041566746602719 0.18394950405770966 0.8225419664268585 0.18530207394048692 0.8257394084732215
0 0.2673579801623084 0.9704236610711432 0.2772768259693417 0.9728217426059154 0.28313796212804326 0.9728217426059154 0.28584310189359785 0.9704236610711432 0.2871956717763751 0.9600319744204637 0.2862939585211903 0.9432454036770584 0.26825969341749323 0.9408473221422862 0.2651036970243463 0.9456434852118306 0.26465284039675385 0.9632294164668266 0.2673579801623084 0.9704236610711432
0 0.5121731289449956 0.23101518784972022 0.5275022542831379 0.23101518784972022 0.5293056807935077 0.19264588329336532 0.5256988277727683 0.18705035971223025 0.5121731289449956 0.1838529176658673 0.5090171325518486 0.18864908073541167 0.5081154192966637 0.1950439648281375 0.5085662759242561 0.22621902478017586 0.5121731289449956 0.23101518784972022
0 0.008566275924256087 0.26938449240607515 0.015329125338142471 0.2677857713828937 0.017132551848512173 0.2501998401278977 0.015779981965734897 0.2294164668265388 0.012623985572587917 0.22541966426858515 0.008115419296663661 0.22541966426858515 0.005861136158701533 0.2270183852917666 0.004508566275924256 0.23181454836131096 0.004508566275924256 0.26538768984812156 0.008566275924256087 0.26938449240607515
0 0.42515779981965734 0.30375699440447645 0.4292155094679892 0.3061550759392486 0.43913435527502254 0.30295763389288566 0.44138863841298465 0.2869704236610712 0.44003606853020744 0.2685851318944844 0.43056807935076646 0.26538768984812156 0.42560865644724977 0.266986410871303 0.42425608656447256 0.2717825739408473 0.4238052299368801 0.29256594724220625 0.42515779981965734 0.30375699440447645
0 0.35888187556357076 0.31734612310151883 0.3719567177637511 0.31414868105515587 0.37330928764652843 0.30935251798561153 0.37330928764652843 0.28617106314948043 0.3701532912533814 0.2765787370103917 0.3651938683498648 0.2701838529176659 0.3539224526600541 0.27098321342925663 0.3534715960324617 0.31015187849720227 0.35888187556357076 0.31734612310151883
0 0.014878268710550046 0.34372501998401284 0.018935978358881875 0.3661071143085532 0.022091974752028856 0.36850519584332536 0.032461677186654644 0.3661071143085532 0.034265103697024346 0.3525179856115108 0.034265103697024346 0.33573141486810554 0.032461677186654644 0.3333333333333333 0.016230838593327322 0.3349320543565148 0.014878268710550046 0.33733013589128696 0.014878268710550046 0.34372501998401284
0 0.09828674481514879 0.18465227817745802 0.10279531109107304 0.18705035971223025 0.109107303877367 0.18465227817745802 0.109107303877367 0.16466826538768983 0.09558160504959423 0.16466826538768983 0.09558160504959423 0.17266187050359713 0.09828674481514879 0.18465227817745802
0 0.5915238954012624 0.2470023980815348 0.6068530207394048 0.2478017585931255 0.609107303877367 0.23421262989608316 0.609107303877367 0.2214228617106315 0.6055004508566276 0.21422861710631497 0.6018935978358882 0.21103117505995203 0.5919747520288549 0.20863309352517986 0.5892696122633003 0.21982414068745004 0.5883678990081154 0.2414068745003997 0.5915238954012624 0.2470023980815348
0 0.13345356176735798 0.16466826538768983 0.14697926059513075 0.16466826538768983 0.14833183047790804 0.1510791366906475 0.14562669071235346 0.14228617106314947 0.13615870153291254 0.1398880895283773 0.13074842200180342 0.14388489208633096 0.12984670874661858 0.1574740207833733 0.13345356176735798 0.16466826538768983
0 0.5608656447249775 0.12230215827338131 0.569882777276826 0.12150279776179057 0.5712353471596032 0.11830535571542766 0.5707844905320109 0.08073541167066348 0.566726780883679 0.07593924860111911 0.5563570784490532 0.07593924860111911 0.5532010820559062 0.08233413269384492 0.5532010820559062 0.11590727418065548 0.5608656447249775 0.12230215827338131
0 0.1339044183949504 0.636290967226219 0.1424706943192065 0.6402877697841727 0.1510369702434626 0.6378896882494005 0.15193868349864742 0.6075139888089529 0.15058611361587015 0.60431654676259 0.1406672678088368 0.6003197442046363 0.13345356176735798 0.6011191047162271 0.1316501352569883 0.6091127098321344 0.13074842200180342 0.6258992805755397 0.1339044183949504 0.636290967226219
0 0.19657348963029758 0.08473221422861711 0.20333633904418397 0.09112709832134293 0.21370604147880973 0.0903277378097522 0.21550946798917944 0.08233413269384492 0.21596032461677186 0.06554756195043965 0.21325518485121733 0.05115907274180656 0.21009918845807032 0.04636290967226219 0.20243462578899912 0.04476418864908074 0.19927862939585214 0.04636290967226219 0.1956717763751127 0.05355715427657874 0.1952209197475203 0.0783373301358913 0.19657348963029758 0.08473221422861711
0 0.1956717763751127 0.5915267785771383 0.21370604147880973 0.592326139088729 0.21550946798917944 0.5843325339728218 0.2168620378719567 0.5571542765787371 0.2146077547339946 0.5403677058353318 0.20694319206492334 0.5371702637889688 0.19792605951307485 0.5403677058353318 0.1952209197475203 0.5499600319744204 0.1934174932371506 0.5739408473221423 0.19296663660955815 0.5811350919264588 0.1956717763751127 0.5915267785771383
0 0.09107303877366997 0.7394084732214229 0.09918845807033362 0.7402078337330137 0.10640216411181244 0.7378097521982414 0.10955816050495942 0.7282174260591526 0.109107303877367 0.7082334132693845 0.10550045085662758 0.7026378896882494 0.09467989179440937 0.7018385291766587 0.09197475202885483 0.7066346922462031 0.08972046889089269 0.7194244604316546 0.08926961226330027 0.7370103916866507 0.09107303877366997 0.7394084732214229
0 0.32100991884580704 0.5987210231814549 0.3340847610459874 0.6019184652278178 0.33859332732191166 0.6019184652278178 0.34039675383228135 0.5987210231814549 0.3417493237150586 0.5707434052757794 0.3376916140667268 0.5619504396482814 0.3327321911632101 0.5563549160671463 0.32326420198376915 0.5563549160671463 0.3205590622182146 0.5683453237410072 0.3196573489630297 0.595523581135092 0.32100991884580704 0.5987210231814549
0 0.5788999098286746 0.5027977617905676 0.5829576194770063 0.49960031974420466 0.5834084761045988 0.4860111910471623 0.5811541929666366 0.47801758593125504 0.5676284941388638 0.4756195043964829 0.563570784490532 0.48121502797761795 0.5640216411181245 0.5027977617905676 0.5788999098286746 0.5027977617905676
0 0.5121731289449956 0.33013589128697046 0.5234445446348062 0.3317346123101519 0.5261496844003607 0.31894484412470026 0.5247971145175834 0.29176658673061556 0.5139765554553652 0.2877697841726619 0.5085662759242561 0.2877697841726619 0.5067628494138864 0.29176658673061556 0.5076645626690712 0.32454036770583533 0.5121731289449956 0.33013589128697046
0 0.3678990081154193 0.09832134292565947 0.37376014427412085 0.10231814548361312 0.3796212804328224 0.09992006394884093 0.3823264201983769 0.08233413269384492 0.3796212804328224 0.059952038369304565 0.369702434625789 0.05675459632294165 0.3651938683498648 0.060751398880895285 0.3651938683498648 0.08473221422861711 0.3678990081154193 0.09832134292565947
0 0.23534715960324618 0.2222222222222222 0.2479711451758341 0.22302158273381298 0.25022542831379624 0.21422861710631497 0.25022542831379624 0.19584332533972823 0.24481514878268712 0.1806554756195044 0.24211000901713256 0.1774580335731415 0.23624887285843102 0.17585931254996007 0.2321911632100992 0.17585931254996007 0.22993688007213708 0.17905675459632295 0.22993688007213708 0.21822541966426862 0.23534715960324618 0.2222222222222222
0 0 0.16067146282973624 0 0.19744204636290968 0.008115419296663661 0.19984012789768185 0.018935978358881875 0.19744204636290968 0.020288548241659154 0.19424460431654678 0.02073940486925158 0.1774580335731415 0.019837691614066726 0.1542765787370104 0.011722272317403066 0.14628297362110312 0.004508566275924256 0.1486810551558753 0.0018034265103697026 0.15987210231814547 0 0.16067146282973624
0 0.21055004508566277 0.9584332533972821 0.22001803426510372 0.9584332533972821 0.2236248872858431 0.9608313349320544 0.22633002705139765 0.9512390087929657 0.22633002705139765 0.9184652278177459 0.22272317403065825 0.915267785771383 0.21596032461677186 0.915267785771383 0.21190261496844004 0.9232613908872902 0.20649233543733095 0.9280575539568345 0.20694319206492334 0.9536370903277379 0.21055004508566277 0.9584332533972821
0 0.14743011722272317 0.8521183053557154 0.15554553651938682 0.8561151079136692 0.16230838593327324 0.8545163868904877 0.16411181244364292 0.8409272581934453 0.16411181244364292 0.8233413269384493 0.1618575293056808 0.8161470823341327 0.14878268710550044 0.8161470823341327 0.14743011722272317 0.8177458033573143 0.14652840396753833 0.827338129496403 0.1460775473399459 0.8481215027977619 0.14743011722272317 0.8521183053557154
0 0.46393146979260597 0.6019184652278178 0.4675383228133454 0.6067146282973622 0.47249774571686204 0.6067146282973622 0.47520288548241657 0.6011191047162271 0.4765554553651939 0.5787370103916867 0.47069431920649235 0.5675459632294165 0.4657348963029757 0.565947242206235 0.4625788999098287 0.5683453237410072 0.46167718665464386 0.5771382893685052 0.46393146979260597 0.6019184652278178
0 0.06176735798016231 0.8529176658673061 0.06988277727682597 0.8561151079136692 0.08160504959422904 0.8561151079136692 0.0825067628494139 0.8409272581934453 0.08025247971145176 0.8297362110311751 0.06357078449053201 0.8281374900079936 0.060414788097385035 0.8305355715427658 0.059963931469792606 0.844924060751399 0.06176735798016231 0.8529176658673061
0 0.2894499549143373 0.2965627498001599 0.2917042380522994 0.29896083133493206 0.29981965734896304 0.2965627498001599 0.3011722272317403 0.2805755395683453 0.2966636609558161 0.26538768984812156 0.2921550946798918 0.2637889688249401 0.2885482416591524 0.2677857713828937 0.28809738503155996 0.28617106314948043 0.2894499549143373 0.2965627498001599
0 0.014878268710550046 0.636290967226219 0.02254283137962128 0.6346922462030377 0.024346257889990983 0.6171063149480416 0.023895401262398558 0.5947242206235012 0.019837691614066726 0.5915267785771383 0.013976555455365193 0.5915267785771383 0.009467989179440937 0.5931254996003198 0.007664562669071236 0.5987210231814549 0.00721370604147881 0.6322941646682655 0.014878268710550046 0.636290967226219
0 0.2655545536519387 0.48441247002398086 0.2745716862037872 0.48920863309352525 0.28268710550045084 0.4876099120703437 0.28539224526600543 0.4668265387689848 0.28313796212804326 0.4452438049560352 0.2687105500450857 0.442845723421263 0.26420198376916143 0.44604316546762596 0.26420198376916143 0.4772182254196643 0.2655545536519387 0.48441247002398086
0 0.6555455365193867 0.13589128697042366 0.6636609558160506 0.1334932054356515 0.6650135256988278 0.13029576338928858 0.6650135256988278 0.10871302957633892 0.6614066726780884 0.0959232613908873 0.6596032461677187 0.09912070343725021 0.654643823264202 0.09992006394884093 0.6528403967538323 0.10551558752997602 0.6532912533814247 0.1334932054356515 0.6555455365193867 0.13589128697042366
0 0.44274120829576197 0.03437250199840128 0.44905320108205593 0.03357314148681055 0.4504057709648332 0.031175059952038373 0.45311091073038773 0.017585931254996006 0.45311091073038773 0.011990407673860913 0.45130748422001804 0.007993605115907274 0.4386834986474301 0.00639488409272582 0.4355275022542831 0.01278976818545164 0.4355275022542831 0.032773780975219824 0.44274120829576197 0.03437250199840128
0 0.4630297565374211 0.982414068745004 0.4711451758340848 0.9856115107913669 0.47475202885482415 0.9800159872102319 0.47565374211000905 0.9656274980015987 0.4675383228133454 0.9552358113509193 0.4630297565374211 0.9576338928856915 0.46032461677186653 0.9696243005595524 0.45987376014427417 0.9776179056754596 0.4630297565374211 0.982414068745004
0 0.5640216411181245 0.4276578737010392 0.5676284941388638 0.43085531574740216 0.5811541929666366 0.43085531574740216 0.5829576194770063 0.42845723421262993 0.5825067628494138 0.4100719424460432 0.5775473399458972 0.4020783373301359 0.5752930568079351 0.3996802557953637 0.5671776375112715 0.3996802557953637 0.563570784490532 0.40447641886490815 0.5626690712353472 0.416466826538769 0.5640216411181245 0.4276578737010392
0 0.009918845807033363 0.5395683453237411 0.01848512173128945 0.542765787370104 0.023444544634806132 0.5403677058353318 0.023895401262398558 0.521982414068745 0.02164111812443643 0.5179856115107914 0.013525698827772768 0.5139888089528377 0.008566275924256087 0.5171862509992007 0.007664562669071236 0.5275779376498801 0.009918845807033363 0.5395683453237411
0 0.5049594229035167 0.0407673860911271 0.5153291253381425 0.04396482813749002 0.5216411181244364 0.03756994404476419 0.5279531109107304 0.03597122302158274 0.5288548241659152 0.02238209432454037 0.5247971145175834 0.015187849720223821 0.5112714156898106 0.011191047162270184 0.5081154192966637 0.007993605115907274 0.5040577096483319 0.011990407673860913 0.503155996393147 0.018385291766586733 0.5027051397655545 0.032773780975219824 0.5049594229035167 0.0407673860911271
0 0.12353471596032461 0.3741007194244605 0.13570784490532012 0.3788968824940048 0.14021641118124437 0.3788968824940048 0.14156898106402163 0.3764988009592326 0.14337240757439135 0.3645083932853717 0.1424706943192065 0.354916067146283 0.1406672678088368 0.35091926458832934 0.1289449954914337 0.34852118305355717 0.12218214607754734 0.3525179856115108 0.1212804328223625 0.3629096722621903 0.12353471596032461 0.3741007194244605
0 0.20018034265103696 0.47002398081534774 0.21055004508566277 0.4708233413269384 0.21370604147880973 0.4668265387689848 0.21415689810640218 0.44924060751398887 0.21009918845807032 0.43645083932853723 0.20649233543733095 0.43325339728217427 0.20243462578899912 0.43325339728217427 0.19972948602344456 0.4356514788169465 0.19792605951307485 0.442845723421263 0.19792605951307485 0.4612310151878497 0.20018034265103696 0.47002398081534774
0 0.19431920649233542 0.7601918465227818 0.20108205590622183 0.7593924860111911 0.20288548241659152 0.7450039968025579 0.2006311992786294 0.7354116706634692 0.1988277727682597 0.7322142286171064 0.1952209197475203 0.7314148681055157 0.19161406672678089 0.7370103916866507 0.19161406672678089 0.7577937649880097 0.19431920649233542 0.7601918465227818
0 0.45311091073038773 0.07753796962430057 0.4661857529305681 0.09192645883293366 0.47024346257889993 0.0903277378097522 0.47069431920649235 0.06314948041566747 0.4666366095581605 0.05915267785771383 0.45446348061316505 0.059952038369304565 0.4526600541027953 0.06314948041566747 0.45311091073038773 0.07753796962430057
0 0.5347159603246168 0.44604316546762596 0.5401262398557259 0.4452438049560352 0.542380522993688 0.4396482813749001 0.5441839495040577 0.4156674660271783 0.5437330928764653 0.4028776978417266 0.5414788097385032 0.39728217426059154 0.5365193868349865 0.3932853717026379 0.5252479711451759 0.39408473221422863 0.5229936880072137 0.39728217426059154 0.5216411181244364 0.40687450039968026 0.5220919747520288 0.4420463629096723 0.5347159603246168 0.44604316546762596
0 0.3363390441839495 0.31015187849720227 0.3417493237150586 0.31175059952038375 0.35121731289449953 0.30935251798561153 0.3534715960324617 0.30055955235811355 0.3534715960324617 0.26938449240607515 0.3503155996393147 0.2637889688249401 0.34580703336339047 0.2621902478017586 0.33814247069431924 0.2621902478017586 0.33498647430117223 0.2685851318944844 0.3345356176735798 0.3069544364508393 0.3363390441839495 0.31015187849720227
0 0.3065825067628494 0.6930455635491607 0.31424706943192066 0.6930455635491607 0.3165013525698828 0.6778577138289369 0.31424706943192066 0.6642685851318945 0.31109107303877365 0.6610711430855316 0.30387736699729484 0.6610711430855316 0.3007213706041479 0.6666666666666666 0.2993688007213706 0.6866506794564349 0.3065825067628494 0.6930455635491607
0 0.12308385933273219 0.47322142286171065 0.12939585211902616 0.4772182254196643 0.13345356176735798 0.47641886490807356 0.13570784490532012 0.47322142286171065 0.13706041478809738 0.4596322941646683 0.1339044183949504 0.45003996802557955 0.13074842200180342 0.44684252597921664 0.12263300270513977 0.44604316546762596 0.12082957619477007 0.45163868904876103 0.12037871956717765 0.46442845723421267 0.12308385933273219 0.47322142286171065
0 0.10955816050495942 0.4748201438848921 0.11587015329125337 0.4748201438848921 0.11902614968440037 0.4676258992805756 0.11947700631199279 0.42286171063149486 0.11722272317403065 0.4180655475619504 0.10865644724977458 0.4172661870503597 0.10550045085662758 0.4244604316546763 0.10550045085662758 0.47002398081534774 0.10955816050495942 0.4748201438848921
0 0.30613165013525695 0.973621103117506 0.3106402164111813 0.9760191846522782 0.31785392245266003 0.9744204636290967 0.3205590622182146 0.9568345323741008 0.3196573489630297 0.9392486011191048 0.31424706943192066 0.9328537170263789 0.30703336339044185 0.9336530775379696 0.3043282236248873 0.9376498800959233 0.3043282236248873 0.9600319744204637 0.30613165013525695 0.973621103117506
0 0.019386834986474304 0.959232613908873 0.030207394048692517 0.9576338928856915 0.03201082055906222 0.9520383693045564 0.032461677186654644 0.9352517985611511 0.02885482416591524 0.9216626698641087 0.02254283137962128 0.9168665067945644 0.014878268710550046 0.9176658673061552 0.012623985572587917 0.9216626698641087 0.013525698827772768 0.9560351718625101 0.019386834986474304 0.959232613908873
0 0.4842200180342651 0.4324540367705836 0.4945897204688909 0.434052757793765 0.49864743011722273 0.43085531574740216 0.4990982867448151 0.4140687450039968 0.4945897204688909 0.40687450039968026 0.49323715058611367 0.4004796163069545 0.4837691614066727 0.3980815347721823 0.4806131650135257 0.4028776978417266 0.48016230838593327 0.42046362909672264 0.4842200180342651 0.4324540367705836
0 0.3480613165013526 0.10391686650679458 0.3530207394048692 0.09992006394884093 0.351668169522092 0.07434052757793765 0.34986474301172227 0.07034372501998402 0.34039675383228135 0.06954436450839328 0.3376916140667268 0.0783373301358913 0.33814247069431924 0.10231814548361312 0.3480613165013526 0.10391686650679458
0 0.5468890892696122 0.6107114308553158 0.5590622182146078 0.6147082334132695 0.5626690712353472 0.6091127098321344 0.5649233543733093 0.5979216626698641 0.563570784490532 0.5835331734612311 0.5527502254283138 0.5803357314148682 0.5450856627592425 0.5811350919264588 0.5419296663660956 0.5843325339728218 0.5419296663660956 0.6011191047162271 0.5468890892696122 0.6107114308553158
0 0.49368800721370604 0.6227018385291766 0.5 0.6258992805755397 0.5117222723174031 0.6258992805755397 0.5135256988277728 0.6227018385291766 0.5144274120829576 0.6091127098321344 0.5121731289449956 0.595523581135092 0.5045085662759243 0.5947242206235012 0.4945897204688909 0.5987210231814549 0.49323715058611367 0.6011191047162271 0.49368800721370604 0.6227018385291766
0 0.12533814247069433 0.815347721822542 0.13345356176735798 0.818545163868905 0.13841298467087468 0.815347721822542 0.13931469792605952 0.8001598721023181 0.13706041478809738 0.7945643485211831 0.12398557258791705 0.7945643485211831 0.12353471596032461 0.809752198241407 0.12533814247069433 0.815347721822542
0 0.348512173128945 0.42206235011990406 0.35662759242560865 0.4260591526778577 0.3633904418394951 0.4260591526778577 0.366546438232642 0.42206235011990406 0.36880072137060416 0.4092725819344525 0.36880072137060416 0.39648281374900085 0.3669972948602344 0.3868904876099121 0.3557258791704238 0.38609112709832133 0.3489630297565374 0.390087929656275 0.34761045987376016 0.39648281374900085 0.3471596032461677 0.4180655475619504 0.348512173128945 0.42206235011990406
0 0.2944093778178539 0.8657074340527579 0.29981965734896304 0.871302957633893 0.30703336339044185 0.8705035971223022 0.30883678990081154 0.8665067945643485 0.3097385031559964 0.8545163868904877 0.3097385031559964 0.8441247002398081 0.30703336339044185 0.8289368505195844 0.30387736699729484 0.8249400479616307 0.2921550946798918 0.8249400479616307 0.2912533814247069 0.8321342925659473 0.2944093778178539 0.8657074340527579
0 0.3904418394950406 0.7002398081534772 0.3944995491433724 0.7066346922462031 0.4044183949504058 0.7050359712230216 0.41027953110910736 0.6842525979216627 0.40892696122633004 0.6634692246203038 0.40171325518485124 0.6506794564348523 0.3904418394950406 0.6506794564348523 0.38863841298467083 0.6554756195043965 0.3863841298467087 0.6714628297362111 0.3904418394950406 0.7002398081534772
0 0.029305680793507663 0.036770583533173466 0.04147880973850316 0.036770583533173466 0.049143372407574396 0.032773780975219824 0.05004508566275924 0.011990407673860913 0.03606853020739405 0.007993605115907274 0.029305680793507663 0.009592326139088728 0.027953110910730387 0.01278976818545164 0.027953110910730387 0.0319744204636291 0.029305680793507663 0.036770583533173466
0 0.42290351668169524 0.5915267785771383 0.42560865644724977 0.5931254996003198 0.4323715058611362 0.5915267785771383 0.4337240757439134 0.5891286970423661 0.4355275022542831 0.5675459632294165 0.433273219116321 0.5603517186250999 0.42515779981965734 0.5571542765787371 0.415238954012624 0.5603517186250999 0.41568981064021643 0.5723421262989609 0.42290351668169524 0.5915267785771383
0 0.5130748422001803 0.1167066346922462 0.5189359783588818 0.12390087929656275 0.5306582506762849 0.12310151878497202 0.5324616771866546 0.11590727418065548 0.5293056807935077 0.0815347721822542 0.5256988277727683 0.07593924860111911 0.5148782687105501 0.07593924860111911 0.5126239855725879 0.07993605115907274 0.5117222723174031 0.10951239008792966 0.5130748422001803 0.1167066346922462
0 0.5536519386834987 0.44844124700239807 0.5586113615870153 0.4452438049560352 0.5581605049594229 0.42206235011990406 0.5536519386834987 0.41247002398081534 0.5464382326420198 0.41167066346922465 0.5437330928764653 0.4180655475619504 0.5428313796212805 0.43085531574740216 0.5428313796212805 0.44604316546762596 0.5536519386834987 0.44844124700239807
0 0.45987376014427417 0.042366107114308556 0.4711451758340848 0.04316546762589928 0.47790802524797116 0.03916866506794565 0.47745716862037874 0.01278976818545164 0.47610459873760147 0.010391686650679457 0.4648331830477908 0.010391686650679457 0.45897204688908927 0.017585931254996006 0.4571686203787196 0.024780175859312553 0.4571686203787196 0.036770583533173466 0.45987376014427417 0.042366107114308556
0 0.3954012623985573 0.9704236610711432 0.4035166816952209 0.9760191846522782 0.4075743913435528 0.9760191846522782 0.41073038773669973 0.9624300559552359 0.41118124436429215 0.9520383693045564 0.40847610459873757 0.9456434852118306 0.3976555455365194 0.9408473221422862 0.39404869251577995 0.9576338928856915 0.3935978358881876 0.9656274980015987 0.3954012623985573 0.9704236610711432
0 0.6411181244364292 0.27258193445243806 0.6465284039675383 0.27258193445243806 0.6492335437330929 0.26938449240607515 0.6510369702434625 0.26298960831334933 0.6510369702434625 0.2533972821742606 0.6469792605951307 0.23820943245403678 0.6348061316501352 0.23261390887290168 0.6298467087466186 0.2334132693844924 0.6275924256086564 0.23820943245403678 0.628043282236249 0.2685851318944844 0.6411181244364292 0.27258193445243806
0 0.11316501352569883 0.5819344524380495 0.11767357980162309 0.5851318944844125 0.12714156898106402 0.5827338129496403 0.1280432822362489 0.5691446842525979 0.12398557258791705 0.5619504396482814 0.11632100991884581 0.5603517186250999 0.11226330027051398 0.5667466027178258 0.11181244364292155 0.5763389288569145 0.11316501352569883 0.5819344524380495
0 0.32461677186654647 0.013589128697042365 0.3313796212804328 0.016786570743405275 0.34220018034265104 0.015187849720223821 0.34220018034265104 0 0.3223624887285843 0 0.3223624887285843 0.009592326139088728 0.32461677186654647 0.013589128697042365
0 0.1848512173128945 0.8641087130295764 0.20288548241659152 0.8657074340527579 0.20423805229936878 0.8633093525179857 0.20423805229936878 0.8441247002398081 0.19927862939585214 0.832933653077538 0.18530207394048692 0.8345323741007195 0.1825969341749324 0.8377298161470824 0.1825969341749324 0.8529176658673061 0.1848512173128945 0.8641087130295764
0 0.2357980162308386 0.8497202238209433 0.24030658250676284 0.8553157474020784 0.24436429215509467 0.8545163868904877 0.2479711451758341 0.841726618705036 0.24616771866546439 0.8233413269384493 0.24346257889990983 0.8201438848920864 0.2357980162308386 0.8201438848920864 0.2339945897204689 0.8233413269384493 0.23354373309287646 0.8345323741007195 0.2357980162308386 0.8497202238209433