0 0.33949504057709645 0.9992006394884093 0.3408476104598738 0.9768185451638689 0.33814247069431924 0.9680255795363709 0.32326420198376915 0.9640287769784173 0.3174030658250676 0.9656274980015987 0.3160504959422904 0.9688249400479617 0.3160504959422904 0.9992006394884093 0.33949504057709645 0.9992006394884093
0 0.6541929666366095 0.3309352517985612 0.6636609558160506 0.3349320543565148 0.672678088367899 0.33253397282174263 0.6762849413886385 0.3237410071942446 0.6762849413886385 0.29896083133493206 0.6627592425608656 0.2885691446842526 0.6541929666366095 0.28936850519584334 0.6528403967538323 0.29576338928856916 0.65238954012624 0.32773780975219824 0.6541929666366095 0.3309352517985612
0 0.6587015329125337 0.12150279776179057 0.6641118124436429 0.12709832134292565 0.6699729486023445 0.12709832134292565 0.674932371505861 0.12310151878497202 0.6767357980162308 0.11910471622701839 0.6776375112714157 0.10711430855315748 0.675834084761046 0.08473221422861711 0.672678088367899 0.08073541167066348 0.6591523895401262 0.0815347721822542 0.6573489630297565 0.08473221422861711 0.6568981064021642 0.1135091926458833 0.6587015329125337 0.12150279776179057
0 0.7155094679891795 0.43085531574740216 0.7326420198376916 0.43165467625899284 0.7348963029756538 0.42845723421262993 0.7344454463480614 0.4100719424460432 0.7312894499549144 0.40367705835331735 0.7168620378719567 0.3980815347721823 0.7137060414788097 0.40687450039968026 0.7132551848512173 0.42206235011990406 0.7155094679891795 0.43085531574740216
0 0.30613165013525695 0.07513988808952839 0.3174030658250676 0.07354116706634693 0.31875563570784493 0.06874500399680256 0.31875563570784493 0.04876099120703437 0.3160504959422904 0.03756994404476419 0.31109107303877365 0.032773780975219824 0.3034265103697024 0.032773780975219824 0.30252479711451763 0.03517186250999201 0.30297565374211 0.07274180655475619 0.30613165013525695 0.07513988808952839
0 0.784941388638413 0.1486810551558753 0.7971145175834086 0.15027977617905677 0.8011722272317404 0.14708233413269386 0.8016230838593328 0.12230215827338131 0.796663660955816 0.10871302957633892 0.7862939585211903 0.10951239008792966 0.7831379621280433 0.1278976818545164 0.7826871055004508 0.14148681055155876 0.784941388638413 0.1486810551558753
0 0.9138863841298467 0.5571542765787371 0.930117222723174 0.5603517186250999 0.9382326420198377 0.5579536370903277 0.939585211902615 0.5507593924860112 0.9391343552750226 0.5395683453237411 0.9314697926059514 0.5171862509992007 0.9242560865644726 0.5139888089528377 0.9147880973850315 0.5139888089528377 0.9120829576194771 0.5267785771382895 0.9111812443642923 0.5451638689048761 0.9138863841298467 0.5571542765787371
0 0.666366095581605 0.24460431654676262 0.6816952209197475 0.24460431654676262 0.6834986474301172 0.2358113509192646 0.6834986474301172 0.22462030375699443 0.6825969341749324 0.2126298960831335 0.6785392245266005 0.19344524380495606 0.6713255184851218 0.19024780175859313 0.6645626690712354 0.19344524380495606 0.6605049594229035 0.19904076738609114 0.6605049594229035 0.23980815347721826 0.666366095581605 0.24460431654676262
0 0.2168620378719567 0.45643485211830537 0.2407574391343553 0.4572342126298961 0.24436429215509467 0.460431654676259 0.24752028854824168 0.45643485211830537 0.24887285843101895 0.42366107114308554 0.24616771866546439 0.416466826538769 0.23850315599639313 0.4132693844924061 0.22046889089269614 0.4132693844924061 0.218214607754734 0.4156674660271783 0.2164111812443643 0.42286171063149486 0.2146077547339946 0.44604316546762596 0.2168620378719567 0.45643485211830537
0 0.5045085662759243 0.40687450039968026 0.5126239855725879 0.4140687450039968 0.5135256988277728 0.4260591526778577 0.5153291253381425 0.42845723421262993 0.5234445446348062 0.42845723421262993 0.5266005410279532 0.4260591526778577 0.5306582506762849 0.407673860911271 0.5311091073038774 0.3908872901678657 0.5261496844003607 0.3788968824940048 0.5225428313796213 0.3756994404476419 0.5121731289449956 0.3749000799360512 0.5054102795311091 0.37729816147082335 0.5036068530207394 0.38049560351718625 0.503155996393147 0.39408473221422863 0.5045085662759243 0.40687450039968026
0 0.7191163210099188 0.6306954436450839 0.7204688908926962 0.6338928856914469 0.736248872858431 0.6370903277378098 0.74165915238954 0.6330935251798562 0.74165915238954 0.6195043964828137 0.739404869251578 0.6091127098321344 0.7308385933273219 0.60431654676259 0.7227231740306583 0.60431654676259 0.7191163210099188 0.6083133493205436 0.7182146077547341 0.6155075939248602 0.7191163210099188 0.6306954436450839
0 0.8701532912533815 0.6195043964828137 0.8935978358881875 0.6211031175059952 0.8967538322813345 0.6163069544364509 0.8976555455365194 0.5947242206235012 0.8931469792605952 0.5859312549960032 0.8836789900811541 0.5811350919264588 0.8710550045085662 0.5803357314148682 0.8688007213706042 0.5827338129496403 0.8674481514878268 0.5907274180655476 0.8669972948602345 0.6099120703437251 0.8701532912533815 0.6195043964828137
0 0.5139765554553652 0.5155875299760192 0.5234445446348062 0.5171862509992007 0.5297565374211001 0.5147881694644285 0.5306582506762849 0.5035971223021583 0.5293056807935077 0.4948041566746603 0.5193868349864743 0.48840927258193445 0.5153291253381425 0.48920863309352525 0.5130748422001803 0.4924060751398881 0.5126239855725879 0.5107913669064749 0.5139765554553652 0.5155875299760192
0 0.18169522091974755 0.1654676258992806 0.2006311992786294 0.16626698641087131 0.20288548241659152 0.16386890487609912 0.20513976555455368 0.15027977617905677 0.20468890892696123 0.1366906474820144 0.20288548241659152 0.1334932054356515 0.19792605951307485 0.13189448441247004 0.18755635707844906 0.13269384492406078 0.17944093778178538 0.14468425259792167 0.17853922452660054 0.1566746602717826 0.18169522091974755 0.1654676258992806
0 0.9319206492335438 0.64828137490008 0.939585211902615 0.6514788169464429 0.9513074842200181 0.6514788169464429 0.9540126239855725 0.6474820143884892 0.954463480613165 0.627498001598721 0.9531109107303878 0.6211031175059952 0.9499549143372408 0.6187050359712231 0.939585211902615 0.6187050359712231 0.9319206492335438 0.6203037569944045 0.930117222723174 0.6235011990407675 0.9296663660955816 0.6346922462030377 0.9319206492335438 0.64828137490008
0 0.48692515779981965 0.7018385291766587 0.4945897204688909 0.7066346922462031 0.5058611361587015 0.7034372501998403 0.5072137060414789 0.697841726618705 0.5013525698827773 0.6578737010391686 0.4981965734896303 0.6522781774580336 0.49098286744815145 0.6514788169464429 0.4882777276825969 0.6546762589928058 0.48737601442741213 0.6594724220623502 0.4860234445446348 0.6706634692246204 0.48692515779981965 0.7018385291766587
0 0.7466185752930569 0.0959232613908873 0.75834084761046 0.09752198241406874 0.7596934174932372 0.09512390087929656 0.7596934174932372 0.07753796962430057 0.7533814247069431 0.06954436450839328 0.7461677186654645 0.06954436450839328 0.742560865644725 0.0815347721822542 0.742560865644725 0.09112709832134293 0.7466185752930569 0.0959232613908873
0 0.8007213706041478 0.059952038369304565 0.8020739404869252 0.0639488409272582 0.8097385031559965 0.07114308553157474 0.8183047790802525 0.07114308553157474 0.8223624887285843 0.0671462829736211 0.8219116321009919 0.05435651478816946 0.8174030658250677 0.04796163069544365 0.8133453561767359 0.045563549160671464 0.796663660955816 0.04636290967226219 0.796663660955816 0.0639488409272582 0.8007213706041478 0.059952038369304565
0 0.6235347159603246 0.6474820143884892 0.6406672678088369 0.6490807354116707 0.6442741208295762 0.6466826538768985 0.6460775473399459 0.6219024780175859 0.6406672678088369 0.6019184652278178 0.6266907123534716 0.5995203836930456 0.6244364292155096 0.6019184652278178 0.6221821460775473 0.6139088729016786 0.6217312894499549 0.6418864908073542 0.6235347159603246 0.6474820143884892
0 0.5915238954012624 0.9992006394884093 0.6149684400360685 0.9992006394884093 0.6158701532912535 0.973621103117506 0.6145175834084761 0.9704236610711432 0.5996393146979261 0.9672262190247802 0.5951307484220018 0.9608313349320544 0.5919747520288549 0.9648281374900081 0.5906221821460775 0.9768185451638689 0.5901713255184852 0.9920063948840928 0.5915238954012624 0.9992006394884093
0 0.6194770063119928 0.8217426059152678 0.6230838593327321 0.8249400479616307 0.6253381424706943 0.8217426059152678 0.6275924256086564 0.82414068745004 0.6235347159603246 0.8193445243804957 0.6194770063119928 0.8193445243804957 0.6194770063119928 0.8217426059152678
0 0.34986474301172227 0.07513988808952839 0.369702434625789 0.0783373301358913 0.37466185752930564 0.07434052757793765 0.3751127141568981 0.05755395683453238 0.36880072137060416 0.04316546762589928 0.351668169522092 0.04316546762589928 0.348512173128945 0.049560351718625106 0.3480613165013526 0.06954436450839328 0.34986474301172227 0.07513988808952839
0 0.4197475202885482 0.7841726618705037 0.4260595130748422 0.7993605115907274 0.45987376014427417 0.7993605115907274 0.46032461677186653 0.7777777777777778 0.45761947700631195 0.765787370103917 0.4206492335437331 0.7617905675459633 0.4188458070333634 0.7649880095923263 0.4197475202885482 0.7841726618705037
0 0.869702434625789 0.35891286970423664 0.8773669972948602 0.3605115907274181 0.8805229936880072 0.3597122302158273 0.8827772768259693 0.3557154276578737 0.8823264201983769 0.33812949640287776 0.8769161406672679 0.33253397282174263 0.8688007213706042 0.3333333333333333 0.8656447249774571 0.34372501998401284 0.8656447249774571 0.35171862509992013 0.869702434625789 0.35891286970423664
0 0.891794409377818 0.05675459632294165 0.9080252479711453 0.059952038369304565 0.9129846708746618 0.05355715427657874 0.9134355275022543 0.03836930455635491 0.9093778178539225 0.030375699440447643 0.9008115419296664 0.02557953637090328 0.8913435527502254 0.02717825739408473 0.8890892696122633 0.029576338928856916 0.8895401262398558 0.04796163069544365 0.891794409377818 0.05675459632294165
0 0.2551848512173129 0.2238209432454037 0.27412082957619477 0.22541966426858515 0.2763751127141569 0.22462030375699443 0.2795311091073039 0.21742605915267785 0.28088367899008115 0.19264588329336532 0.27592425608656446 0.1830535571542766 0.26194770063119927 0.1774580335731415 0.2556357078449053 0.17825739408473223 0.25293056807935077 0.18465227817745802 0.2515779981965735 0.19824140687450043 0.2511271415689811 0.21822541966426862 0.2551848512173129 0.2238209432454037
0 0.8431018935978359 0.7921662669864108 0.8507664562669072 0.7961630695443646 0.8624887285843102 0.7961630695443646 0.8656447249774571 0.7921662669864108 0.8669972948602345 0.7649880095923263 0.8498647430117223 0.7609912070343725 0.8453561767357981 0.7609912070343725 0.8417493237150586 0.7649880095923263 0.8412984670874663 0.7857713828936851 0.8431018935978359 0.7921662669864108
0 0.5311091073038774 0.9776179056754596 0.5401262398557259 0.9816147082334133 0.545536519386835 0.9768185451638689 0.5464382326420198 0.9632294164668266 0.5437330928764653 0.9560351718625101 0.5351668169522091 0.9520383693045564 0.5293056807935077 0.9552358113509193 0.5284039675383229 0.9584332533972821 0.5279531109107304 0.9704236610711432 0.5311091073038774 0.9776179056754596
0 0.4981965734896303 0.3069544364508393 0.506311992786294 0.3069544364508393 0.5081154192966637 0.30295763389288566 0.5085662759242561 0.29576338928856916 0.5085662759242561 0.2829736211031175 0.5067628494138864 0.27258193445243806 0.5049594229035167 0.26938449240607515 0.49639314697926057 0.26618705035971224 0.49323715058611367 0.26938449240607515 0.49233543733092877 0.2749800159872102 0.49233543733092877 0.30055955235811355 0.4981965734896303 0.3069544364508393
0 0.369702434625789 0.3317346123101519 0.3805229936880072 0.3333333333333333 0.39089269612263305 0.328537170263789 0.39179440937781784 0.3181454836131095 0.38773669972948605 0.30375699440447645 0.38548241659152394 0.30055955235811355 0.37240757439134353 0.2997601918465228 0.3701532912533814 0.3061550759392486 0.36880072137060416 0.3149480415667466 0.369702434625789 0.3317346123101519
0 0.7376014427412083 0.4612310151878497 0.7412082957619477 0.46442845723421267 0.7533814247069431 0.4668265387689848 0.7587917042380523 0.4636290967226219 0.760595130748422 0.4532374100719425 0.760595130748422 0.44124700239808157 0.75834084761046 0.4276578737010392 0.7538322813345357 0.4244604316546763 0.7443642921550947 0.42366107114308554 0.7407574391343553 0.425259792166267 0.7353471596032463 0.4324540367705836 0.7344454463480614 0.4444444444444444 0.7376014427412083 0.4612310151878497
0 0.44183949504057707 0.2901678657074341 0.44454463480613166 0.293365307753797 0.4679891794409378 0.2965627498001599 0.47475202885482415 0.293365307753797 0.4792605951307485 0.2853717026378897 0.4792605951307485 0.27098321342925663 0.47700631199278626 0.26298960831334933 0.4715960324616772 0.25739408473221426 0.46393146979260597 0.2549960031974421 0.45356176735798015 0.2557953637090328 0.4454463480613165 0.2613908872901679 0.44183949504057707 0.2685851318944844 0.44048692515779986 0.28377298161470826 0.44183949504057707 0.2901678657074341
0 0.5018034265103697 0.9744204636290967 0.5175834084761046 0.9784172661870505 0.5234445446348062 0.9744204636290967 0.5252479711451759 0.9608313349320544 0.5216411181244364 0.9464428457234213 0.5045085662759243 0.9424460431654678 0.5009017132551848 0.9512390087929657 0.5004508566275925 0.9704236610711432 0.5018034265103697 0.9744204636290967
0 0.9075743913435527 0.7474020783373301 0.9359783588818756 0.7505995203836932 0.9427412082957619 0.748201438848921 0.9486023444544635 0.7410071942446044 0.9454463480613166 0.7290167865707434 0.9391343552750226 0.7234212629896084 0.9125338142470695 0.718625099920064 0.9084761045987376 0.718625099920064 0.9053201082055906 0.7218225419664269 0.9048692515779982 0.7434052757793765 0.9075743913435527 0.7474020783373301
0 0.2578899909828674 0.2797761790567546 0.2745716862037872 0.28457234212629895 0.2795311091073039 0.2821742605915268 0.28043282236248873 0.2565947242206235 0.2781785392245266 0.2517985611510791 0.27141568981064024 0.24940047961630699 0.2587917042380523 0.2501998401278977 0.2560865644724978 0.2637889688249401 0.2556357078449053 0.2733812949640288 0.2578899909828674 0.2797761790567546
0 0.9211000901713255 0.45643485211830537 0.9251577998196574 0.45643485211830537 0.9287646528403968 0.4532374100719425 0.9305680793507665 0.44364508393285373 0.9296663660955816 0.43884892086330934 0.9220018034265104 0.4348521183053557 0.9156898106402165 0.43645083932853723 0.9138863841298467 0.4404476418864908 0.9147880973850315 0.4524380495603517 0.9211000901713255 0.45643485211830537
0 0.25067628494138866 0.4668265387689848 0.25653742110009015 0.47002398081534774 0.27366997294860235 0.47002398081534774 0.2750225428313796 0.4612310151878497 0.2745716862037872 0.44364508393285373 0.27141568981064024 0.434052757793765 0.2551848512173129 0.43005595523581136 0.2511271415689811 0.43005595523581136 0.24932371505861137 0.4324540367705836 0.24887285843101895 0.46282973621103124 0.25067628494138866 0.4668265387689848
0 0.8832281334535618 0.12070343725019984 0.9044183949504058 0.12310151878497202 0.9080252479711453 0.11750599520383694 0.9075743913435527 0.10631494804156676 0.9008115419296664 0.09432454036770584 0.8868349864743011 0.09192645883293366 0.8836789900811541 0.09272581934452438 0.8814247069431921 0.09752198241406874 0.8805229936880072 0.11430855315747403 0.8832281334535618 0.12070343725019984
0 0.6298467087466186 0.4740207833733014 0.6442741208295762 0.47641886490807356 0.6501352569882777 0.4708233413269384 0.6505861136158702 0.45643485211830537 0.6474301172227231 0.4420463629096723 0.6325518485121732 0.4396482813749001 0.6293958521190262 0.442845723421263 0.6284941388638413 0.4676258992805756 0.6298467087466186 0.4740207833733014
0 0.9183949504057709 0.40447641886490815 0.9323715058611362 0.40687450039968026 0.9359783588818756 0.40367705835331735 0.9368800721370605 0.39168665067945646 0.9355275022542832 0.3820943245403677 0.9183949504057709 0.37969624300559557 0.9170423805229937 0.3844924060751399 0.9165915238954013 0.39728217426059154 0.9183949504057709 0.40447641886490815
0 0.7470694319206492 0.33253397282174263 0.7538322813345357 0.33812949640287776 0.7628494138863842 0.33812949640287776 0.7660054102795312 0.3349320543565148 0.7660054102795312 0.3149480415667466 0.7619477006311993 0.30295763389288566 0.7506762849413887 0.30135891286970423 0.7457168620378719 0.30295763389288566 0.7439134355275022 0.3061550759392486 0.7439134355275022 0.3253397282174261 0.7470694319206492 0.33253397282174263
0 0.5770964833183048 0.6866506794564349 0.5973850315599639 0.6866506794564349 0.6005410279531108 0.6802557953637091 0.6014427412082958 0.6650679456434853 0.5982867448151488 0.6610711430855316 0.587917042380523 0.6586730615507593 0.5739404869251578 0.6610711430855316 0.5703336339044184 0.6650679456434853 0.5707844905320109 0.6778577138289369 0.5770964833183048 0.6866506794564349
0 0.9355275022542832 0.37250199840127896 0.9377817853922452 0.3749000799360512 0.9490532010820559 0.3764988009592326 0.9522091974752029 0.3741007194244605 0.95536519386835 0.3573141486810552 0.9535617673579802 0.32773780975219824 0.9481514878268711 0.3205435651478817 0.9382326420198377 0.3205435651478817 0.9350766456266908 0.3229416466826539 0.9341749323715058 0.32933653077537967 0.9337240757439135 0.35171862509992013 0.9355275022542832 0.37250199840127896
0 0.8579801623083859 0.6898481215027978 0.8611361587015329 0.6922462030375699 0.8854824165915239 0.6986410871302958 0.8895401262398558 0.6962430055955237 0.8922452660054103 0.6906474820143885 0.891794409377818 0.6762589928057555 0.8872858431018936 0.6642685851318945 0.8836789900811541 0.6642685851318945 0.8823264201983769 0.6690647482014389 0.8647430117222724 0.6682653876898482 0.8584310189359784 0.6722621902478018 0.8561767357980163 0.6842525979216627 0.8579801623083859 0.6898481215027978
0 0.3174030658250676 0.5579536370903277 0.32461677186654647 0.5595523581135092 0.32822362488728585 0.5571542765787371 0.3291253381424707 0.5411670663469225 0.32867448151487827 0.5283772981614708 0.327321911632101 0.525179856115108 0.30703336339044185 0.5243804956035172 0.30297565374211 0.5283772981614708 0.3034265103697024 0.5475619504396483 0.3174030658250676 0.5579536370903277
0 0.7506762849413887 0.030375699440447643 0.75834084761046 0.031175059952038373 0.7642019837691614 0.023980815347721826 0.7633002705139765 0.017585931254996006 0.7601442741208296 0.011191047162270184 0.7497745716862038 0.010391686650679457 0.7470694319206492 0.01278976818545164 0.7475202885482417 0.024780175859312553 0.7506762849413887 0.030375699440447643
0 0.6194770063119928 0.7609912070343725 0.6266907123534716 0.762589928057554 0.6375112714156899 0.7593924860111911 0.6384129846708747 0.7442046362909672 0.636609558160505 0.7402078337330137 0.630297565374211 0.7362110311750599 0.6208295761947701 0.7354116706634692 0.6185752930568079 0.7410071942446044 0.6181244364292156 0.7561950439648283 0.6194770063119928 0.7609912070343725
0 0.5982867448151488 0.6474820143884892 0.6064021641118125 0.64828137490008 0.608205590622182 0.645083932853717 0.6100090171325518 0.6338928856914469 0.6100090171325518 0.6195043964828137 0.6077547339945897 0.6019184652278178 0.6045987376014428 0.5971223021582733 0.5982867448151488 0.5971223021582733 0.5951307484220018 0.6003197442046363 0.5951307484220018 0.642685851318945 0.5982867448151488 0.6474820143884892
0 0.23128944995491435 0.016786570743405275 0.23489630297565375 0.032773780975219824 0.24391343552750228 0.03597122302158274 0.2520288548241659 0.03597122302158274 0.2583408476104599 0.032773780975219824 0.25924256086564473 0.01278976818545164 0.2560865644724978 0 0.23264201983769162 0 0.23083859332732193 0.007993605115907274 0.23128944995491435 0.016786570743405275
0 0.5743913435527502 0.49640287769784175 0.5856627592425608 0.5003996802557954 0.6023444544634806 0.5011990407673861 0.6122633002705139 0.5059952038369305 0.6181244364292156 0.49800159872102323 0.6199278629395851 0.4756195043964829 0.6163210099188459 0.4532374100719425 0.5960324616771866 0.4524380495603517 0.5798016230838593 0.4476418864908074 0.5743913435527502 0.4476418864908074 0.5725879170423805 0.4532374100719425 0.5707844905320109 0.49000799360511593 0.5743913435527502 0.49640287769784175
0 0.7110009017132553 0.844924060751399 0.7249774571686204 0.8497202238209433 0.7326420198376916 0.8497202238209433 0.7385031559963932 0.844924060751399 0.739404869251578 0.818545163868905 0.7353471596032463 0.8033573141486812 0.715960324616772 0.800959232613909 0.7091974752028855 0.8041566746602719 0.7087466185752931 0.832933653077538 0.7110009017132553 0.844924060751399
0 0.6009918845807034 0.1015187849720224 0.602795311091073 0.12549960031974422 0.6104598737601443 0.13189448441247004 0.6266907123534716 0.1310951239008793 0.6293958521190262 0.1167066346922462 0.6266907123534716 0.08872901678657075 0.6181244364292156 0.08313349320543566 0.60595130748422 0.08073541167066348 0.6023444544634806 0.08233413269384492 0.6009918845807034 0.08713029576338929 0.6009918845807034 0.1015187849720224
0 0.7272317403065826 0.5163868904876099 0.7321911632100992 0.5195843325339728 0.739404869251578 0.5195843325339728 0.7457168620378719 0.5147881694644285 0.7479711451758341 0.4932054356514788 0.7466185752930569 0.4876099120703437 0.7303877366997296 0.4836131095123901 0.7272317403065826 0.4860111910471623 0.7258791704238052 0.4908073541167067 0.7254283137962128 0.5107913669064749 0.7272317403065826 0.5163868904876099
0 0.60595130748422 0.050359712230215826 0.6230838593327321 0.05275779376498801 0.6257889990982868 0.049560351718625106 0.6275924256086564 0.03916866506794565 0.6208295761947701 0.02158273381294964 0.602795311091073 0.02158273381294964 0.6023444544634806 0.03357314148681055 0.60595130748422 0.050359712230215826
0 0.28809738503155996 0.5851318944844125 0.2975653742110009 0.5827338129496403 0.2993688007213706 0.577937649880096 0.3007213706041479 0.5643485211830536 0.2980162308385933 0.525179856115108 0.29260595130748424 0.5227817745803358 0.28313796212804326 0.5243804956035172 0.2799819657348963 0.5435651478816946 0.27908025247971147 0.5795363709032775 0.28809738503155996 0.5851318944844125
0 0.8615870153291254 0.4108713029576339 0.8656447249774571 0.4132693844924061 0.8733092876465285 0.41247002398081534 0.8746618575293057 0.40527577937649883 0.8737601442741209 0.38609112709832133 0.8706041478809738 0.3820943245403677 0.8620378719567178 0.3828936850519585 0.860234445446348 0.38609112709832133 0.8615870153291254 0.4108713029576339
0 0.6127141568981065 0.9960031974420465 0.6122633002705139 0.9928057553956835 0.6109107303877367 0.9944044764188649 0.6127141568981065 0.9960031974420465
0 0.5933273219116322 0.9944044764188649 0.5919747520288549 0.9928057553956835 0.5919747520288549 0.9952038369304558 0.5933273219116322 0.9944044764188649
0 0.6176735798016231 0.82414068745004 0.6248872858431019 0.8281374900079936 0.6325518485121732 0.8289368505195844 0.6375112714156899 0.827338129496403 0.6393146979260594 0.82414068745004 0.6411181244364292 0.8001598721023181 0.6393146979260594 0.7945643485211831 0.6348061316501352 0.7921662669864108 0.6194770063119928 0.7921662669864108 0.6163210099188459 0.8017585931254997 0.6158701532912535 0.8129496402877698 0.6176735798016231 0.82414068745004
0 0.7308385933273219 0.059952038369304565 0.7357980162308386 0.06314948041566747 0.7430117222723175 0.062350119904076746 0.7723174030658251 0.06874500399680256 0.7754733994589721 0.06634692246203039 0.7768259693417493 0.060751398880895285 0.7759242560865645 0.049560351718625106 0.7727682596934174 0.04396482813749002 0.7439134355275022 0.04156674660271783 0.733092876465284 0.04156674660271783 0.729936880072137 0.04396482813749002 0.7290351668169522 0.05115907274180656 0.7308385933273219 0.059952038369304565
0 0.30928764652840396 0.3429256594724221 0.33047790802524796 0.3445243804956035 0.33543733092876465 0.3413269384492406 0.33949504057709645 0.3045563549160672 0.33994589720468893 0.2677857713828937 0.33859332732191166 0.2621902478017586 0.31875563570784493 0.25739408473221426 0.3133453561767358 0.26059152677857716 0.3106402164111813 0.2733812949640288 0.30928764652840396 0.3069544364508393 0.3065825067628494 0.3205435651478817 0.30613165013525695 0.33812949640287776 0.30928764652840396 0.3429256594724221
0 0.35527502254283133 0.959232613908873 0.37060414788097384 0.9624300559552359 0.3764652840396754 0.9584332533972821 0.37736699729486023 0.9352517985611511 0.37466185752930564 0.9304556354916067 0.366546438232642 0.9264588329336532 0.35933273219116324 0.9264588329336532 0.3557258791704238 0.9272581934452439 0.35437330928764654 0.9328537170263789 0.3534715960324617 0.9560351718625101 0.35527502254283133 0.959232613908873
0 0.38322813345356177 0.2478017585931255 0.39314697926059516 0.2533972821742606 0.3985572587917043 0.25259792166266987 0.4008115419296664 0.24620303756994405 0.3999098286744815 0.2238209432454037 0.39495040577096485 0.21902478017585933 0.38097385031559966 0.21982414068745004 0.3800721370604148 0.23261390887290168 0.38322813345356177 0.2478017585931255
0 0.8773669972948602 0.5155875299760192 0.8818755635707846 0.5187849720223822 0.8935978358881875 0.5211830535571543 0.8981064021641119 0.5211830535571543 0.9012623985572588 0.5179856115107914 0.903516681695221 0.5083932853717026 0.903516681695221 0.49880095923261397 0.9008115419296664 0.48920863309352525 0.8796212804328223 0.48201438848920863 0.876014427412083 0.48441247002398086 0.8742110009017132 0.49000799360511593 0.8742110009017132 0.5051958433253397 0.8773669972948602 0.5155875299760192
0 0.4386834986474301 0.6666666666666666 0.45311091073038773 0.6666666666666666 0.4630297565374211 0.6586730615507593 0.4643823264201984 0.6546762589928058 0.46393146979260597 0.6410871302957634 0.45671776375112716 0.6354916067146283 0.4386834986474301 0.6322941646682655 0.4337240757439134 0.6402877697841727 0.4341749323715059 0.6578737010391686 0.4386834986474301 0.6666666666666666
0 0.4661857529305681 0.03836930455635491 0.47610459873760147 0.04316546762589928 0.4855725879170424 0.04316546762589928 0.4891794409377818 0.03916866506794565 0.4905320108205591 0.032773780975219824 0.48963029756537424 0.018385291766586733 0.48737601442741213 0.007993605115907274 0.47790802524797116 0.003996802557953637 0.46393146979260597 0.003996802557953637 0.4612263300270514 0.008792965627498003 0.46167718665464386 0.02877697841726619 0.4661857529305681 0.03836930455635491