0 0.14697926059513075 0.6754596322941646 0.15284039675383226 0.6818545163868905 0.18575293056807937 0.6842525979216627 0.18935978358881875 0.6794564348521184 0.18755635707844906 0.6674660271782575 0.18169522091974755 0.6626698641087131 0.1510369702434626 0.657074340527578 0.14517583408476106 0.6618705035971224 0.14472497745716864 0.6682653876898482 0.14697926059513075 0.6754596322941646
0 0.5261496844003607 0.16866506794564348 0.5365193868349865 0.17026378896882494 0.5378719567177638 0.16786570743405277 0.5383228133453561 0.1566746602717826 0.5369702434625789 0.15347721822541965 0.5266005410279532 0.15347721822541965 0.5252479711451759 0.15587529976019188 0.5261496844003607 0.16866506794564348
0 0.22678088367899008 0.00639488409272582 0.22948602344454463 0.008792965627498003 0.24481514878268712 0.007194244604316547 0.24616771866546439 0.004796163069544364 0.24571686203787196 0 0.22678088367899008 0 0.22678088367899008 0.00639488409272582
0 0.9873760144274121 0.21582733812949642 0.9995491433724076 0.21742605915267785 0.9995491433724076 0.20543565147881696 0.9846708746618575 0.20543565147881696 0.9837691614066727 0.21023181454836132 0.9873760144274121 0.21582733812949642
0 0.49639314697926057 0.2358113509192646 0.5081154192966637 0.23900879296562752 0.5121731289449956 0.23900879296562752 0.5139765554553652 0.23661071143085532 0.5144274120829576 0.2270183852917666 0.5126239855725879 0.2222222222222222 0.5058611361587015 0.21902478017585933 0.496844003606853 0.21982414068745004 0.4954914337240758 0.2222222222222222 0.49639314697926057 0.2358113509192646
0 0.6762849413886385 0.032773780975219824 0.6785392245266005 0.03836930455635491 0.7186654643823265 0.04636290967226219 0.7236248872858432 0.04636290967226219 0.7254283137962128 0.04396482813749002 0.7258791704238052 0.0319744204636291 0.7231740306582507 0.02717825739408473 0.6866546438232641 0.018385291766586733 0.6776375112714157 0.019184652278177457 0.6762849413886385 0.02158273381294964 0.6762849413886385 0.032773780975219824
0 0.21415689810640218 0.7969624300559552 0.23624887285843102 0.8033573141486812 0.242560865644725 0.8033573141486812 0.24526600541027954 0.8001598721023181 0.24481514878268712 0.7865707434052758 0.24165915238954014 0.7825739408473221 0.2168620378719567 0.7753796962430056 0.21055004508566277 0.7777777777777778 0.20784490532010821 0.7817745803357314 0.20784490532010821 0.7913669064748201 0.21415689810640218 0.7969624300559552
0 0.21866546438232642 0.6786570743405277 0.22723174030658252 0.6818545163868905 0.2412082957619477 0.6810551558752997 0.24165915238954014 0.6682653876898482 0.23895401262398558 0.6626698641087131 0.2218214607754734 0.657074340527578 0.218214607754734 0.6578737010391686 0.21550946798917944 0.6626698641087131 0.21596032461677186 0.6738609112709832 0.21866546438232642 0.6786570743405277
0 0.6816952209197475 0.07194244604316548 0.7082957619477006 0.07913669064748202 0.7245266005410279 0.07913669064748202 0.7267808836789902 0.07513988808952839 0.7258791704238052 0.06314948041566747 0.7200180342651037 0.05915267785771383 0.694770063119928 0.05435651478816946 0.6785392245266005 0.04796163069544365 0.6735798016230838 0.049560351718625106 0.6708746618575293 0.05755395683453238 0.6713255184851218 0.07194244604316548 0.6816952209197475 0.07194244604316548
0 0.2096483318304779 0.704236610711431 0.23985572587917042 0.7122302158273383 0.242560865644725 0.7114308553157473 0.24436429215509467 0.7074340527577938 0.24481514878268712 0.7002398081534772 0.2412082957619477 0.6906474820143885 0.218214607754734 0.6842525979216627 0.20829576194770064 0.6850519584332534 0.2073940486925158 0.6962430055955237 0.2096483318304779 0.704236610711431
0 0.14697926059513075 0.8553157474020784 0.1636609558160505 0.8553157474020784 0.16862037871956717 0.8481215027977619 0.16816952209197475 0.8377298161470824 0.1650135256988278 0.8337330135891287 0.1496844003606853 0.8337330135891287 0.14337240757439135 0.8393285371702638 0.14337240757439135 0.8489208633093526 0.14697926059513075 0.8553157474020784
0 0.20288548241659152 0.05915267785771383 0.20649233543733095 0.05915267785771383 0.22723174030658252 0.03597122302158274 0.22001803426510372 0.009592326139088728 0.2168620378719567 0.00639488409272582 0.19431920649233542 0.026378896882494004 0.1952209197475203 0.03836930455635491 0.20288548241659152 0.05915267785771383
0 0.1848512173128945 0.832933653077538 0.1920649233543733 0.8361310951239008 0.25247971145175835 0.8553157474020784 0.2587917042380523 0.8561151079136692 0.26149684400360684 0.8521183053557154 0.26149684400360684 0.844924060751399 0.2578899909828674 0.8361310951239008 0.2344454463480613 0.8297362110311751 0.20018034265103696 0.8161470823341327 0.18665464382326422 0.8137490007993605 0.1825969341749324 0.8177458033573143 0.18214607754733994 0.8289368505195844 0.1848512173128945 0.832933653077538
0 0.2723174030658251 0.8385291766586731 0.28403967538322816 0.8425259792166268 0.28990081154192965 0.8409272581934453 0.28990081154192965 0.827338129496403 0.28584310189359785 0.8217426059152678 0.27547339945897203 0.818545163868905 0.27006311992786297 0.82414068745004 0.26916140667267807 0.8321342925659473 0.2723174030658251 0.8385291766586731
0 0.8575293056807936 0.2701838529176659 0.8836789900811541 0.2749800159872102 0.8890892696122633 0.27258193445243806 0.8877366997294861 0.2637889688249401 0.8823264201983769 0.25739408473221426 0.8678990081154194 0.2541966426858513 0.8579801623083859 0.2541966426858513 0.8557258791704238 0.25739408473221426 0.8552750225428314 0.26618705035971224 0.8575293056807936 0.2701838529176659
0 0.4666366095581605 0.21662669864108713 0.47069431920649235 0.2126298960831335 0.47024346257889993 0.19904076738609114 0.4661857529305681 0.19664268585131894 0.4526600541027953 0.19664268585131894 0.4517583408476105 0.21342925659472425 0.4666366095581605 0.21662669864108713
0 0.5220919747520288 0.28617106314948043 0.5329125338142471 0.28617106314948043 0.5342651036970244 0.2797761790567546 0.5342651036970244 0.2717825739408473 0.5329125338142471 0.2685851318944844 0.521190261496844 0.2685851318944844 0.5207394048692516 0.2829736211031175 0.5220919747520288 0.28617106314948043
0 0.16050495942290352 0.657074340527578 0.1812443642921551 0.6610711430855316 0.1834986474301172 0.6586730615507593 0.1834986474301172 0.6466826538768985 0.17944093778178538 0.6394884092725819 0.1600541027953111 0.636290967226219 0.15779981965734896 0.6402877697841727 0.15779981965734896 0.6498800959232613 0.16050495942290352 0.657074340527578
0 0.1902614968440036 0.9008792965627499 0.19792605951307485 0.9048760991207034 0.20018034265103696 0.9048760991207034 0.20288548241659152 0.9008792965627499 0.20333633904418397 0.8928856914468426 0.20108205590622183 0.8848920863309353 0.19386834986474302 0.8824940047961631 0.18845807033363393 0.8880895283772982 0.18800721370604148 0.8952837729816148 0.1902614968440036 0.9008792965627499
0 0.6956717763751128 0.019984012789768184 0.7240757439134355 0.023980815347721826 0.7276825969341749 0.019184652278177457 0.7272317403065826 0.007993605115907274 0.7195671776375113 0.00319744204636291 0.6902614968440036 0 0.6884580703336339 0.007993605115907274 0.6884580703336339 0.015187849720223821 0.6956717763751128 0.019984012789768184
0 0.2763751127141569 0.862509992006395 0.28268710550045084 0.8665067945643485 0.2939585211902615 0.8673061550759393 0.29531109107303877 0.8545163868904877 0.29305680793507666 0.8481215027977619 0.2862939585211903 0.8441247002398081 0.27547339945897203 0.844924060751399 0.2750225428313796 0.8585131894484412 0.2763751127141569 0.862509992006395
0 0.2696122633002705 0.9176658673061552 0.2862939585211903 0.9176658673061552 0.2862939585211903 0.906474820143885 0.28313796212804326 0.9016786570743406 0.2687105500450857 0.8984812150279777 0.26690712353471596 0.9024780175859313 0.26690712353471596 0.9128697042366107 0.2696122633002705 0.9176658673061552
0 0.1587015329125338 0.7665867306155076 0.16862037871956717 0.7689848121502798 0.17493237150586113 0.7585931254996003 0.1740306582506763 0.7505995203836932 0.1708746618575293 0.7466027178257394 0.1568981064021641 0.7442046362909672 0.15419296663660956 0.748201438848921 0.15419296663660956 0.7593924860111911 0.1587015329125338 0.7665867306155076
0 0.22091974752028853 0.7314148681055157 0.24436429215509467 0.7370103916866507 0.2520288548241659 0.7370103916866507 0.25428313796212804 0.7314148681055157 0.25293056807935077 0.7202238209432456 0.25022542831379624 0.7170263788968825 0.2254283137962128 0.709832134292566 0.22001803426510372 0.709832134292566 0.21731289449954916 0.7138289368505196 0.2164111812443643 0.7234212629896084 0.22091974752028853 0.7314148681055157
0 0.19747520288548243 0.8145483613109513 0.24616771866546439 0.8313349320543566 0.2583408476104599 0.8321342925659473 0.26149684400360684 0.8209432454036771 0.2587917042380523 0.8121502797761792 0.22001803426510372 0.7993605115907274 0.20243462578899912 0.797761790567546 0.1952209197475203 0.8049560351718625 0.19477006311992787 0.8105515587529977 0.19747520288548243 0.8145483613109513
0 0.672678088367899 0.09512390087929656 0.7137060414788097 0.10231814548361312 0.7240757439134355 0.10231814548361312 0.7263300270513976 0.09512390087929656 0.7263300270513976 0.08633093525179857 0.7236248872858432 0.08073541167066348 0.6929666366095582 0.07753796962430057 0.6731289449954915 0.07274180655475619 0.6699729486023445 0.07434052757793765 0.669522091974752 0.09192645883293366 0.672678088367899 0.09512390087929656
0 0.23309287646528404 0.9128697042366107 0.24706943192064923 0.9144684252597922 0.2497745716862038 0.9112709832134293 0.24887285843101895 0.8968824940047961 0.24661857529305684 0.8936850519584333 0.23534715960324618 0.8896882494004797 0.23038773669972948 0.8904876099120704 0.2290351668169522 0.8936850519584333 0.2290351668169522 0.906474820143885 0.23309287646528404 0.9128697042366107
0 0.15960324616771868 0.7034372501998403 0.16681695220919746 0.7066346922462031 0.17493237150586113 0.7066346922462031 0.17673579801623085 0.704236610711431 0.17718665464382327 0.6986410871302958 0.17493237150586113 0.6866506794564349 0.16411181244364292 0.6834532374100719 0.15734896302975654 0.6858513189448442 0.15734896302975654 0.6986410871302958 0.15960324616771868 0.7034372501998403
0 0.16050495942290352 0.7426059152677859 0.17538322813345356 0.7474020783373301 0.17944093778178538 0.7458033573141487 0.18394950405770966 0.7394084732214229 0.1830477908025248 0.7290167865707434 0.17944093778178538 0.7258193445243806 0.16095581605049597 0.7234212629896084 0.15734896302975654 0.7298161470823342 0.15734896302975654 0.7378097521982414 0.16050495942290352 0.7426059152677859
0 0.15058611361587015 0.915267785771383 0.16816952209197475 0.9184652278177459 0.17222723174030657 0.9144684252597922 0.17177637511271418 0.9056754596322941 0.16816952209197475 0.8968824940047961 0.1496844003606853 0.894484412470024 0.14652840396753833 0.897681854516387 0.14652840396753833 0.9080735411670664 0.15058611361587015 0.915267785771383
0 0.5094679891794409 0.21103117505995203 0.5288548241659152 0.21582733812949642 0.5374211000901714 0.2126298960831335 0.5378719567177638 0.2006394884092726 0.5360685302073941 0.19664268585131894 0.5220919747520288 0.19344524380495606 0.5090171325518486 0.19344524380495606 0.5072137060414789 0.19664268585131894 0.5067628494138864 0.20623501199040767 0.5094679891794409 0.21103117505995203
0 0.14878268710550044 0.8928856914468426 0.1587015329125338 0.8936850519584333 0.1618575293056808 0.8888888888888888 0.1618575293056808 0.8800959232613909 0.1582506762849414 0.8729016786570745 0.15058611361587015 0.8729016786570745 0.14743011722272317 0.8800959232613909 0.14743011722272317 0.8912869704236611 0.14878268710550044 0.8928856914468426
0 0.4891794409377818 0.2334132693844924 0.49008115419296666 0.2238209432454037 0.48782687105500455 0.21742605915267785 0.4806131650135257 0.21502797761790568 0.47700631199278626 0.21662669864108713 0.47700631199278626 0.23421262989608316 0.4891794409377818 0.2334132693844924
0 0.24887285843101895 0.026378896882494004 0.2515779981965735 0.02238209432454037 0.2479711451758341 0.01278976818545164 0.23805229936880073 0.014388489208633094 0.23805229936880073 0.02557953637090328 0.24887285843101895 0.026378896882494004
0 0.47339945897204694 0.2597921662669864 0.5130748422001803 0.26458832933653076 0.5175834084761046 0.2613908872901679 0.5261496844003607 0.2613908872901679 0.5270513976555455 0.2589928057553957 0.5270513976555455 0.2478017585931255 0.5229936880072137 0.24380495603517185 0.47385031559963936 0.23820943245403678 0.4715960324616772 0.24060751398880897 0.47024346257889993 0.25819344524380494 0.47339945897204694 0.2597921662669864
0 0.47565374211000905 0.20223820943245407 0.5 0.2070343725019984 0.5040577096483319 0.2038369304556355 0.5067628494138864 0.19104716227018384 0.5072137060414789 0.17905675459632295 0.5045085662759243 0.16786570743405277 0.4945897204688909 0.16386890487609912 0.4765554553651939 0.16227018385291767 0.47475202885482415 0.16466826538768983 0.4743011722272317 0.17026378896882494 0.47385031559963936 0.19664268585131894 0.47565374211000905 0.20223820943245407
0 0.5085662759242561 0.19264588329336532 0.5144274120829576 0.19104716227018384 0.5360685302073941 0.19344524380495606 0.5383228133453561 0.1894484412470024 0.5383228133453561 0.1806554756195044 0.5365193868349865 0.1750599520383693 0.5076645626690712 0.1750599520383693 0.5072137060414789 0.18864908073541167 0.5085662759242561 0.19264588329336532
0 0.6172227231740307 0.21902478017585933 0.6311992786293958 0.2214228617106315 0.6370604147880974 0.21982414068745004 0.636609558160505 0.21103117505995203 0.6330027051397656 0.2070343725019984 0.6185752930568079 0.20623501199040767 0.6154192966636609 0.2094324540367706 0.6149684400360685 0.21502797761790568 0.6172227231740307 0.21902478017585933
0 0.8593327321911632 0.24620303756994405 0.8742110009017132 0.24940047961630699 0.8818755635707846 0.2478017585931255 0.8818755635707846 0.23741007194244604 0.8791704238052299 0.23261390887290168 0.8579801623083859 0.2302158273381295 0.8575293056807936 0.2414068745003997 0.8593327321911632 0.24620303756994405
0 0.178990081154193 0.920863309352518 0.1956717763751127 0.9248601119104717 0.20108205590622183 0.920863309352518 0.20153291253381425 0.9088729016786572 0.19927862939585214 0.9048760991207034 0.18169522091974755 0.9016786570743406 0.17718665464382327 0.9056754596322941 0.17673579801623085 0.9160671462829737 0.178990081154193 0.920863309352518
0 0.9864743011722273 0.2821742605915268 0.993688007213706 0.2869704236610712 0.9995491433724076 0.2853717026378897 0.9995491433724076 0.2549960031974421 0.9878268710550046 0.2541966426858513 0.9860234445446348 0.2597921662669864 0.9851217312894499 0.2717825739408473 0.9864743011722273 0.2821742605915268
0 0.18214607754733994 0.8569144684252599 0.2006311992786294 0.8633093525179857 0.2096483318304779 0.862509992006395 0.21190261496844004 0.8521183053557154 0.20784490532010821 0.8433253397282174 0.18935978358881875 0.8369304556354917 0.18169522091974755 0.8369304556354917 0.17989179440937783 0.8441247002398081 0.17944093778178538 0.8513189448441247 0.18214607754733994 0.8569144684252599