0 0.3624887285843102 0.8321342925659473 0.3660955816050496 0.8313349320543566 0.369702434625789 0.8209432454036771 0.36880072137060416 0.8113509192645884 0.3602344454463481 0.8033573141486812 0.35752930568079355 0.8033573141486812 0.35527502254283133 0.806554756195044 0.35482416591523896 0.8233413269384493 0.3624887285843102 0.8321342925659473
0 0.0951307484220018 0.7402078337330137 0.11722272317403065 0.7585931254996003 0.12082957619477007 0.753796962430056 0.12398557258791705 0.7450039968025579 0.12759242560865644 0.7274180655475619 0.12759242560865644 0.7202238209432456 0.11496844003606854 0.7074340527577938 0.11316501352569883 0.7026378896882494 0.10504959422903516 0.6970423661071143 0.09693417493237151 0.7242206235011991 0.09332732191163211 0.7274180655475619 0.09287646528403969 0.7346123101518786 0.0951307484220018 0.7402078337330137
0 0.6672678088367898 0.5835331734612311 0.6812443642921551 0.5859312549960032 0.6830477908025249 0.5827338129496403 0.6825969341749324 0.5651478816946442 0.6713255184851218 0.5611510791366906 0.6681695220919748 0.5619504396482814 0.6654643823264202 0.565947242206235 0.6650135256988278 0.5723421262989609 0.6672678088367898 0.5835331734612311
0 0.27908025247971147 0.920863309352518 0.28268710550045084 0.920863309352518 0.2894499549143373 0.9000799360511591 0.2894499549143373 0.8928856914468426 0.2862939585211903 0.8848920863309353 0.27366997294860235 0.8808952837729817 0.27141568981064024 0.8832933653077538 0.26645626690712354 0.9032773780975221 0.2673579801623084 0.9112709832134293 0.27908025247971147 0.920863309352518
0 0.30522993688007216 0.2813749000799361 0.30703336339044185 0.28377298161470826 0.31018935978358886 0.2829736211031175 0.3174030658250676 0.26538768984812156 0.3183047790802525 0.2470023980815348 0.3146979260595131 0.24060751398880897 0.30748422001803427 0.2358113509192646 0.30252479711451763 0.2358113509192646 0.2993688007213706 0.24060751398880897 0.2989179440937782 0.26618705035971224 0.30522993688007216 0.2813749000799361
0 0.04824165915238954 0.11990407673860913 0.07484220018034266 0.1486810551558753 0.07980162308385934 0.14628297362110312 0.08566275924256087 0.12549960031974422 0.08476104598737601 0.11590727418065548 0.08160504959422904 0.10711430855315748 0.06807935076645627 0.0959232613908873 0.05320108205590622 0.09512390087929656 0.04643823264201984 0.10791366906474821 0.045536519386834985 0.11430855315747403 0.04824165915238954 0.11990407673860913
0 0.7651036970243462 0.8721023181454837 0.7691614066726781 0.8697042366107114 0.7763751127141569 0.8305355715427658 0.7768259693417493 0.806554756195044 0.7799819657348963 0.7849720223820944 0.7795311091073039 0.7761790567545964 0.7763751127141569 0.771382893685052 0.7736699729486024 0.7617905675459633 0.7556357078449053 0.7513988808952838 0.7515779981965736 0.7505995203836932 0.7479711451758341 0.7545963229416467 0.7443642921550947 0.7793764988009593 0.7448151487826871 0.797761790567546 0.7371505861136158 0.832933653077538 0.7348963029756538 0.859312549960032 0.7651036970243462 0.8721023181454837
0 0.06447249774571685 0.045563549160671464 0.06447249774571685 0.060751398880895285 0.06311992786293959 0.06314948041566747 0.06402164111812444 0.0671462829736211 0.07619477006311993 0.0783373301358913 0.08160504959422904 0.0815347721822542 0.08476104598737601 0.08073541167066348 0.08385933273219116 0.07114308553157474 0.08972046889089269 0.04876099120703437 0.08972046889089269 0.0407673860911271 0.07303877366997295 0.02238209432454037 0.06447249774571685 0.016786570743405275 0.06311992786293959 0.018385291766586733 0.061316501352569885 0.032773780975219824 0.06086564472497746 0.03996802557953637 0.06447249774571685 0.045563549160671464
0 0.8800721370604149 0.7210231814548362 0.8877366997294861 0.7250199840127898 0.8944995491433724 0.7242206235011991 0.897204688908927 0.7146282973621104 0.897204688908927 0.7090327737809753 0.8967538322813345 0.6994404476418865 0.8935978358881875 0.6850519584332534 0.8854824165915239 0.6842525979216627 0.8787195671776376 0.7074340527577938 0.8782687105500451 0.7170263788968825 0.8800721370604149 0.7210231814548362
0 0.7236248872858432 0.6690647482014389 0.7339945897204688 0.6730615507593926 0.7376014427412083 0.6666666666666666 0.7403065825067628 0.6434852118305356 0.7344454463480614 0.6354916067146283 0.7272317403065826 0.6338928856914469 0.7236248872858432 0.6370903277378098 0.721370604147881 0.6514788169464429 0.721370604147881 0.6618705035971224 0.7236248872858432 0.6690647482014389
0 0 0.5243804956035172 0.005410279531109108 0.5235811350919265 0.00721370604147881 0.5203836930455635 0.013074842200180344 0.49640287769784175 0.012623985572587917 0.4852118305355716 0.010820559062218215 0.4788169464428457 0.005861136158701533 0.4716227018385292 0.0031559963931469793 0.4716227018385292 0 0.47322142286171065 0 0.5243804956035172
0 0.1672678088367899 0.6578737010391686 0.17312894499549145 0.6626698641087131 0.17944093778178538 0.6618705035971224 0.18440036068530208 0.645083932853717 0.1834986474301172 0.6370903277378098 0.17132551848512173 0.6219024780175859 0.16771866546438233 0.6227018385291766 0.16411181244364292 0.6290967226219025 0.16321009918845808 0.6418864908073542 0.1672678088367899 0.6578737010391686
0 0.045987376014427414 0.5739408473221423 0.05365193868349865 0.577937649880096 0.058160504959422904 0.577937649880096 0.061316501352569885 0.574740207833733 0.06176735798016231 0.5571542765787371 0.05680793507664563 0.5499600319744204 0.04733994589720469 0.548361310951239 0.04328223624887286 0.5571542765787371 0.04283137962128043 0.5683453237410072 0.045987376014427414 0.5739408473221423
0 0.14562669071235346 0.08393285371702638 0.15374211000901714 0.09352517985611512 0.16140667267808836 0.09272581934452438 0.1654643823264202 0.0815347721822542 0.16456266907123535 0.06794564348521183 0.15419296663660956 0.05755395683453238 0.15058611361587015 0.05755395683453238 0.14697926059513075 0.06314948041566747 0.14472497745716864 0.07354116706634693 0.14562669071235346 0.08393285371702638
0 0.2569882777276826 0.86810551558753 0.26825969341749323 0.876898481215028 0.2732191163210099 0.8776978417266187 0.27592425608656446 0.8745003996802558 0.27682596934174936 0.8657074340527579 0.281785392245266 0.8513189448441247 0.28043282236248873 0.844924060751399 0.27592425608656446 0.8385291766586731 0.26916140667267807 0.8337330135891287 0.26420198376916143 0.8337330135891287 0.2610459873760144 0.8385291766586731 0.2560865644724978 0.8545163868904877 0.2551848512173129 0.8633093525179857 0.2569882777276826 0.86810551558753
0 0.30297565374211 0.5291766586730615 0.3083859332732191 0.5363709032773781 0.3146979260595131 0.5371702637889688 0.3205590622182146 0.5235811350919265 0.32100991884580704 0.5163868904876099 0.3196573489630297 0.5115907274180655 0.3137962128043282 0.5003996802557954 0.30928764652840396 0.5003996802557954 0.30252479711451763 0.5107913669064749 0.30162308385933273 0.5195843325339728 0.30297565374211 0.5291766586730615
0 0.872858431018936 0.844924060751399 0.8832281334535618 0.8521183053557154 0.8922452660054103 0.8521183053557154 0.8944995491433724 0.844924060751399 0.8926961226330028 0.8425259792166268 0.891794409377818 0.8361310951239008 0.8935978358881875 0.8233413269384493 0.8931469792605952 0.8121502797761792 0.890892696122633 0.8033573141486812 0.8836789900811541 0.7929656274980017 0.8800721370604149 0.7921662669864108 0.871956717763751 0.8313349320543566 0.8715058611361587 0.8393285371702638 0.872858431018936 0.844924060751399
0 0.37691614066726786 0.49000799360511593 0.3863841298467087 0.4908073541167067 0.39089269612263305 0.4804156674660272 0.3913435527502254 0.46203037569944044 0.3800721370604148 0.4452438049560352 0.37376014427412085 0.4508393285371703 0.36834986474301173 0.46442845723421267 0.36880072137060416 0.4772182254196643 0.37691614066726786 0.49000799360511593
0 0.29260595130748424 0.24460431654676262 0.29621280432822367 0.24460431654676262 0.30387736699729484 0.22541966426858515 0.30387736699729484 0.22062350119904078 0.3002705139765554 0.2126298960831335 0.29080252479711455 0.20543565147881696 0.28764652840396754 0.20543565147881696 0.28268710550045084 0.21103117505995203 0.2795311091073039 0.21982414068745004 0.2799819657348963 0.23421262989608316 0.29260595130748424 0.24460431654676262
0 0.32146077547339946 0.42366107114308554 0.32416591523895405 0.42046362909672264 0.3322813345356177 0.3996802557953637 0.3237150586113616 0.38529176658673064 0.31785392245266003 0.3828936850519585 0.31018935978358886 0.40527577937649883 0.30928764652840396 0.4188649080735412 0.32146077547339946 0.42366107114308554
0 0.1672678088367899 0.24940047961630699 0.17989179440937783 0.2637889688249401 0.18575293056807937 0.2637889688249401 0.18935978358881875 0.2533972821742606 0.18890892696122633 0.23661071143085532 0.19071235347159604 0.2278177458033573 0.18935978358881875 0.21422861710631497 0.18214607754733994 0.20623501199040767 0.17673579801623085 0.20623501199040767 0.17132551848512173 0.21502797761790568 0.1672678088367899 0.22861710631494805 0.16591523895401264 0.23421262989608316 0.1672678088367899 0.24940047961630699
0 0 0.31734612310151883 0.011722272317403066 0.328537170263789 0.018935978358881875 0.32933653077537967 0.024346257889990983 0.31414868105515587 0.023895401262398558 0.31015187849720227 0.0063119927862939585 0.28457234212629895 0.0018034265103697026 0.2821742605915268 0 0.2821742605915268 0 0.31734612310151883
0 0.9156898106402165 0.7881694644284573 0.9206492335437331 0.8001598721023181 0.9251577998196574 0.800959232613909 0.9283137962128044 0.7841726618705037 0.9278629395852119 0.7689848121502798 0.9215509467989179 0.7641886490807354 0.9147880973850315 0.7673860911270984 0.9138863841298467 0.7809752198241406 0.9156898106402165 0.7881694644284573
0 0.23715058611361586 0.7857713828936851 0.2479711451758341 0.7921662669864108 0.25247971145175835 0.7873701039168666 0.25473399458972046 0.7745803357314149 0.24887285843101895 0.7649880095923263 0.24436429215509467 0.7609912070343725 0.23715058611361586 0.7609912070343725 0.23309287646528404 0.7673860911270984 0.23309287646528404 0.7769784172661871 0.23715058611361586 0.7857713828936851
0 0.6330027051397656 0.8489208633093526 0.6429215509467989 0.8545163868904877 0.6474301172227231 0.8521183053557154 0.6501352569882777 0.832933653077538 0.6496844003606853 0.82414068745004 0.6474301172227231 0.8193445243804957 0.6438232642019839 0.8161470823341327 0.6357078449053201 0.815347721822542 0.633453561767358 0.8193445243804957 0.6321009918845808 0.8305355715427658 0.6316501352569882 0.8457234212629897 0.6330027051397656 0.8489208633093526
0 0.05049594229035167 0.9600319744204637 0.0545536519386835 0.9608313349320544 0.08025247971145176 0.9496402877697842 0.0793507664562669 0.9328537170263789 0.07439134355275022 0.9216626698641087 0.060414788097385035 0.9248601119104717 0.045987376014427414 0.9320543565147882 0.045987376014427414 0.9408473221422862 0.05049594229035167 0.9600319744204637
0 0.3363390441839495 0.4268585131894485 0.34490532010820557 0.4356514788169465 0.3494138863841299 0.4372501998401279 0.3530207394048692 0.4324540367705836 0.3557258791704238 0.4244604316546763 0.3570784490532011 0.4092725819344525 0.3534715960324617 0.4020783373301359 0.3417493237150586 0.39568345323741005 0.3376916140667268 0.4012789768185452 0.33498647430117223 0.4156674660271783 0.3345356176735798 0.42206235011990406 0.3363390441839495 0.4268585131894485
0 0.0739404869251578 0.7106314948041567 0.08340847610459873 0.7170263788968825 0.09197475202885483 0.7290167865707434 0.09873760144274121 0.7170263788968825 0.1036970243462579 0.6962430055955237 0.10279531109107304 0.6922462030375699 0.09558160504959423 0.6834532374100719 0.08385933273219116 0.6762589928057555 0.07664562669071236 0.6778577138289369 0.07078449053201082 0.6938449240607514 0.07078449053201082 0.704236610711431 0.0739404869251578 0.7106314948041567
0 0.2750225428313796 0.6658673061550759 0.28268710550045084 0.6738609112709832 0.28584310189359785 0.6714628297362111 0.2894499549143373 0.6642685851318945 0.29260595130748424 0.6506794564348523 0.2912533814247069 0.6402877697841727 0.2871956717763751 0.6330935251798562 0.28043282236248873 0.6282973621103117 0.27547339945897203 0.6282973621103117 0.27186654643823266 0.6330935251798562 0.27051397655545534 0.6514788169464429 0.2750225428313796 0.6658673061550759
0 0.35933273219116324 0.06954436450839328 0.3624887285843102 0.07513988808952839 0.3660955816050496 0.07354116706634693 0.37060414788097384 0.06474820143884892 0.37060414788097384 0.05435651478816946 0.3629395852119026 0.04396482813749002 0.35527502254283133 0.04316546762589928 0.35211902614968443 0.04476418864908074 0.35121731289449953 0.04796163069544365 0.3494138863841299 0.060751398880895285 0.35933273219116324 0.06954436450839328
0 0.06086564472497746 0.37090327737809753 0.08701532912533815 0.39408473221422863 0.09648331830477908 0.398880895283773 0.10009017132551848 0.39728217426059154 0.10324616771866547 0.390087929656275 0.10054102795311091 0.37170263788968827 0.09828674481514879 0.3669064748201439 0.07709648331830478 0.34852118305355717 0.0703336339044184 0.3469224620303757 0.06402164111812444 0.3525179856115108 0.06266907123534717 0.35651478816946447 0.060414788097385035 0.36530775379696245 0.06086564472497746 0.37090327737809753
0 0.8034265103697025 0.9904076738609113 0.8097385031559965 0.9952038369304558 0.8178539224526601 0.9936051159072742 0.8201082055906221 0.9696243005595524 0.8174030658250677 0.9640287769784173 0.8106402164111812 0.9600319744204637 0.8056807935076646 0.9600319744204637 0.8011722272317404 0.9744204636290967 0.8007213706041478 0.9848121502797762 0.8034265103697025 0.9904076738609113
0 0 0.8705035971223022 0 0.894484412470024 0.008566275924256087 0.9000799360511591 0.012623985572587917 0.9104716227018386 0.019837691614066726 0.9112709832134293 0.02254283137962128 0.9088729016786572 0.027953110910730387 0.8960831334932055 0.027051397655545536 0.8792965627498002 0.012623985572587917 0.8649080735411672 0.008566275924256087 0.8657074340527579 0.005410279531109108 0.871302957633893 0 0.8705035971223022
0 0.07123534715960325 0.5307753796962431 0.07799819657348962 0.5299760191846523 0.0825067628494139 0.5211830535571543 0.0825067628494139 0.5107913669064749 0.07078449053201082 0.49800159872102323 0.06537421100090171 0.49800159872102323 0.062218214607754736 0.5075939248601119 0.06176735798016231 0.5187849720223822 0.07123534715960325 0.5307753796962431
0 0.1388638412984671 0.3557154276578737 0.14292155094679893 0.36211031175059955 0.15284039675383226 0.37090327737809753 0.1568981064021641 0.3733013589128697 0.16095581605049597 0.37170263788968827 0.1650135256988278 0.35891286970423664 0.16411181244364292 0.35171862509992013 0.1532912533814247 0.3413269384492406 0.14697926059513075 0.3317346123101519 0.14201983769161408 0.3317346123101519 0.13796212804328223 0.34212629896083135 0.1375112714156898 0.3493205435651479 0.1388638412984671 0.3557154276578737
0 0.7132551848512173 0.7354116706634692 0.7195671776375113 0.7418065547561951 0.7272317403065826 0.7426059152677859 0.7290351668169522 0.7338129496402878 0.7281334535617674 0.7162270183852918 0.7249774571686204 0.7122302158273383 0.7168620378719567 0.7082334132693845 0.7128043282236249 0.7090327737809753 0.7114517583408476 0.7130295763389289 0.7105500450856627 0.7274180655475619 0.7132551848512173 0.7354116706634692
0 0.17177637511271418 0.15187849720223823 0.17853922452660054 0.1398880895283773 0.18079350766456267 0.12150279776179057 0.178990081154193 0.11590727418065548 0.17177637511271418 0.10791366906474821 0.16456266907123535 0.1015187849720224 0.16140667267808836 0.1015187849720224 0.15284039675383226 0.12949640287769784 0.15284039675383226 0.13828936850519585 0.17177637511271418 0.15187849720223823
0 0.09783588818755636 0.34212629896083135 0.11136158701532912 0.3525179856115108 0.11496844003606854 0.3525179856115108 0.11767357980162309 0.3493205435651479 0.11902614968440037 0.33812949640287776 0.11496844003606854 0.32454036770583533 0.11045987376014427 0.31734612310151883 0.10234445446348062 0.31015187849720227 0.09783588818755636 0.30935251798561153 0.09332732191163211 0.32214228617106316 0.09287646528403969 0.33253397282174263 0.09783588818755636 0.34212629896083135
0 0.03922452660054102 0.6602717825739409 0.04057709648331831 0.6674660271782575 0.04869251577998197 0.6786570743405277 0.05365193868349865 0.6802557953637091 0.061316501352569885 0.6602717825739409 0.06176735798016231 0.6506794564348523 0.04643823264201984 0.6266986410871304 0.043733092876465283 0.6250999200639489 0.03967538322813345 0.6250999200639489 0.0351668169522092 0.6386890487609912 0.033363390441839495 0.6506794564348523 0.03922452660054102 0.6602717825739409
0 0.027502254283137965 0.9664268585131894 0.04147880973850316 0.9640287769784173 0.045536519386834985 0.9600319744204637 0.044634806131650134 0.947242206235012 0.04102795311091073 0.9336530775379696 0.02569882777276826 0.9344524380495605 0.022993688007213707 0.938449240607514 0.024797114517583405 0.9608313349320544 0.027502254283137965 0.9664268585131894
0 0.9752028854824166 0.4948041566746603 0.9887285843101894 0.5035971223021583 0.9950405770964834 0.5051958433253397 0.9995491433724076 0.49960031974420466 0.9995491433724076 0.4908073541167067 0.9954914337240758 0.4860111910471623 0.9837691614066727 0.48201438848920863 0.9765554553651938 0.48201438848920863 0.9743011722272317 0.48441247002398086 0.9738503155996393 0.4924060751398881 0.9752028854824166 0.4948041566746603
0 0.9661857529305681 0.8657074340527579 0.9738503155996393 0.8665067945643485 0.9810640216411182 0.8641087130295764 0.9909828674481516 0.8697042366107114 0.9995491433724076 0.8705035971223022 0.9995491433724076 0.8321342925659473 0.9733994589720468 0.8233413269384493 0.9693417493237151 0.8297362110311751 0.9657348963029756 0.8489208633093526 0.9648331830477908 0.862509992006395 0.9661857529305681 0.8657074340527579
0 0.3868349864743012 0.5259792166266987 0.4008115419296664 0.5379696243005596 0.4075743913435528 0.5395683453237411 0.4098286744815149 0.5363709032773781 0.4116321009918846 0.5299760191846523 0.412082957619477 0.5163868904876099 0.40622182146077546 0.49800159872102323 0.4008115419296664 0.49640287769784175 0.3944995491433724 0.48920863309352525 0.3904418394950406 0.48920863309352525 0.3868349864743012 0.4932054356514788 0.38458070333633904 0.5091926458832934 0.3841298467087466 0.5195843325339728 0.3868349864743012 0.5259792166266987
0 0.35211902614968443 0.8840927258193446 0.35888187556357076 0.8888888888888888 0.3624887285843102 0.8848920863309353 0.36384129846708746 0.8689048760991207 0.35978358881875566 0.8617106314948043 0.35662759242560865 0.859312549960032 0.35211902614968443 0.8601119104716227 0.3480613165013526 0.8705035971223022 0.3480613165013526 0.8792965627498002 0.35211902614968443 0.8840927258193446
0 0.027953110910730387 0.9840127897681855 0.032461677186654644 0.9888089528377298 0.05275022542831379 0.9928057553956835 0.05770964833183048 0.9920063948840928 0.059963931469792606 0.9848121502797762 0.059963931469792606 0.9808153477218226 0.05590622182146077 0.9768185451638689 0.029305680793507663 0.973621103117506 0.027502254283137965 0.9768185451638689 0.027953110910730387 0.9840127897681855
0 0.23895401262398558 0.07513988808952839 0.2479711451758341 0.08233413269384492 0.2520288548241659 0.07993605115907274 0.2551848512173129 0.07354116706634693 0.2556357078449053 0.06554756195043965 0.2520288548241659 0.05915267785771383 0.2412082957619477 0.049560351718625106 0.23534715960324618 0.049560351718625106 0.23354373309287646 0.05195843325339729 0.23354373309287646 0.06155075939248601 0.23895401262398558 0.07513988808952839
0 0.9661857529305681 0.5371702637889688 0.9837691614066727 0.5451638689048761 0.9878268710550046 0.5459632294164669 0.9900811541929667 0.5435651478816946 0.9918845807033364 0.533972821742606 0.9909828674481516 0.5243804956035172 0.9806131650135257 0.5211830535571543 0.9729486023444545 0.513189448441247 0.9675383228133454 0.5107913669064749 0.9634806131650135 0.5099920063948842 0.960775473399459 0.5155875299760192 0.9612263300270514 0.5259792166266987 0.9661857529305681 0.5371702637889688
0 0.3155996393146979 0.4924060751398881 0.32281334535617673 0.4948041566746603 0.32551848512173126 0.49160671462829736 0.327321911632101 0.4796163069544365 0.3205590622182146 0.4668265387689848 0.31785392245266003 0.46442845723421267 0.3151487826871055 0.4660271782573941 0.3119927862939585 0.47641886490807356 0.31154192966636607 0.4836131095123901 0.3155996393146979 0.4924060751398881
0 0.30793507664562675 0.844924060751399 0.3174030658250676 0.8545163868904877 0.3237150586113616 0.853717026378897 0.3268710550045086 0.8425259792166268 0.32642019837691616 0.8257394084732215 0.32867448151487827 0.8169464428457234 0.327321911632101 0.806554756195044 0.3237150586113616 0.800959232613909 0.3183047790802525 0.8001598721023181 0.31424706943192066 0.806554756195044 0.31018935978358886 0.8201438848920864 0.30748422001803427 0.8377298161470824 0.30793507664562675 0.844924060751399
0 0.35211902614968443 0.7793764988009593 0.3570784490532011 0.7833733013589129 0.3633904418394951 0.7817745803357314 0.3656447249774572 0.7721822541966427 0.3651938683498648 0.7649880095923263 0.35843101893597834 0.7505995203836932 0.35527502254283133 0.7466027178257394 0.351668169522092 0.7458033573141487 0.348512173128945 0.7505995203836932 0.34761045987376016 0.7553956834532374 0.34761045987376016 0.7689848121502798 0.35211902614968443 0.7793764988009593
0 0.3408476104598738 0.7282174260591526 0.34220018034265104 0.7266187050359713 0.3408476104598738 0.7250199840127898 0.3412984670874662 0.7226219024780176 0.33994589720468893 0.7266187050359713 0.3408476104598738 0.7282174260591526
0 0 0.1366906474820144 0.012173128944995492 0.14388489208633096 0.015779981965734897 0.14148681055155876 0.019386834986474304 0.1334932054356515 0.024346257889990983 0.10391686650679458 0.016230838593327322 0.09112709832134293 0.005410279531109108 0.07993605115907274 0.002254283137962128 0.07913669064748202 0 0.07913669064748202 0 0.1366906474820144
0 0.351668169522092 0.2238209432454037 0.3624887285843102 0.23741007194244604 0.3660955816050496 0.23900879296562752 0.369702434625789 0.2358113509192646 0.37330928764652843 0.22302158273381298 0.37240757439134353 0.20623501199040767 0.36384129846708746 0.1950439648281375 0.357980162308386 0.19584332533972823 0.35482416591523896 0.20623501199040767 0.35121731289449953 0.21902478017585933 0.351668169522092 0.2238209432454037
0 0.5834084761045988 0.91207034372502 0.5883678990081154 0.9184652278177459 0.6023444544634806 0.9256594724220625 0.6073038773669973 0.9256594724220625 0.609107303877367 0.9232613908872902 0.6104598737601443 0.9144684252597922 0.6100090171325518 0.894484412470024 0.6055004508566276 0.885691446842526 0.5852119026149685 0.8784972022382095 0.5825067628494138 0.9008792965627499 0.5820559062218215 0.9072741806554757 0.5834084761045988 0.91207034372502
0 0.3313796212804328 0.3045563549160672 0.33543733092876465 0.31175059952038375 0.3557258791704238 0.32693844924060755 0.35978358881875566 0.32773780975219824 0.3678990081154193 0.31015187849720227 0.3678990081154193 0.302158273381295 0.3642921550946799 0.2973621103117506 0.35888187556357076 0.2829736211031175 0.348512173128945 0.27098321342925663 0.345356176735798 0.27258193445243806 0.3431018935978359 0.26538768984812156 0.3417493237150586 0.26538768984812156 0.3309287646528404 0.2877697841726619 0.3295761947700631 0.2973621103117506 0.3313796212804328 0.3045563549160672
0 0.3467087466185753 0.2549960031974421 0.345356176735798 0.2549960031974421 0.34580703336339047 0.2597921662669864 0.3467087466185753 0.2549960031974421
0 0.6456266907123535 0.7721822541966427 0.6474301172227231 0.7817745803357314 0.6605049594229035 0.7897681854516387 0.669522091974752 0.7889688249400479 0.6704238052299368 0.7689848121502798 0.666366095581605 0.7585931254996003 0.6478809738503156 0.7505995203836932 0.6429215509467989 0.7545963229416467 0.6420198376916141 0.765787370103917 0.6456266907123535 0.7721822541966427
0 0.03922452660054102 0.9032773780975221 0.042380522993688004 0.9136690647482014 0.044634806131650134 0.9160671462829737 0.06988277727682597 0.9088729016786572 0.07303877366997295 0.9040767386091128 0.07258791704238053 0.8928856914468426 0.06807935076645627 0.8792965627498002 0.04824165915238954 0.8824940047961631 0.03877366997294861 0.8872901678657075 0.03787195671776375 0.8936850519584333 0.03922452660054102 0.9032773780975221
0 0.6257889990982868 0.718625099920064 0.630297565374211 0.7162270183852918 0.6311992786293958 0.697841726618705 0.6298467087466186 0.6946442845723421 0.6203787195671777 0.6874500399680257 0.6158701532912535 0.6866506794564349 0.6122633002705139 0.689048760991207 0.611361587015329 0.695443645083933 0.6118124436429215 0.7130295763389289 0.6257889990982868 0.718625099920064
0 0.4003606853020739 0.03517186250999201 0.4044183949504058 0.03357314148681055 0.40892696122633004 0.020783373301358914 0.40622182146077546 0.007993605115907274 0.3994589720468891 0.002398081534772182 0.3990081154192967 0 0.39269612263300274 0 0.3868349864743012 0.015187849720223821 0.3868349864743012 0.023181454836131096 0.4003606853020739 0.03517186250999201
0 0.23760144274120829 0.8649080735411672 0.24211000901713256 0.8665067945643485 0.24571686203787196 0.8633093525179857 0.25293056807935077 0.827338129496403 0.2520288548241659 0.8209432454036771 0.2497745716862038 0.8169464428457234 0.2430117222723174 0.8129496402877698 0.24030658250676284 0.8137490007993605 0.23715058611361586 0.8393285371702638 0.23264201983769162 0.8521183053557154 0.23264201983769162 0.8585131894484412 0.23760144274120829 0.8649080735411672
0 0.23715058611361586 0.016786570743405275 0.24887285843101895 0.023181454836131096 0.25247971145175835 0.01598721023181455 0.25293056807935077 0.007993605115907274 0.24887285843101895 0 0.23264201983769162 0.001598721023181455 0.2321911632100992 0.011990407673860913 0.23715058611361586 0.016786570743405275