0 0.8471596032461677 0.425259792166267 0.8683498647430118 0.42286171063149486 0.8755635707844905 0.4180655475619504 0.8755635707844905 0.39728217426059154 0.8733092876465285 0.3908872901678657 0.8471596032461677 0.39568345323741005 0.8440036068530207 0.3980815347721823 0.8453561767357981 0.4212629896083134 0.8471596032461677 0.425259792166267
0 0.23038773669972948 0.7242206235011991 0.23354373309287646 0.7346123101518786 0.2357980162308386 0.7362110311750599 0.25473399458972046 0.7282174260591526 0.2651036970243463 0.7202238209432456 0.26916140667267807 0.7202238209432456 0.27051397655545534 0.7170263788968825 0.2687105500450857 0.6986410871302958 0.2660054102795311 0.6874500399680257 0.26284941388638416 0.6842525979216627 0.22948602344454463 0.701039168665068 0.2285843101893598 0.7106314948041567 0.23038773669972948 0.7242206235011991
0 0.2511271415689811 0.8409272581934453 0.2583408476104599 0.8569144684252599 0.2633002705139766 0.8577138289368506 0.27366997294860235 0.8521183053557154 0.28268710550045084 0.844924060751399 0.28990081154192965 0.8353317346123101 0.2885482416591524 0.8169464428457234 0.28539224526600543 0.8057553956834532 0.28268710550045084 0.8017585931254997 0.2479711451758341 0.8193445243804957 0.2484220018034265 0.8305355715427658 0.2511271415689811 0.8409272581934453
0 0.7889990982867447 0.7969624300559552 0.796663660955816 0.8281374900079936 0.799819657348963 0.8345323741007195 0.8074842200180342 0.8353317346123101 0.8124436429215509 0.8305355715427658 0.824165915238954 0.8265387689848122 0.8277727682596934 0.8209432454036771 0.8295761947700632 0.8001598721023181 0.8277727682596934 0.7873701039168666 0.8210099188458071 0.7649880095923263 0.8097385031559965 0.7665867306155076 0.7885482416591524 0.7793764988009593 0.7876465284039675 0.7825739408473221 0.7889990982867447 0.7969624300559552
0 0.8742110009017132 0.49880095923261397 0.8800721370604149 0.4940047961630696 0.8787195671776376 0.4748201438848921 0.8764652840396754 0.469224620303757 0.8606853020739406 0.47002398081534774 0.8489630297565375 0.47242206235011996 0.8471596032461677 0.4748201438848921 0.8489630297565375 0.5011990407673861 0.8742110009017132 0.49880095923261397
0 0.2236248872858431 0.6858513189448442 0.22723174030658252 0.6970423661071143 0.2321911632100992 0.6970423661071143 0.2583408476104599 0.6826538768984812 0.26194770063119927 0.6794564348521184 0.2651036970243463 0.6714628297362111 0.2623985572587917 0.6546762589928058 0.2583408476104599 0.6458832933653078 0.2551848512173129 0.6442845723421263 0.2218214607754734 0.6618705035971224 0.22137060414788098 0.6690647482014389 0.2236248872858431 0.6858513189448442
0 0.25473399458972046 0.6378896882494005 0.2556357078449053 0.636290967226219 0.2551848512173129 0.6330935251798562 0.25428313796212804 0.6338928856914469 0.2533814247069432 0.636290967226219 0.25473399458972046 0.6378896882494005
0 0.24436429215509467 0.809752198241407 0.2479711451758341 0.815347721822542 0.26149684400360684 0.8105515587529977 0.2687105500450857 0.8049560351718625 0.2813345356176736 0.8001598721023181 0.28313796212804326 0.7969624300559552 0.28313796212804326 0.7865707434052758 0.2799819657348963 0.7705835331734613 0.2763751127141569 0.7641886490807354 0.24165915238954014 0.7809752198241406 0.2407574391343553 0.7873701039168666 0.24436429215509467 0.809752198241407
0 0.8295761947700632 0.504396482813749 0.8426510369702435 0.504396482813749 0.8435527502254283 0.49000799360511593 0.8422001803426511 0.4788169464428457 0.8399458972046889 0.47641886490807356 0.8300270513976555 0.47801758593125504 0.8286744815148782 0.4804156674660272 0.8295761947700632 0.504396482813749
0 0.2096483318304779 0.60431654676259 0.21235347159603246 0.6123101518784972 0.2168620378719567 0.6171063149480416 0.22407574391343554 0.6139088729016786 0.22723174030658252 0.6099120703437251 0.24706943192064923 0.6019184652278178 0.25022542831379624 0.595523581135092 0.24932371505861137 0.5819344524380495 0.24481514878268712 0.5651478816946442 0.23715058611361586 0.565947242206235 0.2096483318304779 0.577937649880096 0.20829576194770064 0.5803357314148682 0.20784490532010821 0.5891286970423661 0.2096483318304779 0.60431654676259
0 0.2633002705139766 0.9040767386091128 0.2687105500450857 0.9200639488409273 0.2727682596934175 0.9200639488409273 0.27592425608656446 0.915267785771383 0.281785392245266 0.9160671462829737 0.30703336339044185 0.9048760991207034 0.31018935978358886 0.897681854516387 0.3106402164111813 0.8904876099120704 0.3065825067628494 0.8697042366107114 0.3065825067628494 0.8609112709832134 0.3034265103697024 0.8529176658673061 0.2966636609558161 0.853717026378897 0.281785392245266 0.8609112709832134 0.2610459873760144 0.8737010391686652 0.260595130748422 0.8848920863309353 0.2633002705139766 0.9040767386091128
0 0.2750225428313796 0.9664268585131894 0.2777276825969342 0.9704236610711432 0.2975653742110009 0.9648281374900081 0.30297565374211 0.9776179056754596 0.3106402164111813 0.9784172661870505 0.32191163210099194 0.973621103117506 0.3174030658250676 0.9280575539568345 0.3146979260595131 0.9176658673061552 0.3106402164111813 0.9128697042366107 0.2723174030658251 0.9320543565147882 0.27186654643823266 0.9496402877697842 0.2750225428313796 0.9664268585131894
0 0.2060414788097385 0.5739408473221423 0.20874661857529306 0.5763389288569145 0.24165915238954014 0.5611510791366906 0.24391343552750228 0.5571542765787371 0.2407574391343553 0.5331734612310152 0.23760144274120829 0.5243804956035172 0.2231740306582507 0.5291766586730615 0.20559062218214608 0.5387689848121503 0.20288548241659152 0.542765787370104 0.20288548241659152 0.5611510791366906 0.2060414788097385 0.5739408473221423
0 0.2412082957619477 0.7761790567545964 0.2709648331830478 0.762589928057554 0.2763751127141569 0.756994404476419 0.27592425608656446 0.7418065547561951 0.2723174030658251 0.7258193445243806 0.2623985572587917 0.7266187050359713 0.23760144274120829 0.7386091127098321 0.23489630297565375 0.7426059152677859 0.23715058611361586 0.765787370103917 0.2412082957619477 0.7761790567545964
0 0.26420198376916143 0.521982414068745 0.2655545536519387 0.5411670663469225 0.26916140667267807 0.5563549160671463 0.2723174030658251 0.5595523581135092 0.3480613165013526 0.5227817745803358 0.3742110009017133 0.5083932853717026 0.37466185752930564 0.5059952038369305 0.37330928764652843 0.486810551558753 0.3710550045085663 0.4796163069544365 0.369702434625789 0.4668265387689848 0.3669972948602344 0.4588329336530776 0.3660955816050496 0.45003996802557955 0.3629395852119026 0.4476418864908074 0.30387736699729484 0.4708233413269384 0.2984670874661858 0.47801758593125504 0.28313796212804326 0.48201438848920863 0.2723174030658251 0.4924060751398881 0.26194770063119927 0.49880095923261397 0.26149684400360684 0.5099920063948842 0.26420198376916143 0.521982414068745
0 0.21280432822362488 0.9240607513988809 0.215058611361587 0.9320543565147882 0.2164111812443643 0.947242206235012 0.22046889089269614 0.9576338928856915 0.22723174030658252 0.9568345323741008 0.24346257889990983 0.9464428457234213 0.2497745716862038 0.9400479616306955 0.2511271415689811 0.9360511590727418 0.24706943192064923 0.9232613908872902 0.24436429215509467 0.9040767386091128 0.24165915238954014 0.897681854516387 0.21370604147880973 0.9128697042366107 0.21235347159603246 0.9144684252597922 0.21280432822362488 0.9240607513988809
0 0.836789900811542 0.4684252597921663 0.8412984670874663 0.4660271782573941 0.8417493237150586 0.44844124700239807 0.8394950405770965 0.44124700239808157 0.8349864743011722 0.43804956035171866 0.8268710550045085 0.4396482813749001 0.8268710550045085 0.4668265387689848 0.836789900811542 0.4684252597921663
0 0.8277727682596934 0.4276578737010392 0.8390441839495041 0.425259792166267 0.8399458972046889 0.4140687450039968 0.8376916140667268 0.3996802557953637 0.8313796212804329 0.39728217426059154 0.8246167718665464 0.4004796163069545 0.824165915238954 0.407673860911271 0.8277727682596934 0.4276578737010392
0 0.8489630297565375 0.46442845723421267 0.8701532912533815 0.46282973621103124 0.876014427412083 0.460431654676259 0.8782687105500451 0.4556354916067146 0.8782687105500451 0.4420463629096723 0.8764652840396754 0.4348521183053557 0.8660955816050496 0.434052757793765 0.8480613165013525 0.4372501998401279 0.8458070333633905 0.4396482813749001 0.8471596032461677 0.4612310151878497 0.8489630297565375 0.46442845723421267
0 0.218214607754734 0.6506794564348523 0.22227231740306583 0.6586730615507593 0.23715058611361586 0.6490807354116707 0.2569882777276826 0.6402877697841727 0.2556357078449053 0.6227018385291766 0.2515779981965735 0.6059152677857713 0.24030658250676284 0.6083133493205436 0.21596032461677186 0.6219024780175859 0.21550946798917944 0.6306954436450839 0.218214607754734 0.6506794564348523
0 0.22137060414788098 0.9776179056754596 0.22678088367899008 0.9992006394884093 0.24571686203787196 0.9992006394884093 0.2601442741208296 0.9896083133493206 0.2709648331830478 0.9856115107913669 0.2660054102795311 0.9504396482813751 0.26194770063119927 0.9408473221422862 0.2583408476104599 0.9400479616306955 0.22091974752028853 0.9616306954436452 0.22001803426510372 0.9656274980015987 0.22137060414788098 0.9776179056754596