0 0.9770063119927863 0.41247002398081534 0.9860234445446348 0.416466826538769 0.9918845807033364 0.42206235011990406 0.9995491433724076 0.42206235011990406 0.9995491433724076 0.37010391686650684 0.9806131650135257 0.3645083932853717 0.9779080252479712 0.36930455635491605 0.9765554553651938 0.38609112709832133 0.9752028854824166 0.4084732214228617 0.9770063119927863 0.41247002398081534
0 0.8295761947700632 0.31414868105515587 0.8412984670874663 0.31974420463629094 0.8462578899909828 0.31734612310151883 0.8458070333633905 0.31015187849720227 0.8422001803426511 0.3069544364508393 0.8291253381424708 0.30375699440447645 0.8277727682596934 0.31095123900879296 0.8295761947700632 0.31414868105515587
0 0.8444544634806133 0.5979216626698641 0.8453561767357981 0.6131095123900879 0.8809738503155997 0.6298960831334932 0.8890892696122633 0.6322941646682655 0.89404869251578 0.6322941646682655 0.8954012623985572 0.6298960831334932 0.8985572587917042 0.6179056754596324 0.9039675383228134 0.5763389288569145 0.900360685302074 0.5603517186250999 0.8863841298467088 0.548361310951239 0.8773669972948602 0.5459632294164669 0.8764652840396754 0.5435651478816946 0.869702434625789 0.5443645083932854 0.866546438232642 0.5395683453237411 0.8557258791704238 0.5395683453237411 0.8516681695220919 0.5459632294164669 0.8485121731289451 0.5603517186250999 0.8462578899909828 0.5915267785771383 0.8444544634806133 0.5979216626698641
0 0.6875563570784491 0.49720223820943243 0.700180342651037 0.5011990407673861 0.7069431920649234 0.49960031974420466 0.7091974752028855 0.4948041566746603 0.7091974752028855 0.4908073541167067 0.7150586113615871 0.4836131095123901 0.7146077547339945 0.4804156674660272 0.7096483318304779 0.4788169464428457 0.7073940486925159 0.4740207833733014 0.7078449053201082 0.45643485211830537 0.6997294860234445 0.4508393285371703 0.6920649233543733 0.44924060751398887 0.6889089269612263 0.4588329336530776 0.6862037871956718 0.48441247002398086 0.6857529305680793 0.4908073541167067 0.6875563570784491 0.49720223820943243
0 0.9283137962128044 0.6235011990407675 0.9481514878268711 0.6266986410871304 0.9666366095581606 0.627498001598721 0.9706943192064924 0.6227018385291766 0.9693417493237151 0.6163069544364509 0.9652840396753832 0.6147082334132695 0.9314697926059514 0.6115107913669064 0.9256086564472498 0.6163069544364509 0.9251577998196574 0.6195043964828137 0.9283137962128044 0.6235011990407675
0 0.7339945897204688 0.6866506794564349 0.7412082957619477 0.689048760991207 0.7443642921550947 0.6794564348521184 0.7461677186654645 0.6498800959232613 0.742560865644725 0.6402877697841727 0.7376014427412083 0.6370903277378098 0.7344454463480614 0.6394884092725819 0.7312894499549144 0.6818545163868905 0.7339945897204688 0.6866506794564349
0 0.6600541027953112 0.04876099120703437 0.6753832281334536 0.04716227018385292 0.675834084761046 0.010391686650679457 0.6731289449954915 0 0.6600541027953112 0 0.6582506762849414 0.011191047162270184 0.657799819657349 0.04636290967226219 0.6600541027953112 0.04876099120703437
0 0.9697926059513075 0.6474820143884892 0.9770063119927863 0.6514788169464429 0.9815148782687105 0.6514788169464429 0.9837691614066727 0.6474820143884892 0.9833183047790803 0.6410871302957634 0.978809738503156 0.636290967226219 0.9688908926961226 0.6314948041566747 0.9666366095581606 0.6314948041566747 0.9652840396753832 0.6346922462030377 0.9652840396753832 0.6434852118305356 0.9697926059513075 0.6474820143884892
0 0.9314697926059514 0.6059152677857713 0.9648331830477908 0.6099120703437251 0.9702434625789 0.6099120703437251 0.9720468890892696 0.6059152677857713 0.9720468890892696 0.6011191047162271 0.9702434625789 0.5979216626698641 0.9391343552750226 0.5931254996003198 0.9278629395852119 0.5947242206235012 0.9283137962128044 0.6019184652278178 0.9314697926059514 0.6059152677857713
0 0.721370604147881 0.5987210231814549 0.7439134355275022 0.6107114308553158 0.7475202885482417 0.6091127098321344 0.7488728584310189 0.6059152677857713 0.7493237150586113 0.5883293365307755 0.7443642921550947 0.5827338129496403 0.733092876465284 0.5771382893685052 0.7236248872858432 0.5763389288569145 0.7200180342651037 0.5851318944844125 0.7195671776375113 0.592326139088729 0.721370604147881 0.5987210231814549
0 0.872858431018936 0.39408473221422863 0.8809738503155997 0.40447641886490815 0.8836789900811541 0.40527577937649883 0.8854824165915239 0.4028776978417266 0.8859332732191163 0.39728217426059154 0.8764652840396754 0.3820943245403677 0.8737601442741209 0.3788968824940048 0.8692515779981966 0.381294964028777 0.8688007213706042 0.3868904876099121 0.872858431018936 0.39408473221422863