0 0.8800721370604149 0.2070343725019984 0.8899909828674482 0.20623501199040767 0.8967538322813345 0.20223820943245407 0.9071235347159603 0.2006394884092726 0.9084761045987376 0.19824140687450043 0.9075743913435527 0.17266187050359713 0.9044183949504058 0.1654676258992806 0.8836789900811541 0.16786570743405277 0.8764652840396754 0.1750599520383693 0.8764652840396754 0.19344524380495606 0.8800721370604149 0.2070343725019984
0 0.7623985572587918 0.13589128697042366 0.7655545536519388 0.1510791366906475 0.7687105500450856 0.15587529976019188 0.7831379621280433 0.15267785771382894 0.7844905320108205 0.14148681055155876 0.7817853922452661 0.13029576338928858 0.7741208295761948 0.12390087929656275 0.7633002705139765 0.12629896083133493 0.7619477006311993 0.12949640287769784 0.7623985572587918 0.13589128697042366
0 0.44409377817853923 0.37010391686650684 0.4477006311992786 0.3741007194244605 0.4697926059513075 0.3733013589128697 0.4743011722272317 0.3661071143085532 0.47385031559963936 0.35891286970423664 0.47024346257889993 0.35091926458832934 0.4526600541027953 0.35171862509992013 0.4436429215509468 0.35651478816946447 0.44274120829576197 0.3629096722621903 0.44409377817853923 0.37010391686650684
0 0.8246167718665464 0.844924060751399 0.8349864743011722 0.844924060751399 0.8408476104598738 0.8385291766586731 0.8385933273219116 0.8249400479616307 0.8327321911632102 0.8161470823341327 0.8282236248872858 0.8129496402877698 0.8210099188458071 0.815347721822542 0.8210099188458071 0.8305355715427658 0.8246167718665464 0.844924060751399
0 0.8904418394950405 0.9664268585131894 0.8976555455365194 0.9648281374900081 0.9084761045987376 0.9576338928856915 0.9102795311091073 0.9536370903277379 0.9093778178539225 0.9400479616306955 0.9075743913435527 0.9352517985611511 0.8872858431018936 0.938449240607514 0.8836789900811541 0.9424460431654678 0.8854824165915239 0.9568345323741008 0.8904418394950405 0.9664268585131894
0 0.39179440937781784 0.7306155075939249 0.3958521190261497 0.7314148681055157 0.40802524797114514 0.7266187050359713 0.40892696122633004 0.7154276578737011 0.40622182146077546 0.6994404476418865 0.4044183949504058 0.6962430055955237 0.3944995491433724 0.6970423661071143 0.3863841298467087 0.7026378896882494 0.3863841298467087 0.7130295763389289 0.39179440937781784 0.7306155075939249
0 0.9657348963029756 0.6922462030375699 0.9756537421100091 0.6922462030375699 0.9824165915238955 0.6882494004796164 0.9815148782687105 0.6658673061550759 0.9774571686203787 0.6514788169464429 0.9652840396753832 0.6530775379696243 0.960775473399459 0.6554756195043965 0.9589720468890893 0.6594724220623502 0.9589720468890893 0.6714628297362111 0.9657348963029756 0.6922462030375699
0 0.7177637511271415 0.906474820143885 0.7308385933273219 0.906474820143885 0.7308385933273219 0.8960831334932055 0.7267808836789902 0.8760991207034373 0.7231740306582507 0.8745003996802558 0.7132551848512173 0.8792965627498002 0.7128043282236249 0.8872901678657075 0.7177637511271415 0.906474820143885
0 0.2781785392245266 0.5091926458832934 0.2935076645626691 0.5027977617905676 0.2966636609558161 0.49880095923261397 0.2957619477006312 0.48441247002398086 0.2939585211902615 0.48121502797761795 0.27908025247971147 0.48441247002398086 0.27592425608656446 0.49800159872102323 0.27547339945897203 0.5067945643485212 0.2781785392245266 0.5091926458832934
0 0.2871956717763751 0.34212629896083135 0.3174030658250676 0.3309352517985612 0.31875563570784493 0.3213429256594725 0.3174030658250676 0.31734612310151883 0.3106402164111813 0.31734612310151883 0.2894499549143373 0.32693844924060755 0.2822362488728584 0.33253397282174263 0.28268710550045084 0.3413269384492406 0.2871956717763751 0.34212629896083135
0 0.26194770063119927 0.33013589128697046 0.26420198376916143 0.3341326938449241 0.2687105500450857 0.3333333333333333 0.27141568981064024 0.32773780975219824 0.2687105500450857 0.2997601918465228 0.2660054102795311 0.2949640287769784 0.26194770063119927 0.2949640287769784 0.260595130748422 0.2997601918465228 0.2601442741208296 0.31015187849720227 0.26194770063119927 0.33013589128697046
0 0.4495040577096483 0.3501199040767386 0.45536519386834984 0.3501199040767386 0.4675383228133454 0.3429256594724221 0.4666366095581605 0.3341326938449241 0.46393146979260597 0.3317346123101519 0.4522091974752029 0.3349320543565148 0.4486023444544635 0.33812949640287776 0.4481514878268711 0.3469224620303757 0.4495040577096483 0.3501199040767386
0 0.8904418394950405 0.8960831334932055 0.8958521190261496 0.8968824940047961 0.9021641118124436 0.8888888888888888 0.9026149684400361 0.8745003996802558 0.900360685302074 0.8657074340527579 0.8949504057709649 0.8641087130295764 0.8872858431018936 0.86810551558753 0.8868349864743011 0.8800959232613909 0.8904418394950405 0.8960831334932055
0 0.4355275022542831 0.6882494004796164 0.45356176735798015 0.6858513189448442 0.45852119026149685 0.6818545163868905 0.4571686203787196 0.6730615507593926 0.45311091073038773 0.6706634692246204 0.4341749323715059 0.6770583533173462 0.433273219116321 0.6850519584332534 0.4355275022542831 0.6882494004796164
0 0.897204688908927 0.3349320543565148 0.9080252479711453 0.33253397282174263 0.9102795311091073 0.328537170263789 0.9084761045987376 0.31574740207833735 0.9062218214607755 0.31175059952038375 0.8981064021641119 0.31254996003197444 0.89404869251578 0.31734612310151883 0.8935978358881875 0.32454036770583533 0.897204688908927 0.3349320543565148