0 0.4495040577096483 0.43325339728217427 0.46032461677186653 0.43325339728217427 0.4630297565374211 0.4268585131894485 0.4612263300270514 0.4172661870503597 0.4571686203787196 0.4132693844924061 0.4495040577096483 0.4132693844924061 0.4472497745716862 0.4180655475619504 0.4472497745716862 0.4276578737010392 0.4495040577096483 0.43325339728217427
0 0.08160504959422904 0.6091127098321344 0.1289449954914337 0.6075139888089529 0.13300270513976556 0.6027178257394085 0.13255184851217314 0.5979216626698641 0.13074842200180342 0.595523581135092 0.08070333633904418 0.5987210231814549 0.07889990982867448 0.6051159072741806 0.08160504959422904 0.6091127098321344
0 0.47294860234445446 0.07913669064748202 0.4842200180342651 0.07993605115907274 0.48737601442741213 0.07593924860111911 0.48467087466185754 0.06634692246203039 0.4715960324616772 0.06634692246203039 0.47069431920649235 0.06794564348521183 0.47294860234445446 0.07913669064748202
0 0.4648331830477908 0.5403677058353318 0.4743011722272317 0.5411670663469225 0.47700631199278626 0.5355715427657874 0.47700631199278626 0.5323741007194245 0.47294860234445446 0.5275779376498801 0.4648331830477908 0.5267785771382895 0.46167718665464386 0.5299760191846523 0.4621280432822363 0.5363709032773781 0.4648331830477908 0.5403677058353318
0 0.47024346257889993 0.09352517985611512 0.49098286744815145 0.0959232613908873 0.4959422903516682 0.09192645883293366 0.4954914337240758 0.08713029576338929 0.49188458070333635 0.08313349320543566 0.4670874661857529 0.0815347721822542 0.4657348963029757 0.08872901678657075 0.47024346257889993 0.09352517985611512
0 0.13210099188458072 0.43804956035171866 0.1375112714156898 0.44124700239808157 0.14878268710550044 0.4396482813749001 0.151487826871055 0.434052757793765 0.1532912533814247 0.3924860111910472 0.1510369702434626 0.37250199840127896 0.1492335437330929 0.36930455635491605 0.1411181244364292 0.3661071143085532 0.13300270513976556 0.3677058353317346 0.1316501352569883 0.398880895283773 0.13210099188458072 0.43804956035171866
0 0.5996393146979261 0.4636290967226219 0.6055004508566276 0.4676258992805756 0.6163210099188459 0.4676258992805756 0.6212804328223626 0.46282973621103124 0.6230838593327321 0.4572342126298961 0.6217312894499549 0.44684252597921664 0.6131650135256989 0.425259792166267 0.6023444544634806 0.42286171063149486 0.5982867448151488 0.4260591526778577 0.5978358881875564 0.45803357314148685 0.5996393146979261 0.4636290967226219
0 0.3300270513976556 0.0671462829736211 0.34220018034265104 0.07034372501998402 0.3489630297565374 0.06794564348521183 0.3494138863841299 0.04156674660271783 0.3471596032461677 0.03517186250999201 0.3309287646528404 0.02877697841726619 0.3295761947700631 0.030375699440447643 0.32867448151487827 0.03916866506794565 0.32822362488728585 0.060751398880895285 0.3300270513976556 0.0671462829736211
0 0.40486925157799825 0.2549960031974421 0.41794409377817854 0.25819344524380494 0.4238052299368801 0.2557953637090328 0.4247069431920649 0.2478017585931255 0.418394950405771 0.23101518784972022 0.4075743913435528 0.2302158273381295 0.40396753832281335 0.23661071143085532 0.4035166816952209 0.2478017585931255 0.40486925157799825 0.2549960031974421
0 0.08972046889089269 0.04636290967226219 0.11587015329125337 0.04796163069544365 0.11902614968440037 0.04316546762589928 0.11947700631199279 0.018385291766586733 0.11812443642921551 0.015187849720223821 0.09963931469792607 0.011990407673860913 0.09017132551848513 0.004796163069544364 0.08656447249774572 0.004796163069544364 0.08476104598737601 0.008792965627498003 0.07754733994589721 0.015187849720223821 0.07799819657348962 0.04316546762589928 0.08972046889089269 0.04636290967226219
0 0.10234445446348062 0.5939248601119105 0.13119927862939584 0.5939248601119105 0.13345356176735798 0.5915267785771383 0.13300270513976556 0.5851318944844125 0.13119927862939584 0.5827338129496403 0.1018935978358882 0.5835331734612311 0.10099188458070334 0.5899280575539568 0.10234445446348062 0.5939248601119105
0 0.23760144274120829 0.08313349320543566 0.25428313796212804 0.08473221422861711 0.2587917042380523 0.08073541167066348 0.2569882777276826 0.05915267785771383 0.2520288548241659 0.04876099120703437 0.24030658250676284 0.04636290967226219 0.23760144274120829 0.04796163069544365 0.2357980162308386 0.05355715427657874 0.23489630297565375 0.07513988808952839 0.23760144274120829 0.08313349320543566
0 0.16095581605049597 0.6338928856914469 0.172678088367899 0.6354916067146283 0.17493237150586113 0.6330935251798562 0.1762849413886384 0.627498001598721 0.17853922452660054 0.6155075939248602 0.178990081154193 0.6019184652278178 0.17538322813345356 0.5931254996003198 0.1564472497745717 0.5891286970423661 0.15058611361587015 0.595523581135092 0.14833183047790804 0.6115107913669064 0.14878268710550044 0.6282973621103117 0.16095581605049597 0.6338928856914469
0 0.4053201082055906 0.5267785771382895 0.436429215509468 0.5307753796962431 0.4386834986474301 0.5291766586730615 0.44003606853020744 0.5243804956035172 0.43913435527502254 0.504396482813749 0.4328223624887286 0.49800159872102323 0.42651036970243467 0.5027977617905676 0.418394950405771 0.5027977617905676 0.40712353471596036 0.4948041566746603 0.4035166816952209 0.49640287769784175 0.4008115419296664 0.5027977617905676 0.4008115419296664 0.5203836930455635 0.4053201082055906 0.5267785771382895
0 0.11226330027051398 0.645083932853717 0.1316501352569883 0.6434852118305356 0.13255184851217314 0.627498001598721 0.12939585211902616 0.6195043964828137 0.11812443642921551 0.6163069544364509 0.10504959422903516 0.6179056754596324 0.10550045085662758 0.6418864908073542 0.11226330027051398 0.645083932853717
0 0.2723174030658251 0.3365307753796963 0.27547339945897203 0.3493205435651479 0.2862939585211903 0.35331734612310156 0.29486023444544635 0.35171862509992013 0.2957619477006312 0.33812949640287776 0.29260595130748424 0.32773780975219824 0.28268710550045084 0.3237410071942446 0.27366997294860235 0.3261390887290168 0.2723174030658251 0.328537170263789 0.2723174030658251 0.3365307753796963
0 0.035617673579801626 0.13029576338928858 0.06402164111812444 0.13189448441247004 0.06582506762849415 0.12949640287769784 0.06582506762849415 0.1167066346922462 0.06357078449053201 0.11031175059952039 0.05004508566275924 0.10791366906474821 0.04283137962128043 0.10231814548361312 0.03742110009017133 0.10231814548361312 0.034265103697024346 0.10711430855315748 0.034265103697024346 0.12709832134292565 0.035617673579801626 0.13029576338928858
0 0.43733092876465285 0.06155075939248601 0.4431920649233544 0.06554756195043965 0.4508566275924256 0.06634692246203039 0.4540126239855726 0.06634692246203039 0.45671776375112716 0.06314948041566747 0.45761947700631195 0.04156674660271783 0.4540126239855726 0.02557953637090328 0.44138863841298465 0.02238209432454037 0.4341749323715059 0.02557953637090328 0.4341749323715059 0.04636290967226219 0.43733092876465285 0.06155075939248601
0 0.49008115419296666 0.5539568345323741 0.5171325518485121 0.5547561950439649 0.5216411181244364 0.5507593924860112 0.5225428313796213 0.5467625899280576 0.5189359783588818 0.5411670663469225 0.5072137060414789 0.5387689848121503 0.49098286744815145 0.5371702637889688 0.48782687105500455 0.5411670663469225 0.48737601442741213 0.5499600319744204 0.49008115419296666 0.5539568345323741
0 0.3345356176735798 0.1542765787370104 0.3367899008115419 0.15587529976019188 0.35617673579801623 0.1566746602717826 0.357980162308386 0.15187849720223823 0.3570784490532011 0.14468425259792167 0.35211902614968443 0.1398880895283773 0.33994589720468893 0.1366906474820144 0.33498647430117223 0.1366906474820144 0.3336339044183949 0.13908872901678657 0.3336339044183949 0.15027977617905677 0.3345356176735798 0.1542765787370104
0 0.5843101893597836 0.4244604316546763 0.5924256086564473 0.42366107114308554 0.5951307484220018 0.4140687450039968 0.5955816050495942 0.38529176658673064 0.5919747520288549 0.3820943245403677 0.584761045987376 0.3820943245403677 0.5816050495942291 0.3868904876099121 0.5807033363390443 0.39648281374900085 0.5816050495942291 0.42046362909672264 0.5843101893597836 0.4244604316546763
0 0.4945897204688909 0.3764988009592326 0.5144274120829576 0.37969624300559557 0.5198376916140668 0.37969624300559557 0.5220919747520288 0.3764988009592326 0.5229936880072137 0.3581135091926459 0.5198376916140668 0.3525179856115108 0.5013525698827773 0.3477218225419665 0.49413886384129846 0.34852118305355717 0.49323715058611367 0.36370903277378097 0.4945897204688909 0.3764988009592326
0 0.08070333633904418 0.6243005595523582 0.087917042380523 0.6235011990407675 0.09062218214607755 0.6195043964828137 0.09062218214607755 0.6147082334132695 0.08836789900811542 0.6115107913669064 0.07980162308385934 0.6131095123900879 0.07844905320108204 0.6203037569944045 0.08070333633904418 0.6243005595523582
0 0.18890892696122633 0.35331734612310156 0.20829576194770064 0.35171862509992013 0.20829576194770064 0.3445243804956035 0.20649233543733095 0.3413269384492406 0.18845807033363393 0.3405275779376499 0.18755635707844906 0.3493205435651479 0.18890892696122633 0.35331734612310156
0 0.18710550045085664 0.36530775379696245 0.18935978358881875 0.3677058353317346 0.20784490532010821 0.36930455635491605 0.21280432822362488 0.3661071143085532 0.21280432822362488 0.36211031175059955 0.2091974752028855 0.35651478816946447 0.18890892696122633 0.35411670663469225 0.18710550045085664 0.35891286970423664 0.18710550045085664 0.36530775379696245
0 0.5500450856627592 0.11590727418065548 0.5676284941388638 0.11750599520383694 0.5694319206492335 0.11510791366906475 0.5685302073940487 0.10551558752997602 0.5640216411181245 0.09992006394884093 0.5550045085662759 0.09512390087929656 0.5491433724075744 0.09512390087929656 0.5468890892696122 0.09752198241406874 0.5464382326420198 0.11031175059952039 0.5500450856627592 0.11590727418065548
0 0.4697926059513075 0.05355715427657874 0.4945897204688909 0.055155875299760196 0.496844003606853 0.050359712230215826 0.4959422903516682 0.04476418864908074 0.49323715058611367 0.042366107114308556 0.47520288548241657 0.03996802557953637 0.4643823264201984 0.042366107114308556 0.4643823264201984 0.049560351718625106 0.4697926059513075 0.05355715427657874
0 0.27592425608656446 0.1830535571542766 0.2795311091073039 0.18625099920063948 0.3106402164111813 0.18864908073541167 0.3133453561767358 0.16946442845723422 0.3106402164111813 0.16067146282973624 0.3056807935076645 0.15907274180655476 0.2980162308385933 0.15027977617905677 0.2799819657348963 0.14948041566746603 0.2777276825969342 0.15507593924860114 0.2745716862037872 0.17426059152677859 0.27592425608656446 0.1830535571542766
0 0.027953110910730387 0.3469224620303757 0.04508566275924256 0.35091926458832934 0.05139765554553652 0.35091926458832934 0.05545536519386835 0.3469224620303757 0.05725879170423805 0.3397282174260592 0.05725879170423805 0.33013589128697046 0.05275022542831379 0.31015187849720227 0.02885482416591524 0.3077537969624301 0.02660054102795311 0.31095123900879296 0.02569882777276826 0.3165467625899281 0.024797114517583405 0.33892885691446845 0.027953110910730387 0.3469224620303757
0 0.4517583408476105 0.3836930455635492 0.46032461677186653 0.38529176658673064 0.46393146979260597 0.3828936850519585 0.4643823264201984 0.36530775379696245 0.4630297565374211 0.3629096722621903 0.4522091974752029 0.35891286970423664 0.4495040577096483 0.36370903277378097 0.44905320108205593 0.3756994404476419 0.4517583408476105 0.3836930455635492
0 0.0563570784490532 0.9400479616306955 0.06402164111812444 0.9456434852118306 0.06943192064923355 0.9440447641886491 0.0703336339044184 0.9288569144684253 0.06898106402164111 0.9248601119104717 0.062218214607754736 0.9224620303756994 0.05545536519386835 0.9280575539568345 0.05500450856627593 0.9360511590727418 0.0563570784490532 0.9400479616306955
0 0.4499549143372408 0.4084732214228617 0.4634806131650135 0.407673860911271 0.4634806131650135 0.39728217426059154 0.46167718665464386 0.39168665067945646 0.4549143372407574 0.38848920863309355 0.4495040577096483 0.3908872901678657 0.4486023444544635 0.40527577937649883 0.4499549143372408 0.4084732214228617
0 0.4436429215509468 0.5155875299760192 0.4463480613165014 0.5195843325339728 0.4499549143372408 0.5211830535571543 0.45671776375112716 0.5147881694644285 0.45987376014427417 0.5179856115107914 0.45987376014427417 0.521982414068745 0.47385031559963936 0.5187849720223822 0.47565374211000905 0.5155875299760192 0.47565374211000905 0.49720223820943243 0.4711451758340848 0.4908073541167067 0.4495040577096483 0.4876099120703437 0.4454463480613165 0.4876099120703437 0.4436429215509468 0.49000799360511593 0.44183949504057707 0.5075939248601119 0.4436429215509468 0.5155875299760192
0 0.35482416591523896 0.5003996802557954 0.35843101893597834 0.5083932853717026 0.36384129846708746 0.5115907274180655 0.37917042380523 0.5139888089528377 0.39224526600541026 0.5139888089528377 0.39495040577096485 0.5115907274180655 0.3967538322813345 0.4860111910471623 0.3958521190261497 0.46282973621103124 0.3944995491433724 0.4596322941646683 0.36203787195671777 0.45643485211830537 0.3557258791704238 0.4596322941646683 0.35482416591523896 0.4668265387689848 0.3539224526600541 0.4908073541167067 0.35482416591523896 0.5003996802557954
0 0.40712353471596036 0.43645083932853723 0.4247069431920649 0.44124700239808157 0.4359783588818755 0.44124700239808157 0.44048692515779986 0.43884892086330934 0.44003606853020744 0.4276578737010392 0.43733092876465285 0.4180655475619504 0.430117222723174 0.41167066346922465 0.42515779981965734 0.4020783373301359 0.40712353471596036 0.3996802557953637 0.40396753832281335 0.41486810551558756 0.4035166816952209 0.43085531574740216 0.40712353471596036 0.43645083932853723
0 0.418394950405771 0.10871302957633892 0.43056807935076646 0.11270983213429257 0.4495040577096483 0.11430855315747403 0.4549143372407574 0.10551558752997602 0.45536519386834984 0.08233413269384492 0.45311091073038773 0.06554756195043965 0.445897204688909 0.06634692246203039 0.43913435527502254 0.062350119904076746 0.4287646528403968 0.06634692246203039 0.42155094679891797 0.06554756195043965 0.4197475202885482 0.0671462829736211 0.4174932371505861 0.07993605115907274 0.4170423805229937 0.10551558752997602 0.418394950405771 0.10871302957633892
0 0.4643823264201984 0.2238209432454037 0.4720468890892696 0.2270183852917666 0.4810640216411181 0.22462030375699443 0.4824165915238954 0.21342925659472425 0.4810640216411181 0.20543565147881696 0.478809738503156 0.20223820943245407 0.4666366095581605 0.19904076738609114 0.4625788999098287 0.17585931254996007 0.45761947700631195 0.17026378896882494 0.4526600541027953 0.17106314948041568 0.4526600541027953 0.2238209432454037 0.4643823264201984 0.2238209432454037
0 0.5495942290351669 0.08952837729816147 0.5617673579801623 0.09272581934452438 0.5712353471596032 0.09192645883293366 0.5721370604147881 0.07194244604316548 0.5685302073940487 0.05355715427657874 0.5522993688007214 0.049560351718625106 0.5500450856627592 0.049560351718625106 0.5482416591523895 0.05355715427657874 0.5477908025247972 0.08073541167066348 0.5495942290351669 0.08952837729816147
0 0.08926961226330027 0.9488409272581935 0.09377817853922453 0.9456434852118306 0.09422903516681697 0.9344524380495605 0.09242560865644725 0.9280575539568345 0.0825067628494139 0.9240607513988809 0.07258791704238053 0.9256594724220625 0.07303877366997295 0.9464428457234213 0.08926961226330027 0.9488409272581935
0 0.49098286744815145 0.5419664268585133 0.5 0.5387689848121503 0.5162308385933273 0.5403677058353318 0.5189359783588818 0.5363709032773781 0.5202885482416592 0.5291766586730615 0.5198376916140668 0.5259792166266987 0.5162308385933273 0.5243804956035172 0.5018034265103697 0.5227817745803358 0.4977457168620379 0.5171862509992007 0.49098286744815145 0.5187849720223822 0.4882777276825969 0.525179856115108 0.48782687105500455 0.5355715427657874 0.49098286744815145 0.5419664268585133