0 0.03381424706943192 0.3573141486810552 0.044634806131650134 0.3661071143085532 0.04869251577998197 0.36530775379696245 0.05049594229035167 0.3613109512390088 0.05320108205590622 0.3413269384492406 0.05184851217312895 0.33253397282174263 0.04328223624887286 0.32454036770583533 0.034265103697024346 0.3253397282174261 0.031109107303877368 0.32933653077537967 0.031109107303877368 0.34852118305355717 0.03381424706943192 0.3573141486810552
0 0.9612263300270514 0.7673860911270984 0.9905320108205591 0.7721822541966427 0.9945897204688909 0.7721822541966427 0.9995491433724076 0.7681854516386891 0.9995491433724076 0.7609912070343725 0.9977457168620378 0.7601918465227818 0.9963931469792606 0.7529976019184652 0.9598737601442742 0.7490007993605117 0.9589720468890893 0.7649880095923263 0.9612263300270514 0.7673860911270984
0 0 0.504396482813749 0.008115419296663661 0.5059952038369305 0.011722272317403066 0.49960031974420466 0.015329125338142471 0.46442845723421267 0.013074842200180344 0.45483613109512394 0.009467989179440937 0.45163868904876103 0 0.45163868904876103 0 0.504396482813749
0 0.05229936880072138 0.5011990407673861 0.058160504959422904 0.49880095923261397 0.059062218214607755 0.4748201438848921 0.05770964833183048 0.4716227018385292 0.04959422903516681 0.4708233413269384 0.04147880973850316 0.46282973621103124 0.03877366997294861 0.46282973621103124 0.03742110009017133 0.4684252597921663 0.03787195671776375 0.49800159872102323 0.05229936880072138 0.5011990407673861
0 0.07258791704238053 0.15187849720223823 0.07439134355275022 0.15587529976019188 0.08295761947700632 0.15827338129496404 0.10955816050495942 0.15827338129496404 0.11181244364292155 0.1542765787370104 0.11181244364292155 0.1278976818545164 0.11136158701532912 0.12310151878497202 0.109107303877367 0.11990407673860913 0.09107303877366997 0.11510791366906475 0.07619477006311993 0.11430855315747403 0.0739404869251578 0.11590727418065548 0.0721370604147881 0.12310151878497202 0.07168620378719567 0.14068745003996805 0.07258791704238053 0.15187849720223823
0 0.34039675383228135 0.9400479616306955 0.36113615870153287 0.9424460431654678 0.3647430117222723 0.9392486011191048 0.3624887285843102 0.9176658673061552 0.35888187556357076 0.9128697042366107 0.348512173128945 0.91207034372502 0.345356176735798 0.9168665067945644 0.33994589720468893 0.9200639488409273 0.3367899008115419 0.9280575539568345 0.3363390441839495 0.9360511590727418 0.34039675383228135 0.9400479616306955
0 0.08521190261496844 0.5099920063948842 0.08881875563570783 0.5075939248601119 0.08926961226330027 0.49000799360511593 0.08701532912533815 0.4828137490007994 0.07529305680793508 0.48121502797761795 0.07123534715960325 0.48441247002398086 0.07168620378719567 0.5083932853717026 0.08521190261496844 0.5099920063948842
0 0.4188458070333634 0.9336530775379696 0.42155094679891797 0.9312549960031975 0.4247069431920649 0.9192645883293366 0.42515779981965734 0.9032773780975221 0.42110009017132555 0.8776978417266187 0.418394950405771 0.8745003996802558 0.4008115419296664 0.8729016786570745 0.3963029756537421 0.8776978417266187 0.3967538322813345 0.9320543565147882 0.4188458070333634 0.9336530775379696
0 0.24391343552750228 0.533972821742606 0.2587917042380523 0.5411670663469225 0.2623985572587917 0.5411670663469225 0.26645626690712354 0.5371702637889688 0.2678088367899008 0.5179856115107914 0.2660054102795311 0.5075939248601119 0.26194770063119927 0.5035971223021583 0.2484220018034265 0.5011990407673861 0.24616771866546439 0.5027977617905676 0.24481514878268712 0.5075939248601119 0.2430117222723174 0.525179856115108 0.24391343552750228 0.533972821742606
0 0.0739404869251578 0.35411670663469225 0.07709648331830478 0.3581135091926459 0.10099188458070334 0.3629096722621903 0.10550045085662758 0.3605115907274181 0.1073038773669973 0.33573141486810554 0.10504959422903516 0.32773780975219824 0.09963931469792607 0.32454036770583533 0.0793507664562669 0.3229416466826539 0.07439134355275022 0.3237410071942446 0.07258791704238053 0.32773780975219824 0.07258791704238053 0.34852118305355717 0.0739404869251578 0.35411670663469225
0 0.9594229035166817 0.9440447641886491 0.9819657348963029 0.9464428457234213 0.9842200180342651 0.9456434852118306 0.9860234445446348 0.9408473221422862 0.9864743011722273 0.9272581934452439 0.9842200180342651 0.9200639488409273 0.963931469792606 0.9192645883293366 0.957619477006312 0.9224620303756994 0.9562669071235348 0.9368505195843326 0.9594229035166817 0.9440447641886491
0 0.31424706943192066 0.9832134292565947 0.31920649233543735 0.9816147082334133 0.32100991884580704 0.9768185451638689 0.3201082055906222 0.959232613908873 0.3133453561767358 0.9544364508393286 0.30613165013525695 0.9560351718625101 0.3065825067628494 0.9800159872102319 0.31424706943192066 0.9832134292565947
0 0.4833183047790803 0.9408473221422862 0.4855725879170424 0.9448441247002399 0.4954914337240758 0.9480415667466028 0.5049594229035167 0.9424460431654678 0.5054102795311091 0.9216626698641087 0.5009017132551848 0.9144684252597922 0.49008115419296666 0.9096722621902479 0.4860234445446348 0.9112709832134293 0.4837691614066727 0.9184652278177459 0.4824165915238954 0.9320543565147882 0.4833183047790803 0.9408473221422862
0 0.48016230838593327 0.9992006394884093 0.4810640216411181 0.9952038369304558 0.4810640216411181 0.9792166266986412 0.47745716862037874 0.973621103117506 0.45626690712353474 0.9720223820943246 0.4522091974752029 0.9808153477218226 0.4526600541027953 0.9992006394884093 0.48016230838593327 0.9992006394884093
0 0.18800721370604148 0.991207034372502 0.19431920649233542 0.9904076738609113 0.19657348963029758 0.9808153477218226 0.19612263300270513 0.9704236610711432 0.18935978358881875 0.9656274980015987 0.18440036068530208 0.9664268585131894 0.1834986474301172 0.9696243005595524 0.18394950405770966 0.9880095923261392 0.18800721370604148 0.991207034372502
0 0.07168620378719567 0.4772182254196643 0.08385933273219116 0.4788169464428457 0.08836789900811542 0.4740207833733014 0.08881875563570783 0.4588329336530776 0.08521190261496844 0.4476418864908074 0.07439134355275022 0.4476418864908074 0.0703336339044184 0.4532374100719425 0.06988277727682597 0.469224620303757 0.07168620378719567 0.4772182254196643
0 0.9995491433724076 0.7226219024780176 0.9995491433724076 0.7130295763389289 0.9900811541929667 0.7106314948041567 0.9801623083859333 0.7034372501998403 0.9733994589720468 0.7050359712230216 0.9738503155996393 0.7202238209432456 0.9995491433724076 0.7226219024780176
0 0.3719567177637511 0.004796163069544364 0.42560865644724977 0.010391686650679457 0.4346257889990983 0.008792965627498003 0.43507664562669074 0 0.3719567177637511 0 0.3719567177637511 0.004796163069544364
0 0.8097385031559965 0.9888089528377298 0.825067628494139 0.9920063948840928 0.8291253381424708 0.9880095923261392 0.8300270513976555 0.9664268585131894 0.825067628494139 0.9560351718625101 0.8169522091974751 0.9536370903277379 0.8101893597835889 0.9552358113509193 0.8070333633904418 0.959232613908873 0.8056807935076646 0.9696243005595524 0.806131650135257 0.9840127897681855 0.8097385031559965 0.9888089528377298
0 0.05004508566275924 0.47002398081534774 0.05725879170423805 0.47002398081534774 0.061316501352569885 0.46203037569944044 0.062218214607754736 0.4356514788169465 0.060414788097385035 0.4276578737010392 0.05770964833183048 0.4244604316546763 0.0509467989179441 0.4244604316546763 0.047790802524797116 0.4276578737010392 0.047790802524797116 0.4668265387689848 0.05004508566275924 0.47002398081534774
0 0.2236248872858431 0.9288569144684253 0.23669972948602347 0.9280575539568345 0.2407574391343553 0.91207034372502 0.23985572587917042 0.9008792965627499 0.2339945897204689 0.8864908073541167 0.22227231740306583 0.8792965627498002 0.2168620378719567 0.8792965627498002 0.2146077547339946 0.8824940047961631 0.21325518485121733 0.8920863309352519 0.21370604147880973 0.9256594724220625 0.2236248872858431 0.9288569144684253
0 0.9251577998196574 0.9840127897681855 0.939585211902615 0.9864108713029576 0.9431920649233544 0.9832134292565947 0.9431920649233544 0.9688249400479617 0.936429215509468 0.9568345323741008 0.9265103697024346 0.959232613908873 0.9242560865644726 0.9632294164668266 0.9238052299368801 0.9776179056754596 0.9251577998196574 0.9840127897681855
0 0 0.7138289368505196 0.009918845807033363 0.7162270183852918 0.02569882777276826 0.7154276578737011 0.03787195671776375 0.7194244604316546 0.04328223624887286 0.7194244604316546 0.045536519386834985 0.7170263788968825 0.04733994589720469 0.6986410871302958 0.04283137962128043 0.6762589928057555 0.029305680793507663 0.6738609112709832 0.02254283137962128 0.6786570743405277 0.015329125338142471 0.6786570743405277 0.008115419296663661 0.6738609112709832 0 0.6762589928057555 0 0.7138289368505196
0 0.37781785392245265 0.9992006394884093 0.37917042380523 0.9776179056754596 0.37781785392245265 0.9672262190247802 0.3710550045085663 0.9624300559552359 0.36384129846708746 0.9648281374900081 0.3633904418394951 0.9992006394884093 0.37781785392245265 0.9992006394884093
0 0.03967538322813345 0.9968025579536371 0.06762849413886383 0.9968025579536371 0.07258791704238053 0.9944044764188649 0.06898106402164111 0.9776179056754596 0.061316501352569885 0.9712230215827339 0.04192966636609558 0.9712230215827339 0.03742110009017133 0.9872102318145485 0.03651938683498648 0.9944044764188649 0.03967538322813345 0.9968025579536371
0 0.9634806131650135 0.7450039968025579 0.9733994589720468 0.7474020783373301 0.9950405770964834 0.7474020783373301 0.9995491433724076 0.7450039968025579 0.9995491433724076 0.7322142286171064 0.9950405770964834 0.7290167865707434 0.9819657348963029 0.7258193445243806 0.9634806131650135 0.7250199840127898 0.960775473399459 0.7274180655475619 0.9612263300270514 0.7418065547561951 0.9634806131650135 0.7450039968025579
0 0.6415689810640216 0.9552358113509193 0.6474301172227231 0.9584332533972821 0.6510369702434625 0.9584332533972821 0.6541929666366095 0.9552358113509193 0.654643823264202 0.9328537170263789 0.6514878268710551 0.9096722621902479 0.6293958521190262 0.906474820143885 0.6266907123534716 0.9144684252597922 0.6262398557258791 0.9528377298161471 0.6415689810640216 0.9552358113509193
0 0.07980162308385934 0.016786570743405275 0.11361587015329126 0.020783373301358914 0.12218214607754734 0.019184652278177457 0.12308385933273219 0 0.0793507664562669 0 0.07844905320108204 0.014388489208633094 0.07980162308385934 0.016786570743405275
0 0.4238052299368801 0.9336530775379696 0.42741208295761945 0.9464428457234213 0.44409377817853923 0.9496402877697842 0.45356176735798015 0.9448441247002399 0.45446348061316505 0.9336530775379696 0.4526600541027953 0.9216626698641087 0.4292155094679892 0.9136690647482014 0.42651036970243467 0.9160671462829737 0.4238052299368801 0.9272581934452439 0.4238052299368801 0.9336530775379696
0 0.45987376014427417 0.9304556354916067 0.47971145175834085 0.9320543565147882 0.4824165915238954 0.9240607513988809 0.4833183047790803 0.9048760991207034 0.4783588818755636 0.8960831334932055 0.47700631199278626 0.8816946442845724 0.47339945897204694 0.8784972022382095 0.45897204688908927 0.8784972022382095 0.45671776375112716 0.8792965627498002 0.4549143372407574 0.8840927258193446 0.45626690712353474 0.9264588329336532 0.45987376014427417 0.9304556354916067
0 0.6257889990982868 0.3493205435651479 0.6487826871055005 0.3557154276578737 0.6623083859332732 0.3557154276578737 0.6645626690712354 0.33892885691446845 0.6650135256988278 0.31734612310151883 0.6609558160504959 0.3053557154276579 0.6402164111812444 0.29896083133493206 0.6284941388638413 0.29896083133493206 0.6257889990982868 0.30375699440447645 0.6244364292155096 0.31734612310151883 0.6235347159603246 0.33892885691446845 0.6257889990982868 0.3493205435651479
0 0.1988277727682597 0.5843325339728218 0.20153291253381425 0.6123101518784972 0.20333633904418397 0.6155075939248602 0.21190261496844004 0.6155075939248602 0.22046889089269614 0.6131095123900879 0.2236248872858431 0.6099120703437251 0.2254283137962128 0.6019184652278178 0.2254283137962128 0.592326139088729 0.22407574391343554 0.5715427657873702 0.22091974752028853 0.5563549160671463 0.2168620378719567 0.5531574740207834 0.21100090171325517 0.5531574740207834 0.20018034265103696 0.5555555555555556 0.19657348963029758 0.5587529976019185 0.19612263300270513 0.5707434052757794 0.1988277727682597 0.5843325339728218
0 0.20694319206492334 0.9936051159072742 0.20829576194770064 0.991207034372502 0.20784490532010821 0.9704236610711432 0.20153291253381425 0.9672262190247802 0.19792605951307485 0.9680255795363709 0.19792605951307485 0.991207034372502 0.20694319206492334 0.9936051159072742
0 0.9995491433724076 0.9416466826538769 0.9995491433724076 0.9192645883293366 0.9954914337240758 0.9168665067945644 0.9900811541929667 0.9192645883293366 0.9900811541929667 0.938449240607514 0.9995491433724076 0.9416466826538769
0 0.7371505861136158 0.9480415667466028 0.7443642921550947 0.9496402877697842 0.7470694319206492 0.9456434852118306 0.7484220018034266 0.9352517985611511 0.7461677186654645 0.9032773780975221 0.7448151487826871 0.9000799360511591 0.739404869251578 0.8984812150279777 0.733092876465284 0.9008792965627499 0.733092876465284 0.9400479616306955 0.7371505861136158 0.9480415667466028