0 0.6717763751127143 0.9512390087929657 0.6821460775473399 0.9528377298161471 0.6884580703336339 0.9256594724220625 0.6889089269612263 0.9112709832134293 0.6681695220919748 0.9048760991207034 0.6659152389540126 0.9136690647482014 0.6677186654643824 0.9480415667466028 0.6717763751127143 0.9512390087929657
0 0.2218214607754734 0.9368505195843326 0.2321911632100992 0.9376498800959233 0.2344454463480613 0.9352517985611511 0.23489630297565375 0.9248601119104717 0.23174030658250674 0.9096722621902479 0.2231740306582507 0.9080735411670664 0.22001803426510372 0.9192645883293366 0.22001803426510372 0.9328537170263789 0.2218214607754734 0.9368505195843326
0 0.5184851217312895 0.9216626698641087 0.5347159603246168 0.9224620303756994 0.5360685302073941 0.9200639488409273 0.5356176735798016 0.9144684252597922 0.5324616771866546 0.9096722621902479 0.5171325518485121 0.9088729016786572 0.5162308385933273 0.9184652278177459 0.5184851217312895 0.9216626698641087
0 0.19702434625788998 0.9992006394884093 0.1952209197475203 0.973621103117506 0.19116321009918846 0.959232613908873 0.17763751127141567 0.9560351718625101 0.175834084761046 0.9600319744204637 0.1740306582506763 0.9776179056754596 0.17312894499549145 0.9992006394884093 0.19702434625788998 0.9992006394884093
0 0.2551848512173129 0.521982414068745 0.25653742110009015 0.5395683453237411 0.2587917042380523 0.542765787370104 0.2651036970243463 0.5443645083932854 0.28043282236248873 0.542765787370104 0.28313796212804326 0.5395683453237411 0.2862939585211903 0.5275779376498801 0.28764652840396754 0.5139888089528377 0.2903516681695221 0.4444444444444444 0.2903516681695221 0.407673860911271 0.2889990982867448 0.39488409272581937 0.28313796212804326 0.3892885691446843 0.26149684400360684 0.3908872901678657 0.2587917042380523 0.39728217426059154 0.2569882777276826 0.42845723421262993 0.2569882777276826 0.48840927258193445 0.2551848512173129 0.521982414068745
0 0.23354373309287646 0.9032773780975221 0.25428313796212804 0.9056754596322941 0.26194770063119927 0.9040767386091128 0.2623985572587917 0.8864908073541167 0.25969341749323716 0.8832933653077538 0.23083859332732193 0.8792965627498002 0.22948602344454463 0.8848920863309353 0.2290351668169522 0.8952837729816148 0.23354373309287646 0.9032773780975221
0 0.1956717763751127 0.9104716227018386 0.21325518485121733 0.9128697042366107 0.21596032461677186 0.9112709832134293 0.218214607754734 0.8904876099120704 0.21731289449954916 0.8689048760991207 0.1988277727682597 0.8649080735411672 0.19431920649233542 0.8721023181454837 0.19386834986474302 0.8960831334932055 0.1956717763751127 0.9104716227018386
0 0.33543733092876465 0.49160671462829736 0.3345356176735798 0.5187849720223822 0.3313796212804328 0.5387689848121503 0.3313796212804328 0.5547561950439649 0.3345356176735798 0.5643485211830536 0.33904418394950403 0.5675459632294165 0.3462578899909829 0.5683453237410072 0.35211902614968443 0.5619504396482814 0.35662759242560865 0.5443645083932854 0.36113615870153287 0.5051958433253397 0.36113615870153287 0.486810551558753 0.36384129846708746 0.4660271782573941 0.3642921550946799 0.44924060751398887 0.3678990081154193 0.425259792166267 0.366546438232642 0.416466826538769 0.35933273219116324 0.4028776978417266 0.3489630297565374 0.4004796163069545 0.34355275022542836 0.40447641886490815 0.3408476104598738 0.41247002398081534 0.33994589720468893 0.4356514788169465 0.3376916140667268 0.4524380495603517 0.3376916140667268 0.47242206235011996 0.33543733092876465 0.49160671462829736
0 0.01848512173128945 0.844924060751399 0.02254283137962128 0.8529176658673061 0.03967538322813345 0.8553157474020784 0.04012623985572588 0.8281374900079936 0.0369702434625789 0.8201438848920864 0.022993688007213707 0.8137490007993605 0.01848512173128945 0.818545163868905 0.0175834084761046 0.8393285371702638 0.01848512173128945 0.844924060751399
0 0.563570784490532 0.9232613908872902 0.5825067628494138 0.9216626698641087 0.5834084761045988 0.8968824940047961 0.5816050495942291 0.8928856914468426 0.5757439134355276 0.8896882494004797 0.5662759242560865 0.8888888888888888 0.563570784490532 0.8904876099120704 0.5617673579801623 0.8984812150279777 0.5608656447249775 0.9128697042366107 0.563570784490532 0.9232613908872902
0 0.3642921550946799 0.9232613908872902 0.37376014427412085 0.9216626698641087 0.37466185752930564 0.9024780175859313 0.37240757439134353 0.8904876099120704 0.3606853020739405 0.8864908073541167 0.345356176735798 0.8872901678657075 0.3467087466185753 0.9200639488409273 0.3642921550946799 0.9232613908872902
0 0.657799819657349 0.6075139888089529 0.6717763751127143 0.5979216626698641 0.674932371505861 0.5883293365307755 0.6771866546438233 0.5651478816946442 0.6767357980162308 0.5531574740207834 0.6821460775473399 0.5307753796962431 0.6825969341749324 0.5187849720223822 0.6825969341749324 0.5059952038369305 0.6807935076645627 0.49800159872102323 0.6753832281334536 0.4908073541167067 0.6690712353471596 0.48840927258193445 0.6645626690712354 0.48840927258193445 0.6632100991884582 0.4908073541167067 0.6537421100090172 0.586730615507594 0.6537421100090172 0.6027178257394085 0.657799819657349 0.6075139888089529