0 0.9111812443642923 0.5435651478816946 0.9165915238954013 0.5451638689048761 0.9211000901713255 0.5363709032773781 0.9278629395852119 0.5115907274180655 0.926961226330027 0.5075939248601119 0.9215509467989179 0.5011990407673861 0.9147880973850315 0.49800159872102323 0.9071235347159603 0.5187849720223822 0.9044183949504058 0.533972821742606 0.9111812443642923 0.5435651478816946
0 0.6681695220919748 0.9000799360511591 0.6722272317403066 0.9008792965627499 0.6762849413886385 0.897681854516387 0.6807935076645627 0.8864908073541167 0.6803426510369702 0.8689048760991207 0.672678088367899 0.8577138289368506 0.666366095581605 0.8585131894484412 0.6600541027953112 0.8729016786570745 0.6600541027953112 0.8848920863309353 0.6681695220919748 0.9000799360511591
0 0.6956717763751128 0.5571542765787371 0.7028854824165914 0.5611510791366906 0.706492335437331 0.5555555555555556 0.7082957619477006 0.5395683453237411 0.7046889089269612 0.5315747402078338 0.6956717763751128 0.5267785771382895 0.6925157799819658 0.5283772981614708 0.690712353471596 0.5347721822541966 0.690712353471596 0.5475619504396483 0.6956717763751128 0.5571542765787371
0 0.8534715960324617 0.595523581135092 0.8615870153291254 0.5987210231814549 0.8660955816050496 0.5939248601119105 0.869702434625789 0.5843325339728218 0.8733092876465285 0.5627498001598722 0.866546438232642 0.5523581135091926 0.8620378719567178 0.5523581135091926 0.8579801623083859 0.5595523581135092 0.8516681695220919 0.5915267785771383 0.8534715960324617 0.595523581135092
0 0.06717763751127143 0.5011990407673861 0.06943192064923355 0.5067945643485212 0.07168620378719567 0.5075939248601119 0.109107303877367 0.49160671462829736 0.1109107303877367 0.4876099120703437 0.1109107303877367 0.48201438848920863 0.10955816050495942 0.4788169464428457 0.10459873760144275 0.4788169464428457 0.06898106402164111 0.4940047961630696 0.06672678088367899 0.49800159872102323 0.06717763751127143 0.5011990407673861
0 0.594229035166817 0.906474820143885 0.6000901713255185 0.9000799360511591 0.6045987376014428 0.8824940047961631 0.6045987376014428 0.8792965627498002 0.6014427412082958 0.8729016786570745 0.5888187556357078 0.8633093525179857 0.5843101893597836 0.8689048760991207 0.5811541929666366 0.8784972022382095 0.5798016230838593 0.8936850519584333 0.594229035166817 0.906474820143885
0 0.8543733092876465 0.9136690647482014 0.8597835888187556 0.9240607513988809 0.8656447249774571 0.9288569144684253 0.8692515779981966 0.9288569144684253 0.8737601442741209 0.9232613908872902 0.8769161406672679 0.9032773780975221 0.872858431018936 0.8920863309352519 0.866546438232642 0.885691446842526 0.8588818755635708 0.8824940047961631 0.8561767357980163 0.885691446842526 0.8539224526600542 0.894484412470024 0.8530207394048693 0.9016786570743406 0.8543733092876465 0.9136690647482014
0 0.3967538322813345 0.02797761790567546 0.4044183949504058 0.032773780975219824 0.40847610459873757 0.030375699440447643 0.4116321009918846 0.01278976818545164 0.41118124436429215 0.00639488409272582 0.40847610459873757 0 0.39720468890892696 0 0.3954012623985573 0.010391686650679457 0.3944995491433724 0.02238209432454037 0.3967538322813345 0.02797761790567546
0 0.06357078449053201 0.4196642685851319 0.07980162308385934 0.4188649080735412 0.0825067628494139 0.4180655475619504 0.08385933273219116 0.4140687450039968 0.08340847610459873 0.40687450039968026 0.08115419296663662 0.40367705835331735 0.06898106402164111 0.40447641886490815 0.061316501352569885 0.4100719424460432 0.06086564472497746 0.41486810551558756 0.06357078449053201 0.4196642685851319
0 0.9454463480613166 0.7817745803357314 0.9558160504959423 0.7921662669864108 0.9594229035166817 0.7913669064748201 0.9630297565374212 0.7817745803357314 0.9625788999098286 0.7689848121502798 0.9531109107303878 0.7561950439648283 0.9458972046889089 0.7545963229416467 0.9436429215509469 0.7585931254996003 0.9427412082957619 0.7641886490807354 0.9454463480613166 0.7817745803357314
0 0.6956717763751128 0.9280575539568345 0.7119026149684401 0.9440447641886491 0.715960324616772 0.9424460431654678 0.7182146077547341 0.9280575539568345 0.7155094679891795 0.9216626698641087 0.6997294860234445 0.9016786570743406 0.6952209197475203 0.9024780175859313 0.6911632100991884 0.9080735411670664 0.6916140667267809 0.9200639488409273 0.6956717763751128 0.9280575539568345
0 0.0739404869251578 0.5371702637889688 0.08160504959422904 0.5363709032773781 0.11226330027051398 0.521982414068745 0.11496844003606854 0.5187849720223822 0.11541929666366096 0.5147881694644285 0.11361587015329126 0.5091926458832934 0.109107303877367 0.5083932853717026 0.08385933273219116 0.5187849720223822 0.07303877366997295 0.5259792166266987 0.07258791704238053 0.5347721822541966 0.0739404869251578 0.5371702637889688
0 0.5807033363390443 0.6842525979216627 0.59107303877367 0.6930455635491607 0.5951307484220018 0.6906474820143885 0.5969341749323716 0.6850519584332534 0.5973850315599639 0.6778577138289369 0.5960324616771866 0.6722621902478018 0.5928764652840397 0.6674660271782575 0.5919747520288549 0.6618705035971224 0.5874661857529305 0.657074340527578 0.5793507664562669 0.6554756195043965 0.5743913435527502 0.6682653876898482 0.5748422001803427 0.6826538768984812 0.5807033363390443 0.6842525979216627
0 0.4661857529305681 0.04316546762589928 0.47385031559963936 0.042366107114308556 0.47610459873760147 0.03357314148681055 0.47565374211000905 0.023181454836131096 0.4666366095581605 0.013589128697042365 0.4634806131650135 0.015187849720223821 0.46032461677186653 0.02877697841726619 0.46077547339945896 0.03756994404476419 0.4661857529305681 0.04316546762589928
0 0.4008115419296664 0.18225419664268586 0.41118124436429215 0.18145483613109514 0.4125338142470695 0.17106314948041568 0.41118124436429215 0.15347721822541965 0.40802524797114514 0.15027977617905677 0.4003606853020739 0.15027977617905677 0.3985572587917043 0.15347721822541965 0.3985572587917043 0.17825739408473223 0.4008115419296664 0.18225419664268586
0 0.26645626690712354 0.02238209432454037 0.27547339945897203 0.02557953637090328 0.2871956717763751 0.023181454836131096 0.2871956717763751 0 0.2655545536519387 0 0.2651036970243463 0.002398081534772182 0.2651036970243463 0.019984012789768184 0.26645626690712354 0.02238209432454037
0 0.07078449053201082 0.4740207833733014 0.07439134355275022 0.4748201438848921 0.10504959422903516 0.46282973621103124 0.10685302073940486 0.4596322941646683 0.1073038773669973 0.4532374100719425 0.10550045085662758 0.44924060751398887 0.10144274120829576 0.44844124700239807 0.07078449053201082 0.46203037569944044 0.06988277727682597 0.4708233413269384 0.07078449053201082 0.4740207833733014
0 0.9869251577998197 0.9664268585131894 0.9945897204688909 0.9720223820943246 0.9995491433724076 0.9704236610711432 0.9995491433724076 0.9360511590727418 0.9909828674481516 0.929656274980016 0.9878268710550046 0.929656274980016 0.9819657348963029 0.9496402877697842 0.9824165915238955 0.959232613908873 0.9869251577998197 0.9664268585131894
0 0.7082957619477006 0.6994404476418865 0.7240757439134355 0.7082334132693845 0.7276825969341749 0.7018385291766587 0.7308385933273219 0.6882494004796164 0.7308385933273219 0.6802557953637091 0.7281334535617674 0.6746602717825739 0.7236248872858432 0.6706634692246204 0.7132551848512173 0.6666666666666666 0.7096483318304779 0.6746602717825739 0.7073940486925159 0.6866506794564349 0.7069431920649234 0.6970423661071143 0.7082957619477006 0.6994404476418865
0 0.9355275022542832 0.5595523581135092 0.9386834986474301 0.5579536370903277 0.9431920649233544 0.5475619504396483 0.9495040577096483 0.5395683453237411 0.9504057709648331 0.5323741007194245 0.9490532010820559 0.5259792166266987 0.9355275022542832 0.5107913669064749 0.9319206492335438 0.5163868904876099 0.9278629395852119 0.5315747402078338 0.9274120829576196 0.5435651478816946 0.9355275022542832 0.5595523581135092
0 0.7123534715960325 0.815347721822542 0.7222723174030657 0.8225419664268585 0.7276825969341749 0.8161470823341327 0.7294860234445446 0.8017585931254997 0.7272317403065826 0.7897681854516387 0.7200180342651037 0.7825739408473221 0.7164111812443643 0.7873701039168666 0.7114517583408476 0.8049560351718625 0.7105500450856627 0.8105515587529977 0.7123534715960325 0.815347721822542
0 0.30793507664562675 0.029576338928856916 0.3183047790802525 0.029576338928856916 0.3205590622182146 0.02238209432454037 0.3223624887285843 0 0.30522993688007216 0 0.30477908025247974 0.002398081534772182 0.3056807935076645 0.026378896882494004 0.30793507664562675 0.029576338928856916
0 0.6370604147880974 0.8760991207034373 0.6474301172227231 0.8840927258193446 0.6514878268710551 0.8840927258193446 0.6550946798917944 0.8792965627498002 0.6591523895401262 0.8609112709832134 0.6596032461677187 0.8513189448441247 0.6573489630297565 0.8441247002398081 0.6474301172227231 0.8369304556354917 0.6447249774571686 0.8377298161470824 0.639765554553652 0.844924060751399 0.6348061316501352 0.862509992006395 0.6343552750225429 0.8705035971223022 0.6370604147880974 0.8760991207034373
0 0.7587917042380523 0.9696243005595524 0.7619477006311993 0.9704236610711432 0.7673579801623084 0.9560351718625101 0.7660054102795312 0.9432454036770584 0.7578899909828674 0.9328537170263789 0.7547339945897205 0.9320543565147882 0.7488728584310189 0.9488409272581935 0.7493237150586113 0.9624300559552359 0.7587917042380523 0.9696243005595524
0 0.7831379621280433 0.7841726618705037 0.7894499549143373 0.7929656274980017 0.7962128043282236 0.7921662669864108 0.8016230838593328 0.7777777777777778 0.8016230838593328 0.7681854516386891 0.7962128043282236 0.7577937649880097 0.7899008115419297 0.753796962430056 0.7862939585211903 0.756994404476419 0.784941388638413 0.7617905675459633 0.7822362488728585 0.7761790567545964 0.7831379621280433 0.7841726618705037
0 0.8692515779981966 0.504396482813749 0.8800721370604149 0.5139888089528377 0.8836789900811541 0.5139888089528377 0.8872858431018936 0.5083932853717026 0.888638412984671 0.4940047961630696 0.8859332732191163 0.48441247002398086 0.8832281334535618 0.4804156674660272 0.8724075743913436 0.4756195043964829 0.8678990081154194 0.4836131095123901 0.8674481514878268 0.5011990407673861 0.8692515779981966 0.504396482813749
0 0.8237150586113616 0.4452438049560352 0.8277727682596934 0.44604316546762596 0.8327321911632102 0.4372501998401279 0.833633904418395 0.4196642685851319 0.8322813345356176 0.4108713029576339 0.8246167718665464 0.398880895283773 0.8205590622182147 0.3996802557953637 0.8165013525698828 0.40687450039968026 0.8119927862939585 0.4276578737010392 0.8124436429215509 0.4356514788169465 0.8237150586113616 0.4452438049560352
0 0.8715058611361587 0.6298960831334932 0.8800721370604149 0.6378896882494005 0.8836789900811541 0.6370903277378098 0.8868349864743011 0.6258992805755397 0.8868349864743011 0.6195043964828137 0.8836789900811541 0.6091127098321344 0.8805229936880072 0.6059152677857713 0.8746618575293057 0.6051159072741806 0.871956717763751 0.6083133493205436 0.8706041478809738 0.6147082334132695 0.869702434625789 0.6258992805755397 0.8715058611361587 0.6298960831334932
0 0.7894499549143373 0.8800959232613909 0.796663660955816 0.8760991207034373 0.799819657348963 0.8657074340527579 0.7975653742110009 0.8513189448441247 0.7867448151487827 0.8409272581934453 0.7804328223624887 0.8441247002398081 0.7754733994589721 0.8585131894484412 0.7759242560865645 0.8673061550759393 0.7894499549143373 0.8800959232613909