0 0.8074842200180342 0.20543565147881696 0.8255184851217313 0.20783373301358915 0.8593327321911632 0.21902478017585933 0.8683498647430118 0.21662669864108713 0.8715058611361587 0.1894484412470024 0.8669972948602345 0.18465227817745802 0.8363390441839494 0.17346123101518784 0.8201082055906221 0.17346123101518784 0.8128944995491433 0.17026378896882494 0.8074842200180342 0.17106314948041568 0.806131650135257 0.1774580335731415 0.8047790802524797 0.20223820943245407 0.8074842200180342 0.20543565147881696
0 0.30928764652840396 0.7466027178257394 0.3097385031559964 0.7681854516386891 0.31109107303877365 0.7833733013589129 0.3137962128043282 0.7897681854516387 0.3606853020739405 0.7857713828936851 0.36384129846708746 0.7825739408473221 0.3647430117222723 0.7553956834532374 0.3606853020739405 0.7074340527577938 0.35888187556357076 0.701039168665068 0.35662759242560865 0.6986410871302958 0.3494138863841299 0.6986410871302958 0.31920649233543735 0.7050359712230216 0.3106402164111813 0.7034372501998403 0.30703336339044185 0.7074340527577938 0.3065825067628494 0.7194244604316546 0.30928764652840396 0.7466027178257394
0 0.0175834084761046 0.40447641886490815 0.022091974752028856 0.4180655475619504 0.04643823264201984 0.4244604316546763 0.05049594229035167 0.42366107114308554 0.05320108205590622 0.4180655475619504 0.05545536519386835 0.40687450039968026 0.05545536519386835 0.39488409272581937 0.05184851217312895 0.3788968824940048 0.029305680793507663 0.37170263788968827 0.022091974752028856 0.37250199840127896 0.019837691614066726 0.37729816147082335 0.019837691614066726 0.390087929656275 0.0175834084761046 0.40447641886490815
0 0.806131650135257 0.005595523581135092 0.8187556357078449 0.011191047162270184 0.8638412984670875 0.02158273381294964 0.8669972948602345 0.016786570743405275 0.8669972948602345 0 0.8043282236248873 0.001598721023181455 0.806131650135257 0.005595523581135092
0 0.3056807935076645 0.6786570743405277 0.3065825067628494 0.6946442845723421 0.3097385031559964 0.701039168665068 0.34580703336339047 0.6938449240607514 0.35662759242560865 0.689048760991207 0.357980162308386 0.6826538768984812 0.357980162308386 0.6402877697841727 0.35662759242560865 0.6258992805755397 0.3525698827772768 0.6171063149480416 0.34355275022542836 0.6155075939248602 0.3313796212804328 0.6203037569944045 0.3034265103697024 0.6235011990407675 0.30162308385933273 0.6266986410871304 0.3034265103697024 0.6674660271782575 0.3056807935076645 0.6786570743405277
0 0.35933273219116324 0.6402877697841727 0.36158701532912535 0.6434852118305356 0.37285843101893595 0.64828137490008 0.3764652840396754 0.6538768984812151 0.3800721370604148 0.6554756195043965 0.3823264201983769 0.6418864908073542 0.3823264201983769 0.6219024780175859 0.3800721370604148 0.6163069544364509 0.35888187556357076 0.6139088729016786 0.357980162308386 0.6250999200639489 0.35933273219116324 0.6402877697841727
0 0.1266907123534716 0.4004796163069545 0.15734896302975654 0.407673860911271 0.15960324616771868 0.40447641886490815 0.16321009918845808 0.3836930455635492 0.16275924256086563 0.3764988009592326 0.16095581605049597 0.37250199840127896 0.130297565374211 0.36530775379696245 0.12578899909828675 0.3741007194244605 0.12533814247069433 0.39648281374900085 0.1266907123534716 0.4004796163069545
0 0.8660955816050496 0.8305355715427658 0.8791704238052299 0.8305355715427658 0.8854824165915239 0.827338129496403 0.8845807033363391 0.815347721822542 0.8814247069431921 0.8105515587529977 0.8656447249774571 0.8121502797761792 0.8624887285843102 0.8137490007993605 0.8615870153291254 0.8177458033573143 0.8615870153291254 0.8265387689848122 0.8660955816050496 0.8305355715427658
0 0.8629395852119026 0.8121502797761792 0.8778178539224527 0.8105515587529977 0.8827772768259693 0.806554756195044 0.8836789900811541 0.7841726618705037 0.8800721370604149 0.7601918465227818 0.8737601442741209 0.756994404476419 0.863390441839495 0.7577937649880097 0.8611361587015329 0.7609912070343725 0.8597835888187556 0.7689848121502798 0.8606853020739406 0.8041566746602719 0.8629395852119026 0.8121502797761792
0 0.45897204688908927 0.02877697841726619 0.45761947700631195 0.059952038369304565 0.4594229035166817 0.06314948041566747 0.47790802524797116 0.07114308553157474 0.5049594229035167 0.07753796962430057 0.5085662759242561 0.07513988808952839 0.5112714156898106 0.06874500399680256 0.5144274120829576 0.04316546762589928 0.5139765554553652 0.009592326139088728 0.5126239855725879 0.004796163069544364 0.5045085662759243 0.002398081534772182 0.503155996393147 0 0.4891794409377818 0 0.4882777276825969 0.002398081534772182 0.4806131650135257 0.002398081534772182 0.4792605951307485 0 0.44905320108205593 0 0.4486023444544635 0.018385291766586733 0.45897204688908927 0.02877697841726619
0 0.7930568079350766 0.959232613908873 0.7975653742110009 0.9560351718625101 0.8002705139765555 0.9496402877697842 0.8002705139765555 0.9320543565147882 0.796663660955816 0.9256594724220625 0.7804328223624887 0.9264588329336532 0.7772768259693417 0.929656274980016 0.7790802524797115 0.959232613908873 0.7930568079350766 0.959232613908873
0 0.3507664562669071 0.4772182254196643 0.3530207394048692 0.49800159872102323 0.35482416591523896 0.5003996802557954 0.369702434625789 0.5011990407673861 0.3710550045085663 0.4860111910471623 0.3692515779981966 0.4708233413269384 0.3660955816050496 0.4676258992805756 0.35211902614968443 0.4636290967226219 0.3507664562669071 0.4660271782573941 0.3507664562669071 0.4772182254196643
0 0.7006311992786294 0.6019184652278178 0.706492335437331 0.6147082334132695 0.7236248872858432 0.6123101518784972 0.7245266005410279 0.5995203836930456 0.7218214607754734 0.5507593924860112 0.7177637511271415 0.5267785771382895 0.7137060414788097 0.5235811350919265 0.703336339044184 0.5243804956035172 0.69702434625789 0.5307753796962431 0.6979260595130748 0.5707434052757794 0.7006311992786294 0.6019184652278178
0 0.38097385031559966 0.9992006394884093 0.3782687105500451 0.9872102318145485 0.3751127141568981 0.982414068745004 0.3530207394048692 0.9800159872102319 0.35121731289449953 0.9840127897681855 0.35121731289449953 0.9992006394884093 0.38097385031559966 0.9992006394884093
0 0.978809738503156 0.91207034372502 0.9810640216411182 0.9168665067945644 0.9995491433724076 0.9192645883293366 0.9995491433724076 0.9072741806554757 0.9873760144274121 0.9032773780975221 0.9806131650135257 0.9040767386091128 0.978809738503156 0.9072741806554757 0.978809738503156 0.91207034372502
0 0.22813345356176737 0.6506794564348523 0.23264201983769162 0.6546762589928058 0.24211000901713256 0.6578737010391686 0.25969341749323716 0.6602717825739409 0.2651036970243463 0.6602717825739409 0.2673579801623084 0.6578737010391686 0.2678088367899008 0.6027178257394085 0.2660054102795311 0.5947242206235012 0.24752028854824168 0.5883293365307755 0.23309287646528404 0.586730615507594 0.23038773669972948 0.5907274180655476 0.2285843101893598 0.6051159072741806 0.22678088367899008 0.6458832933653078 0.22813345356176737 0.6506794564348523
0 0.657799819657349 0.797761790567546 0.6591523895401262 0.7929656274980017 0.6587015329125337 0.7817745803357314 0.6451758340847611 0.7753796962430056 0.6402164111812444 0.7777777777777778 0.6411181244364292 0.7929656274980017 0.657799819657349 0.797761790567546
0 0.6185752930568079 0.7378097521982414 0.6451758340847611 0.7450039968025579 0.6478809738503156 0.7426059152677859 0.6492335437330929 0.7370103916866507 0.6487826871055005 0.7274180655475619 0.6460775473399459 0.7250199840127898 0.6262398557258791 0.7194244604316546 0.6190261496844004 0.7194244604316546 0.6163210099188459 0.7234212629896084 0.6163210099188459 0.7338129496402878 0.6185752930568079 0.7378097521982414
0 0.415238954012624 0.5395683453237411 0.42425608656447256 0.5419664268585133 0.4292155094679892 0.5395683453237411 0.4296663660955816 0.5291766586730615 0.42831379621280435 0.5243804956035172 0.4247069431920649 0.521982414068745 0.4170423805229937 0.521982414068745 0.41343552750225426 0.5259792166266987 0.4129846708746619 0.5363709032773781 0.415238954012624 0.5395683453237411
0 0.38954012623985573 0.2973621103117506 0.3904418394950406 0.3053557154276579 0.39224526600541026 0.3085531574740208 0.43958521190261496 0.31974420463629094 0.44274120829576197 0.31734612310151883 0.44454463480613166 0.2973621103117506 0.4495040577096483 0.2805755395683453 0.4508566275924256 0.26458832933653076 0.4495040577096483 0.2557953637090328 0.44679891794409377 0.2533972821742606 0.43507664562669074 0.25099920063948844 0.4314697926059513 0.25739408473221426 0.4292155094679892 0.2741806554756195 0.42515779981965734 0.2789768185451639 0.3990081154192967 0.2741806554756195 0.3904418394950406 0.2701838529176659 0.3890892696122633 0.2749800159872102 0.38954012623985573 0.2973621103117506
0 0.936429215509468 0.6546762589928058 0.9513074842200181 0.6610711430855316 0.993688007213706 0.6706634692246204 0.9995491433724076 0.6674660271782575 0.9995491433724076 0.6410871302957634 0.9945897204688909 0.636290967226219 0.9567177637511272 0.6258992805755397 0.9373309287646528 0.6258992805755397 0.9350766456266908 0.6290967226219025 0.9346257889990982 0.6506794564348523 0.936429215509468 0.6546762589928058
0 0.6158701532912535 0.7633892885691447 0.6379621280432822 0.7697841726618705 0.6438232642019839 0.7697841726618705 0.6460775473399459 0.765787370103917 0.6460775473399459 0.7561950439648283 0.6433724075743913 0.7521982414068745 0.6203787195671777 0.7458033573141487 0.6163210099188459 0.7458033573141487 0.6140667267808837 0.7505995203836932 0.6136158701532913 0.7593924860111911 0.6158701532912535 0.7633892885691447
0 0.2623985572587917 0.8073541167066347 0.26916140667267807 0.8105515587529977 0.28313796212804326 0.8105515587529977 0.29260595130748424 0.815347721822542 0.3065825067628494 0.8121502797761792 0.30793507664562675 0.8089528377298163 0.30883678990081154 0.7849720223820944 0.30793507664562675 0.7793764988009593 0.30387736699729484 0.7753796962430056 0.2822362488728584 0.7721822541966427 0.2633002705139766 0.7721822541966427 0.2601442741208296 0.7753796962430056 0.25924256086564473 0.797761790567546 0.2623985572587917 0.8073541167066347
0 0.8399458972046889 0.6219024780175859 0.8525698827772769 0.627498001598721 0.8588818755635708 0.6282973621103117 0.8606853020739406 0.6258992805755397 0.8615870153291254 0.6059152677857713 0.8597835888187556 0.6027178257394085 0.8426510369702435 0.5979216626698641 0.8381424706943192 0.6019184652278178 0.8381424706943192 0.6195043964828137 0.8399458972046889 0.6219024780175859
0 0.6451758340847611 0.8209432454036771 0.654643823264202 0.8225419664268585 0.6564472497745717 0.8201438848920864 0.6573489630297565 0.809752198241407 0.6559963931469793 0.8057553956834532 0.6496844003606853 0.8033573141486812 0.6438232642019839 0.8057553956834532 0.6438232642019839 0.8177458033573143 0.6451758340847611 0.8209432454036771
0 0.31875563570784493 0.5395683453237411 0.34761045987376016 0.548361310951239 0.3525698827772768 0.548361310951239 0.3539224526600541 0.5443645083932854 0.35437330928764654 0.5347721822541966 0.35211902614968443 0.5267785771382895 0.3318304779080253 0.521982414068745 0.3196573489630297 0.521982414068745 0.3160504959422904 0.525179856115108 0.3160504959422904 0.5355715427657874 0.31875563570784493 0.5395683453237411