0 0.4945897204688909 0.9056754596322941 0.4981965734896303 0.9056754596322941 0.5009017132551848 0.8952837729816148 0.49864743011722273 0.8760991207034373 0.4959422903516682 0.8729016786570745 0.48963029756537424 0.8721023181454837 0.4855725879170424 0.8800959232613909 0.4842200180342651 0.8936850519584333 0.4945897204688909 0.9056754596322941
0 0.3494138863841299 0.841726618705036 0.3660955816050496 0.8553157474020784 0.369702434625789 0.8553157474020784 0.37285843101893595 0.8481215027977619 0.37376014427412085 0.8385291766586731 0.3692515779981966 0.8281374900079936 0.3530207394048692 0.8145483613109513 0.3480613165013526 0.82414068745004 0.34761045987376016 0.8385291766586731 0.3494138863841299 0.841726618705036
0 0.030658250676284943 0.03756994404476419 0.05049594229035167 0.042366107114308556 0.05770964833183048 0.042366107114308556 0.060414788097385035 0.03916866506794565 0.060414788097385035 0.0319744204636291 0.05725879170423805 0.02877697841726619 0.029305680793507663 0.024780175859312553 0.02885482416591524 0.03437250199840128 0.030658250676284943 0.03756994404476419
0 0.1478809738503156 0.08872901678657075 0.15284039675383226 0.08872901678657075 0.1582506762849414 0.07993605115907274 0.1564472497745717 0.06874500399680256 0.1478809738503156 0.05915267785771383 0.14382326420198377 0.059952038369304565 0.14021641118124437 0.07114308553157474 0.14021641118124437 0.08313349320543566 0.1478809738503156 0.08872901678657075
0 0.3363390441839495 0.9848121502797762 0.345356176735798 0.991207034372502 0.3480613165013526 0.9896083133493206 0.35211902614968443 0.9816147082334133 0.3539224526600541 0.9768185451638689 0.35437330928764654 0.9672262190247802 0.3489630297565374 0.9552358113509193 0.3431018935978359 0.9536370903277379 0.33498647430117223 0.9744204636290967 0.3345356176735798 0.9792166266986412 0.3363390441839495 0.9848121502797762
0 0.059513074842200184 0.41167066346922465 0.06402164111812444 0.4108713029576339 0.06672678088367899 0.4012789768185452 0.06627592425608657 0.39408473221422863 0.06447249774571685 0.3908872901678657 0.05590622182146077 0.3844924060751399 0.05139765554553652 0.38529176658673064 0.049143372407574396 0.3908872901678657 0.05004508566275924 0.40447641886490815 0.059513074842200184 0.41167066346922465
0 0.7448151487826871 0.9624300559552359 0.7623985572587918 0.9760191846522782 0.7691614066726781 0.9768185451638689 0.7705139765554554 0.9744204636290967 0.7750225428313796 0.9496402877697842 0.7750225428313796 0.938449240607514 0.7723174030658251 0.9320543565147882 0.7596934174932372 0.9240607513988809 0.7502254283137962 0.9216626698641087 0.7466185752930569 0.9248601119104717 0.7439134355275022 0.9416466826538769 0.7430117222723175 0.9584332533972821 0.7448151487826871 0.9624300559552359
0 0.4783588818755636 0.398880895283773 0.4914337240757439 0.40527577937649883 0.4945897204688909 0.3980815347721823 0.496844003606853 0.3868904876099121 0.4977457168620379 0.3677058353317346 0.49188458070333635 0.3613109512390088 0.48016230838593327 0.3557154276578737 0.47790802524797116 0.35891286970423664 0.47610459873760147 0.37090327737809753 0.47610459873760147 0.39568345323741005 0.4783588818755636 0.398880895283773
0 0.2651036970243463 0.10311750599520383 0.27186654643823266 0.10311750599520383 0.27592425608656446 0.0959232613908873 0.27592425608656446 0.08633093525179857 0.2723174030658251 0.07354116706634693 0.2678088367899008 0.07274180655475619 0.26465284039675385 0.07753796962430057 0.2633002705139766 0.08553157474020784 0.26284941388638416 0.09832134292565947 0.2651036970243463 0.10311750599520383
0 0.21009918845807032 0.4004796163069545 0.21776375112714155 0.40367705835331735 0.22407574391343554 0.39728217426059154 0.2254283137962128 0.3908872901678657 0.22452660054102797 0.3836930455635492 0.21776375112714155 0.3756994404476419 0.21055004508566277 0.37250199840127896 0.2060414788097385 0.37969624300559557 0.20513976555455368 0.3908872901678657 0.21009918845807032 0.4004796163069545
0 0 0.6314948041566747 0 0.64828137490008 0.009017132551848512 0.6586730615507593 0.013074842200180344 0.6586730615507593 0.0175834084761046 0.6538768984812151 0.022091974752028856 0.6442845723421263 0.023895401262398558 0.6290967226219025 0.019837691614066726 0.6211031175059952 0.012173128944995492 0.6155075939248602 0.008115419296663661 0.6155075939248602 0.0063119927862939585 0.6187050359712231 0.002254283137962128 0.6298960831334932 0 0.6314948041566747
0 0.029305680793507663 0.019184652278177457 0.04328223624887286 0.015187849720223821 0.04733994589720469 0.009592326139088728 0.045987376014427414 0 0.02614968440036069 0 0.02614968440036069 0.011990407673860913 0.029305680793507663 0.019184652278177457
0 0.2231740306582507 0.45003996802557955 0.2290351668169522 0.44924060751398887 0.23489630297565375 0.442845723421263 0.23354373309287646 0.42845723421262993 0.22768259693417492 0.4180655475619504 0.22001803426510372 0.4172661870503597 0.21280432822362488 0.425259792166267 0.21100090171325517 0.4356514788169465 0.2231740306582507 0.45003996802557955
0 0.08340847610459873 0.7114308553157473 0.087917042380523 0.7178257394084733 0.09377817853922453 0.7178257394084733 0.09828674481514879 0.6994404476418865 0.09873760144274121 0.689048760991207 0.09738503155996393 0.6858513189448442 0.09197475202885483 0.6786570743405277 0.08656447249774572 0.6778577138289369 0.08340847610459873 0.6810551558752997 0.08070333633904418 0.6906474820143885 0.0793507664562669 0.6994404476418865 0.08340847610459873 0.7114308553157473
0 0.21596032461677186 0.34852118305355717 0.22993688007213708 0.3613109512390088 0.23489630297565375 0.3581135091926459 0.23985572587917042 0.34212629896083135 0.239404869251578 0.33733013589128696 0.22723174030658252 0.3213429256594725 0.22001803426510372 0.3213429256594725 0.2168620378719567 0.32454036770583533 0.215058611361587 0.33013589128697046 0.21325518485121733 0.33812949640287776 0.21596032461677186 0.34852118305355717
0 0.20649233543733095 0.28377298161470826 0.21956717763751127 0.2949640287769784 0.2236248872858431 0.29576338928856916 0.22813345356176737 0.2869704236610712 0.2285843101893598 0.2741806554756195 0.22723174030658252 0.26938449240607515 0.21370604147880973 0.25739408473221426 0.2096483318304779 0.25819344524380494 0.2060414788097385 0.26458832933653076 0.20423805229936878 0.27258193445243806 0.20423805229936878 0.2789768185451639 0.20649233543733095 0.28377298161470826
0 0.7813345356176735 0.2222222222222222 0.7971145175834086 0.22861710631494805 0.8002705139765555 0.21902478017585933 0.8007213706041478 0.20863309352517986 0.8034265103697025 0.19984012789768185 0.8025247971145176 0.18545163868904876 0.8002705139765555 0.18145483613109514 0.796663660955816 0.17985611510791366 0.7862939585211903 0.1806554756195044 0.7826871055004508 0.19104716227018384 0.7799819657348963 0.2094324540367706 0.7795311091073039 0.21822541966426862 0.7813345356176735 0.2222222222222222
0 0.12398557258791705 0.6642685851318945 0.12623985572587917 0.6682653876898482 0.130297565374211 0.6698641087130296 0.13345356176735798 0.6642685851318945 0.14021641118124437 0.6410871302957634 0.14201983769161408 0.6298960831334932 0.1411181244364292 0.6243005595523582 0.1375112714156898 0.6203037569944045 0.12984670874661858 0.6227018385291766 0.12578899909828675 0.6306954436450839 0.1212804328223625 0.6506794564348523 0.12082957619477007 0.6546762589928058 0.12398557258791705 0.6642685851318945
0 0.8101893597835889 0.05115907274180656 0.8151487826871056 0.050359712230215826 0.8178539224526601 0.04316546762589928 0.8192064923354373 0.02238209432454037 0.8142470694319207 0.017585931254996006 0.8056807935076646 0.016786570743405275 0.8034265103697025 0.019184652278177457 0.8025247971145176 0.024780175859312553 0.8011722272317404 0.04636290967226219 0.8101893597835889 0.05115907274180656
0 0.04959422903516681 0.005595523581135092 0.05184851217312895 0.011191047162270184 0.05500450856627593 0.011990407673860913 0.07754733994589721 0.004796163069544364 0.08115419296663662 0 0.04959422903516681 0 0.04959422903516681 0.005595523581135092
0 0.024797114517583405 0.6898481215027978 0.03201082055906222 0.689048760991207 0.0369702434625789 0.6746602717825739 0.0369702434625789 0.6626698641087131 0.024797114517583405 0.6554756195043965 0.02254283137962128 0.6562749800159873 0.019386834986474304 0.6642685851318945 0.019386834986474304 0.6842525979216627 0.024797114517583405 0.6898481215027978
0 0.4477006311992786 0.929656274980016 0.4630297565374211 0.9432454036770584 0.4670874661857529 0.9416466826538769 0.47294860234445446 0.9216626698641087 0.4670874661857529 0.9040767386091128 0.45626690712353474 0.8920863309352519 0.4522091974752029 0.8960831334932055 0.4472497745716862 0.915267785771383 0.4463480613165014 0.9248601119104717 0.4477006311992786 0.929656274980016