0 0.13074842200180342 0.9992006394884093 0.130297565374211 0.9880095923261392 0.12623985572587917 0.9800159872102319 0.109107303877367 0.9784172661870505 0.10640216411181244 0.9872102318145485 0.10685302073940486 0.9992006394884093 0.13074842200180342 0.9992006394884093
0 0.8232642019837692 0.08553157474020784 0.8318304779080252 0.08553157474020784 0.8349864743011722 0.08073541167066348 0.8372407574391344 0.05355715427657874 0.8282236248872858 0.04876099120703437 0.8128944995491433 0.04796163069544365 0.8097385031559965 0.049560351718625106 0.8079350766456267 0.05595523581135092 0.8079350766456267 0.07993605115907274 0.8232642019837692 0.08553157474020784
0 0.7227231740306583 0.0583533173461231 0.7339945897204688 0.06314948041566747 0.7565374211000901 0.06474820143884892 0.7592425608656448 0.06155075939248601 0.760595130748422 0.050359712230215826 0.760595130748422 0.04316546762589928 0.75834084761046 0.03996802557953637 0.729936880072137 0.036770583533173466 0.7236248872858432 0.03916866506794565 0.7218214607754734 0.04476418864908074 0.721370604147881 0.05355715427657874 0.7227231740306583 0.0583533173461231
0 0.11496844003606854 0.9576338928856915 0.11902614968440037 0.9648281374900081 0.13435527502254285 0.9640287769784173 0.13615870153291254 0.9608313349320544 0.13525698827772767 0.9528377298161471 0.13255184851217314 0.9504396482813751 0.11632100991884581 0.9496402877697842 0.11496844003606854 0.9520383693045564 0.11496844003606854 0.9576338928856915
0 0.48692515779981965 0.2565947242206235 0.5130748422001803 0.2597921662669864 0.5256988277727683 0.25819344524380494 0.5270513976555455 0.23261390887290168 0.5220919747520288 0.21982414068745004 0.48737601442741213 0.21742605915267785 0.48512173128945 0.22062350119904078 0.48467087466185754 0.22541966426858515 0.48467087466185754 0.24940047961630699 0.48692515779981965 0.2565947242206235
0 0.015329125338142471 0.26298960831334933 0.027953110910730387 0.26298960831334933 0.030207394048692517 0.2589928057553957 0.028403967538322816 0.2501998401278977 0.012173128944995492 0.25099920063948844 0.011722272317403066 0.25819344524380494 0.015329125338142471 0.26298960831334933
0 0.14292155094679893 0.17585931254996007 0.1672678088367899 0.1774580335731415 0.1704238052299369 0.17426059152677859 0.16997294860234446 0.16786570743405277 0.16591523895401264 0.16466826538768983 0.14021641118124437 0.1654676258992806 0.13976555455365194 0.17266187050359713 0.14292155094679893 0.17585931254996007
0 0.03877366997294861 0.37809752198241414 0.05365193868349865 0.381294964028777 0.05680793507664563 0.3764988009592326 0.05365193868349865 0.36850519584332536 0.042380522993688004 0.3645083932853717 0.03651938683498648 0.3661071143085532 0.03606853020739405 0.3741007194244605 0.03877366997294861 0.37809752198241414
0 0.2290351668169522 0.02877697841726619 0.23850315599639313 0.029576338928856916 0.2412082957619477 0.02557953637090328 0.24165915238954014 0.019184652278177457 0.23850315599639313 0.011191047162270184 0.23128944995491435 0.007993605115907274 0.22723174030658252 0.011191047162270184 0.22678088367899008 0.02238209432454037 0.2290351668169522 0.02877697841726619
0 0.20784490532010821 0.5827338129496403 0.23264201983769162 0.5883293365307755 0.23805229936880073 0.5827338129496403 0.23624887285843102 0.5771382893685052 0.2321911632100992 0.574740207833733 0.21415689810640218 0.5707434052757794 0.20694319206492334 0.5715427657873702 0.20559062218214608 0.577937649880096 0.20784490532010821 0.5827338129496403
0 0.6582506762849414 0.11191047162270185 0.6614066726780884 0.11750599520383694 0.6681695220919748 0.1167066346922462 0.6699729486023445 0.11270983213429257 0.6717763751127143 0.09912070343725021 0.6704238052299368 0.0783373301358913 0.6650135256988278 0.07194244604316548 0.657799819657349 0.07194244604316548 0.6564472497745717 0.07753796962430057 0.6559963931469793 0.10311750599520383 0.6582506762849414 0.11191047162270185
0 0.6045987376014428 0.3229416466826539 0.6163210099188459 0.3229416466826539 0.6194770063119928 0.302158273381295 0.6181244364292156 0.2877697841726619 0.6158701532912535 0.28457234212629895 0.608205590622182 0.2821742605915268 0.6023444544634806 0.2829736211031175 0.6005410279531108 0.2877697841726619 0.6018935978358882 0.3205435651478817 0.6045987376014428 0.3229416466826539
0 0.15058611361587015 0.09112709832134293 0.172678088367899 0.09192645883293366 0.1744815148782687 0.08872901678657075 0.17357980162308384 0.0815347721822542 0.16952209197475201 0.07753796962430057 0.14833183047790804 0.07753796962430057 0.1478809738503156 0.08553157474020784 0.15058611361587015 0.09112709832134293
0 0.03651938683498648 0.5611510791366906 0.05410279531109107 0.5603517186250999 0.05410279531109107 0.5499600319744204 0.05049594229035167 0.542765787370104 0.04012623985572588 0.5403677058353318 0.03606853020739405 0.5435651478816946 0.034715960324616775 0.5555555555555556 0.03651938683498648 0.5611510791366906
0 0.008566275924256087 0.2270183852917666 0.022091974752028856 0.2270183852917666 0.024346257889990983 0.22302158273381298 0.024797114517583405 0.21422861710631497 0.022993688007213707 0.21103117505995203 0.016230838593327322 0.20863309352517986 0.008115419296663661 0.20863309352517986 0.006762849413886384 0.21103117505995203 0.0063119927862939585 0.22302158273381298 0.008566275924256087 0.2270183852917666
0 0.19792605951307485 0.9008792965627499 0.19927862939585214 0.9048760991207034 0.20153291253381425 0.9056754596322941 0.22723174030658252 0.9088729016786572 0.23174030658250674 0.9032773780975221 0.23038773669972948 0.8960831334932055 0.2285843101893598 0.8952837729816148 0.19972948602344456 0.8920863309352519 0.19792605951307485 0.8936850519584333 0.19792605951307485 0.9008792965627499
0 0.5883678990081154 0.38848920863309355 0.6109107303877367 0.390087929656275 0.6145175834084761 0.3844924060751399 0.6140667267808837 0.37969624300559557 0.6122633002705139 0.37809752198241414 0.5843101893597836 0.3764988009592326 0.584761045987376 0.3868904876099121 0.5883678990081154 0.38848920863309355
0 0.03291253381424707 0.9336530775379696 0.05049594229035167 0.9360511590727418 0.05229936880072138 0.9328537170263789 0.05410279531109107 0.91207034372502 0.05004508566275924 0.9032773780975221 0.03201082055906222 0.9024780175859313 0.030207394048692517 0.9104716227018386 0.030207394048692517 0.9248601119104717 0.03291253381424707 0.9336530775379696
0 0.2484220018034265 0.04636290967226219 0.2578899909828674 0.049560351718625106 0.26194770063119927 0.04796163069544365 0.26284941388638416 0.03437250199840128 0.2610459873760144 0.02877697841726619 0.2556357078449053 0.02158273381294964 0.2479711451758341 0.02238209432454037 0.24706943192064923 0.03597122302158274 0.2484220018034265 0.04636290967226219
0 0.1496844003606853 0.23980815347721826 0.16997294860234446 0.2414068745003997 0.172678088367899 0.23820943245403678 0.17177637511271418 0.2278177458033573 0.1650135256988278 0.2238209432454037 0.15058611361587015 0.22462030375699443 0.14697926059513075 0.2270183852917666 0.14652840396753833 0.23501199040767387 0.1496844003606853 0.23980815347721826
0 0.26825969341749323 0.1310951239008793 0.2763751127141569 0.13269384492406078 0.28088367899008115 0.12949640287769784 0.28088367899008115 0.12310151878497202 0.27908025247971147 0.11830535571542766 0.2687105500450857 0.1167066346922462 0.2660054102795311 0.11910471622701839 0.2660054102795311 0.12629896083133493 0.26825969341749323 0.1310951239008793
0 0.2060414788097385 0.7993605115907274 0.21370604147880973 0.8025579536370904 0.22633002705139765 0.8033573141486812 0.2344454463480613 0.800959232613909 0.23489630297565375 0.771382893685052 0.23264201983769162 0.7609912070343725 0.2285843101893598 0.7585931254996003 0.20333633904418397 0.756994404476419 0.20288548241659152 0.7889688249400479 0.2060414788097385 0.7993605115907274
0 0.4995491433724076 0.1167066346922462 0.5045085662759243 0.12230215827338131 0.524346257889991 0.12310151878497202 0.5261496844003607 0.12070343725019984 0.5261496844003607 0.1135091926458833 0.5247971145175834 0.1111111111111111 0.5013525698827773 0.10711430855315748 0.4995491433724076 0.10871302957633892 0.4995491433724076 0.1167066346922462
0 0.2146077547339946 0.5635491606714629 0.24165915238954014 0.565947242206235 0.24436429215509467 0.5603517186250999 0.242560865644725 0.5547561950439649 0.23985572587917042 0.5531574740207834 0.21776375112714155 0.5491606714628298 0.20874661857529306 0.5499600319744204 0.20829576194770064 0.5603517186250999 0.2146077547339946 0.5635491606714629
0 0.046889089269612265 0.24540367705835334 0.07078449053201082 0.24860111910471622 0.07258791704238053 0.24460431654676262 0.0721370604147881 0.23501199040767387 0.06943192064923355 0.23181454836131096 0.05229936880072138 0.2270183852917666 0.04508566275924256 0.22861710631494805 0.044634806131650134 0.23501199040767387 0.046889089269612265 0.24540367705835334
0 0.23985572587917042 0.525179856115108 0.24481514878268712 0.5203836930455635 0.24661857529305684 0.5035971223021583 0.242560865644725 0.4940047961630696 0.22272317403065825 0.486810551558753 0.2091974752028855 0.48840927258193445 0.2096483318304779 0.5171862509992007 0.23985572587917042 0.525179856115108
0 0.13570784490532012 0.548361310951239 0.1568981064021641 0.5499600319744204 0.15960324616771868 0.5459632294164669 0.15915238954012625 0.5371702637889688 0.1568981064021641 0.5315747402078338 0.14743011722272317 0.5283772981614708 0.13300270513976556 0.5291766586730615 0.13255184851217314 0.5419664268585133 0.13570784490532012 0.548361310951239
0 0.2687105500450857 0.15027977617905677 0.27908025247971147 0.1510791366906475 0.28088367899008115 0.14708233413269386 0.28043282236248873 0.14068745003996805 0.27862939585211904 0.1374900079936051 0.2687105500450857 0.1366906474820144 0.26690712353471596 0.13908872901678657 0.26645626690712354 0.14388489208633096 0.2687105500450857 0.15027977617905677
0 0.6785392245266005 0.015187849720223821 0.7028854824165914 0.016786570743405275 0.7082957619477006 0.011990407673860913 0.7073940486925159 0 0.6767357980162308 0 0.6762849413886385 0.009592326139088728 0.6785392245266005 0.015187849720223821
0 0.03967538322813345 0.3597122302158273 0.060414788097385035 0.3629096722621903 0.06402164111812444 0.35891286970423664 0.06357078449053201 0.35331734612310156 0.060414788097385035 0.3493205435651479 0.04012623985572588 0.34532374100719426 0.03742110009017133 0.34852118305355717 0.0369702434625789 0.3557154276578737 0.03967538322813345 0.3597122302158273
0 0.15058611361587015 0.3405275779376499 0.1600541027953111 0.3429256594724221 0.16591523895401264 0.3413269384492406 0.1672678088367899 0.32933653077537967 0.16411181244364292 0.31414868105515587 0.1492335437330929 0.31254996003197444 0.14697926059513075 0.3149480415667466 0.14697926059513075 0.328537170263789 0.15058611361587015 0.3405275779376499
0 0.2551848512173129 0.31015187849720227 0.2727682596934175 0.31015187849720227 0.27412082957619477 0.2901678657074341 0.2709648331830478 0.2765787370103917 0.25473399458972046 0.2733812949640288 0.25247971145175835 0.2797761790567546 0.25247971145175835 0.2997601918465228 0.2551848512173129 0.31015187849720227
0 0.20423805229936878 0.7234212629896084 0.23354373309287646 0.7290167865707434 0.23624887285843102 0.7250199840127898 0.2357980162308386 0.7162270183852918 0.23354373309287646 0.7130295763389289 0.21190261496844004 0.7090327737809753 0.20559062218214608 0.7090327737809753 0.20288548241659152 0.7122302158273383 0.20243462578899912 0.7202238209432456 0.20423805229936878 0.7234212629896084
0 0.13300270513976556 0.6203037569944045 0.15509467989179443 0.6227018385291766 0.15779981965734896 0.6219024780175859 0.15960324616771868 0.6171063149480416 0.1587015329125338 0.6075139888089529 0.15554553651938682 0.60431654676259 0.14292155094679893 0.60431654676259 0.13615870153291254 0.6011191047162271 0.13345356176735798 0.6019184652278178 0.13119927862939584 0.6067146282973622 0.13074842200180342 0.6139088729016786 0.13300270513976556 0.6203037569944045
0 0.012173128944995492 0.24460431654676262 0.01442741208295762 0.2470023980815348 0.029305680793507663 0.24860111910471622 0.030658250676284943 0.24460431654676262 0.030658250676284943 0.23820943245403678 0.028403967538322816 0.23501199040767387 0.013525698827772768 0.23501199040767387 0.012173128944995492 0.23741007194244604 0.012173128944995492 0.24460431654676262
0 0.20694319206492334 0.7058353317346123 0.2339945897204689 0.7090327737809753 0.23760144274120829 0.7074340527577938 0.23850315599639313 0.704236610711431 0.23805229936880073 0.6994404476418865 0.2339945897204689 0.695443645083933 0.21009918845807032 0.6914468425259792 0.20468890892696123 0.6938449240607514 0.2037871956717764 0.7026378896882494 0.20694319206492334 0.7058353317346123
0 0.13931469792605952 0.4940047961630696 0.14382326420198377 0.49640287769784175 0.15419296663660956 0.4948041566746603 0.15599639314697925 0.4908073541167067 0.15464382326420198 0.45643485211830537 0.1442741208295762 0.44844124700239807 0.13706041478809738 0.4532374100719425 0.13706041478809738 0.4788169464428457 0.13931469792605952 0.4940047961630696
0 0 0.3445243804956035 0 0.3844924060751399 0.020288548241659154 0.38848920863309355 0.024346257889990983 0.3868904876099121 0.024346257889990983 0.36370903277378097 0.02569882777276826 0.3525179856115108 0.024346257889990983 0.34532374100719426 0.018935978358881875 0.33733013589128696 0.015779981965734897 0.33573141486810554 0.0031559963931469793 0.33812949640287776 0.0018034265103697026 0.34372501998401284 0 0.3445243804956035
0 0.9887285843101894 0.7873701039168666 0.9918845807033364 0.7921662669864108 0.9995491433724076 0.7913669064748201 0.9995491433724076 0.7601918465227818 0.9941388638412986 0.7577937649880097 0.9914337240757439 0.7529976019184652 0.9878268710550046 0.7577937649880097 0.9873760144274121 0.7817745803357314 0.9887285843101894 0.7873701039168666
0 0.5838593327321911 0.3677058353317346 0.6009918845807034 0.3669064748201439 0.602795311091073 0.36370903277378097 0.6018935978358882 0.354916067146283 0.5996393146979261 0.35331734612310156 0.5816050495942291 0.35331734612310156 0.5811541929666366 0.36370903277378097 0.5838593327321911 0.3677058353317346
0 0.9508566275924257 0.3677058353317346 0.9567177637511272 0.37090327737809753 0.9679891794409378 0.37090327737809753 0.9711451758340848 0.3677058353317346 0.9733994589720468 0.3429256594724221 0.9706943192064924 0.3261390887290168 0.9675383228133454 0.31894484412470026 0.9571686203787195 0.3165467625899281 0.9508566275924257 0.3181454836131095 0.9458972046889089 0.3253397282174261 0.9449954914337241 0.3309352517985612 0.9449954914337241 0.34852118305355717 0.9508566275924257 0.3677058353317346
0 0.805229936880072 0.4372501998401279 0.824165915238954 0.4420463629096723 0.8286744815148782 0.4420463629096723 0.8318304779080252 0.43884892086330934 0.8318304779080252 0.42845723421262993 0.8282236248872858 0.42206235011990406 0.8119927862939585 0.4196642685851319 0.8034265103697025 0.4212629896083134 0.80297565374211 0.43325339728217427 0.805229936880072 0.4372501998401279
0 0.6605049594229035 0.6634692246203038 0.6744815148782687 0.6610711430855316 0.6771866546438233 0.636290967226219 0.6767357980162308 0.6235011990407675 0.674932371505861 0.6163069544364509 0.6717763751127143 0.6115107913669064 0.6632100991884582 0.6099120703437251 0.6537421100090172 0.6099120703437251 0.65238954012624 0.6147082334132695 0.6528403967538323 0.6578737010391686 0.6605049594229035 0.6634692246203038
0 0.13255184851217314 0.6962430055955237 0.15193868349864742 0.697841726618705 0.15554553651938682 0.6938449240607514 0.15464382326420198 0.6874500399680257 0.14743011722272317 0.6826538768984812 0.13480613165013525 0.6794564348521184 0.12939585211902616 0.6818545163868905 0.1289449954914337 0.6898481215027978 0.13255184851217314 0.6962430055955237
0 0.4990982867448151 0.3661071143085532 0.5040577096483319 0.36211031175059955 0.5049594229035167 0.35091926458832934 0.503155996393147 0.33733013589128696 0.49098286744815145 0.33573141486810554 0.48737601442741213 0.3405275779376499 0.48782687105500455 0.36370903277378097 0.4990982867448151 0.3661071143085532
0 0.6641118124436429 0.42845723421262993 0.6704238052299368 0.43085531574740216 0.6875563570784491 0.4292565947242206 0.6961226330027052 0.43165467625899284 0.6997294860234445 0.4276578737010392 0.6988277727682598 0.3924860111910472 0.6934174932371506 0.37969624300559557 0.6821460775473399 0.3749000799360512 0.6771866546438233 0.37809752198241414 0.6659152389540126 0.37809752198241414 0.6636609558160506 0.37969624300559557 0.6623083859332732 0.3876898481215028 0.6614066726780884 0.4188649080735412 0.6641118124436429 0.42845723421262993
0 0.5378719567177638 0.4188649080735412 0.5428313796212805 0.42286171063149486 0.5491433724075744 0.42366107114308554 0.5577096483318305 0.4212629896083134 0.560414788097385 0.4180655475619504 0.5608656447249775 0.40447641886490815 0.5595130748422003 0.3932853717026379 0.5527502254283138 0.390087929656275 0.5419296663660956 0.3892885691446843 0.5369702434625789 0.390087929656275 0.5356176735798016 0.3924860111910472 0.5356176735798016 0.41486810551558756 0.5378719567177638 0.4188649080735412
0 0.5856627592425608 0.10231814548361312 0.5870153291253382 0.1047162270183853 0.6163210099188459 0.1047162270183853 0.6181244364292156 0.1015187849720224 0.6203787195671777 0.07354116706634693 0.6163210099188459 0.06314948041566747 0.611361587015329 0.05915267785771383 0.6086564472497746 0.05355715427657874 0.5892696122633003 0.05355715427657874 0.5870153291253382 0.05675459632294165 0.5861136158701533 0.06554756195043965 0.5852119026149685 0.09192645883293366 0.5856627592425608 0.10231814548361312
0 0.6406672678088369 0.1015187849720224 0.6438232642019839 0.1047162270183853 0.6537421100090172 0.10231814548361312 0.6555455365193867 0.09192645883293366 0.6550946798917944 0.03597122302158274 0.6496844003606853 0.031175059952038373 0.6325518485121732 0.029576338928856916 0.6298467087466186 0.03357314148681055 0.6289449954914338 0.04316546762589928 0.6289449954914338 0.09912070343725021 0.6406672678088369 0.1015187849720224
0 0.13210099188458072 0.6386890487609912 0.15193868349864742 0.6418864908073542 0.15509467989179443 0.6402877697841727 0.15554553651938682 0.6378896882494005 0.15554553651938682 0.6330935251798562 0.1532912533814247 0.6290967226219025 0.1411181244364292 0.6258992805755397 0.1316501352569883 0.6258992805755397 0.12984670874661858 0.6282973621103117 0.12984670874661858 0.636290967226219 0.13210099188458072 0.6386890487609912
0 0.6393146979260594 0.27577937649880097 0.6424706943192064 0.2789768185451639 0.6587015329125337 0.2789768185451639 0.6618575293056808 0.2741806554756195 0.6623083859332732 0.2589928057553957 0.6600541027953112 0.2541966426858513 0.6438232642019839 0.2517985611510791 0.639765554553652 0.2549960031974421 0.6388638412984671 0.25819344524380494 0.6384129846708747 0.2717825739408473 0.6393146979260594 0.27577937649880097
0 0.27547339945897203 0.049560351718625106 0.28268710550045084 0.04716227018385292 0.28313796212804326 0.02557953637090328 0.2772768259693417 0.018385291766586733 0.2723174030658251 0.018385291766586733 0.26916140667267807 0.023181454836131096 0.2696122633002705 0.04636290967226219 0.27547339945897203 0.049560351718625106
0 0.20288548241659152 0.9240607513988809 0.22723174030658252 0.9264588329336532 0.23083859332732193 0.9216626698641087 0.22948602344454463 0.9144684252597922 0.22587917042380526 0.91207034372502 0.19927862939585214 0.9104716227018386 0.1988277727682597 0.920863309352518 0.20288548241659152 0.9240607513988809
0 0.8047790802524797 0.416466826538769 0.8291253381424708 0.42046362909672264 0.8322813345356176 0.4156674660271783 0.8327321911632102 0.40447641886490815 0.8309287646528404 0.4020783373301359 0.8038773669972948 0.4004796163069545 0.8034265103697025 0.41486810551558756 0.8047790802524797 0.416466826538769
0 0.042380522993688004 0.5915267785771383 0.05410279531109107 0.592326139088729 0.05680793507664563 0.5787370103916867 0.05545536519386835 0.5731414868105515 0.045536519386834985 0.5699440447641887 0.03922452660054102 0.5715427657873702 0.03922452660054102 0.5827338129496403 0.042380522993688004 0.5915267785771383