0 0.6014427412082958 0.12949640287769784 0.6064021641118125 0.15587529976019188 0.6095581605049595 0.16227018385291767 0.6199278629395851 0.1630695443645084 0.633453561767358 0.15507593924860114 0.6406672678088369 0.14708233413269386 0.6415689810640216 0.13908872901678657 0.6388638412984671 0.12070343725019984 0.6330027051397656 0.10551558752997602 0.6298467087466186 0.10071942446043165 0.628043282236249 0.10231814548361312 0.6077547339945897 0.12549960031974422 0.6014427412082958 0.12949640287769784
0 0.5216411181244364 0.30135891286970423 0.5293056807935077 0.30135891286970423 0.5689810640216412 0.27258193445243806 0.5811541929666366 0.2597921662669864 0.5820559062218215 0.2541966426858513 0.5775473399458972 0.24300559552358114 0.5734896302975654 0.24300559552358114 0.5590622182146078 0.25099920063948844 0.5536519386834987 0.2565947242206235 0.5477908025247972 0.2589928057553957 0.5378719567177638 0.26938449240607515 0.5175834084761046 0.2821742605915268 0.5171325518485121 0.2869704236610712 0.5216411181244364 0.30135891286970423
0 0.03651938683498648 0.4092725819344525 0.06266907123534717 0.4084732214228617 0.06537421100090171 0.40527577937649883 0.06582506762849415 0.381294964028777 0.06402164111812444 0.36930455635491605 0.03922452660054102 0.37170263788968827 0.03651938683498648 0.3733013589128697 0.034715960324616775 0.37969624300559557 0.03381424706943192 0.40367705835331735 0.03651938683498648 0.4092725819344525
0 0.062218214607754736 0.43645083932853723 0.06537421100090171 0.4324540367705836 0.06627592425608657 0.4196642685851319 0.06357078449053201 0.41167066346922465 0.03742110009017133 0.4100719424460432 0.0351668169522092 0.4132693844924061 0.03651938683498648 0.4372501998401279 0.062218214607754736 0.43645083932853723
0 0.45536519386834984 0.36930455635491605 0.45626690712353474 0.3733013589128697 0.4594229035166817 0.3764988009592326 0.4670874661857529 0.3741007194244605 0.48782687105500455 0.35651478816946447 0.4927862939585212 0.34612310151878495 0.4905320108205591 0.32454036770583533 0.4842200180342651 0.31095123900879296 0.4517583408476105 0.33573141486810554 0.45130748422001804 0.34372501998401284 0.45536519386834984 0.36930455635491605
0 0.9012623985572588 0.574740207833733 0.9138863841298467 0.577937649880096 0.9211000901713255 0.574740207833733 0.9229035166816953 0.5715427657873702 0.9224526600541028 0.5611510791366906 0.9197475202885483 0.5499600319744204 0.9165915238954013 0.5443645083932854 0.9053201082055906 0.5403677058353318 0.8999098286744815 0.542765787370104 0.8990081154192966 0.5707434052757794 0.9012623985572588 0.574740207833733
0 0.060414788097385035 0.4660271782573941 0.06492335437330929 0.46282973621103124 0.06582506762849415 0.4596322941646683 0.06537421100090171 0.4452438049560352 0.06176735798016231 0.4396482813749001 0.04283137962128043 0.43884892086330934 0.03606853020739405 0.442845723421263 0.03606853020739405 0.46522781774580335 0.060414788097385035 0.4660271782573941
0 0.0915238954012624 0.47801758593125504 0.242560865644725 0.4756195043964829 0.2479711451758341 0.47242206235011996 0.24932371505861137 0.46282973621103124 0.2479711451758341 0.4508393285371703 0.23669972948602347 0.44844124700239807 0.13706041478809738 0.44844124700239807 0.12353471596032461 0.4508393285371703 0.09963931469792607 0.45003996802557955 0.09197475202885483 0.4508393285371703 0.08972046889089269 0.4532374100719425 0.08926961226330027 0.47322142286171065 0.0915238954012624 0.47801758593125504
0 0.2971145175834085 0.5971223021582733 0.3020739404869252 0.5987210231814549 0.3083859332732191 0.595523581135092 0.3133453561767358 0.586730615507594 0.3174030658250676 0.5843325339728218 0.3201082055906222 0.5891286970423661 0.3201082055906222 0.6019184652278178 0.3223624887285843 0.6051159072741806 0.35121731289449953 0.6147082334132695 0.3570784490532011 0.6123101518784972 0.3557258791704238 0.5547561950439649 0.35211902614968443 0.5451638689048761 0.2966636609558161 0.5523581135091926 0.29305680793507666 0.5555555555555556 0.29305680793507666 0.5715427657873702 0.2971145175834085 0.5971223021582733
0 0.08926961226330027 0.4444444444444444 0.09287646528403969 0.44844124700239807 0.1650135256988278 0.4452438049560352 0.18079350766456267 0.44684252597921664 0.19116321009918846 0.4444444444444444 0.2285843101893598 0.4452438049560352 0.2479711451758341 0.44844124700239807 0.2497745716862038 0.4420463629096723 0.24932371505861137 0.4260591526778577 0.24436429215509467 0.4188649080735412 0.23760144274120829 0.4172661870503597 0.15915238954012625 0.4172661870503597 0.13074842200180342 0.4196642685851319 0.11045987376014427 0.4180655475619504 0.09107303877366997 0.42046362909672264 0.08881875563570783 0.4244604316546763 0.08926961226330027 0.4444444444444444
0 0.8863841298467088 0.7769784172661871 0.8922452660054103 0.78017585931255 0.9044183949504058 0.7809752198241406 0.9089269612263301 0.7689848121502798 0.9098286744815148 0.7585931254996003 0.9084761045987376 0.753796962430056 0.9039675383228134 0.7490007993605117 0.8904418394950405 0.7474020783373301 0.8868349864743011 0.7529976019184652 0.8850315599639315 0.7609912070343725 0.8845807033363391 0.7705835331734613 0.8863841298467088 0.7769784172661871
0 0.11857529305680793 0.8896882494004797 0.1339044183949504 0.897681854516387 0.18440036068530208 0.9096722621902479 0.19071235347159604 0.8968824940047961 0.1934174932371506 0.8800959232613909 0.20018034265103696 0.8721023181454837 0.20288548241659152 0.862509992006395 0.20288548241659152 0.8369304556354917 0.18845807033363393 0.8281374900079936 0.16636609558160506 0.8249400479616307 0.1280432822362489 0.8129496402877698 0.11992786293958521 0.8129496402877698 0.11541929666366096 0.832933653077538 0.11496844003606854 0.8481215027977619 0.11857529305680793 0.8896882494004797
0 0.0915238954012624 0.4196642685851319 0.10459873760144275 0.416466826538769 0.24436429215509467 0.416466826538769 0.2484220018034265 0.41486810551558756 0.2497745716862038 0.4108713029576339 0.25067628494138866 0.38609112709832133 0.24436429215509467 0.3820943245403677 0.2168620378719567 0.3820943245403677 0.19837691614066724 0.3788968824940048 0.1704238052299369 0.37969624300559557 0.16230838593327324 0.3820943245403677 0.1018935978358882 0.3820943245403677 0.09242560865644725 0.3844924060751399 0.09017132551848513 0.3932853717026379 0.08972046889089269 0.41486810551558756 0.0915238954012624 0.4196642685851319
0 0.09017132551848513 0.504396482813749 0.09783588818755636 0.5059952038369305 0.11361587015329126 0.5035971223021583 0.2096483318304779 0.504396482813749 0.2164111812443643 0.5019984012789769 0.24436429215509467 0.5003996802557954 0.24887285843101895 0.49800159872102323 0.24932371505861137 0.4948041566746603 0.2484220018034265 0.48201438848920863 0.24481514878268712 0.47801758593125504 0.09648331830477908 0.4796163069544365 0.09107303877366997 0.4804156674660272 0.08701532912533815 0.486810551558753 0.08656447249774572 0.5011990407673861 0.09017132551848513 0.504396482813749
0 0.7790802524797115 0.9992006394884093 0.7804328223624887 0.9952038369304558 0.7799819657348963 0.9840127897681855 0.7745716862037872 0.9800159872102319 0.7565374211000901 0.9800159872102319 0.7380522993688007 0.9856115107913669 0.7380522993688007 0.9992006394884093 0.7790802524797115 0.9992006394884093
0 0.04147880973850316 0.5195843325339728 0.060414788097385035 0.5195843325339728 0.06357078449053201 0.5179856115107914 0.06492335437330929 0.5139888089528377 0.06447249774571685 0.49800159872102323 0.06086564472497746 0.4932054356514788 0.03967538322813345 0.4932054356514788 0.03606853020739405 0.49880095923261397 0.03606853020739405 0.5139888089528377 0.04147880973850316 0.5195843325339728
0 0.18890892696122633 0.7649880095923263 0.18890892696122633 0.7609912070343725 0.18620378719567177 0.7649880095923263 0.18890892696122633 0.7649880095923263
0 0.10595130748422002 0.542765787370104 0.12218214607754734 0.5491606714628298 0.12218214607754734 0.5739408473221423 0.12308385933273219 0.5771382893685052 0.1280432822362489 0.5811350919264588 0.16591523895401264 0.5915267785771383 0.1825969341749324 0.592326139088729 0.18530207394048692 0.5883293365307755 0.18665464382326422 0.5691446842525979 0.1952209197475203 0.5611510791366906 0.19251577998196576 0.5259792166266987 0.18935978358881875 0.5115907274180655 0.16862037871956717 0.5083932853717026 0.15734896302975654 0.5107913669064749 0.11406672678088368 0.5075939248601119 0.10775473399458972 0.5115907274180655 0.10550045085662758 0.5211830535571543 0.1036970243462579 0.5387689848121503 0.10595130748422002 0.542765787370104
0 0.19296663660955815 0.9160671462829737 0.20333633904418397 0.920863309352518 0.2096483318304779 0.920863309352518 0.21100090171325517 0.9184652278177459 0.21190261496844004 0.9016786570743406 0.21370604147880973 0.8936850519584333 0.21280432822362488 0.8888888888888888 0.1956717763751127 0.8840927258193446 0.1934174932371506 0.8872901678657075 0.1920649233543733 0.8960831334932055 0.19161406672678089 0.9128697042366107 0.19296663660955815 0.9160671462829737
0 0.035617673579801626 0.3261390887290168 0.03922452660054102 0.3309352517985612 0.06717763751127143 0.3261390887290168 0.12398557258791705 0.3213429256594725 0.2660054102795311 0.3149480415667466 0.2935076645626691 0.31254996003197444 0.29981965734896304 0.30935251798561153 0.3020739404869252 0.3045563549160672 0.30252479711451763 0.27258193445243806 0.29981965734896304 0.2685851318944844 0.2867448151487827 0.2677857713828937 0.2750225428313796 0.27098321342925663 0.22452660054102797 0.27577937649880097 0.1988277727682597 0.2749800159872102 0.11632100991884581 0.2805755395683453 0.09062218214607755 0.28457234212629895 0.044634806131650134 0.28617106314948043 0.035617673579801626 0.28936850519584334 0.03291253381424707 0.293365307753797 0.03291253381424707 0.31414868105515587 0.035617673579801626 0.3261390887290168
0 0.03967538322813345 0.4924060751398881 0.06176735798016231 0.4924060751398881 0.06582506762849415 0.486810551558753 0.06582506762849415 0.4740207833733014 0.06357078449053201 0.4668265387689848 0.03606853020739405 0.4684252597921663 0.03606853020739405 0.4860111910471623 0.03967538322813345 0.4924060751398881
0 0.08836789900811542 0.8904876099120704 0.09738503155996393 0.894484412470024 0.10820559062218214 0.8936850519584333 0.11045987376014427 0.86810551558753 0.10685302073940486 0.8609112709832134 0.10099188458070334 0.8577138289368506 0.0915238954012624 0.8569144684252599 0.087917042380523 0.86810551558753 0.08701532912533815 0.8840927258193446 0.08836789900811542 0.8904876099120704
0 0.9837691614066727 0.5187849720223822 0.9887285843101894 0.5299760191846523 0.9927862939585211 0.5323741007194245 0.9995491433724076 0.5291766586730615 0.9995491433724076 0.5003996802557954 0.9923354373309288 0.49800159872102323 0.9824165915238955 0.5003996802557954 0.9819657348963029 0.5067945643485212 0.9837691614066727 0.5187849720223822
0 0.503155996393147 0.7138289368505196 0.5085662759242561 0.7178257394084733 0.5311091073038774 0.7130295763389289 0.5315599639314699 0.6714628297362111 0.5266005410279532 0.6410871302957634 0.5252479711451759 0.6386890487609912 0.5045085662759243 0.6386890487609912 0.4990982867448151 0.6418864908073542 0.49864743011722273 0.6506794564348523 0.503155996393147 0.7138289368505196
0 0.03877366997294861 0.2805755395683453 0.04283137962128043 0.2829736211031175 0.12218214607754734 0.2749800159872102 0.1388638412984671 0.27577937649880097 0.2687105500450857 0.2677857713828937 0.2799819657348963 0.2621902478017586 0.2813345356176736 0.25099920063948844 0.2813345356176736 0.22302158273381298 0.26375112714156895 0.2214228617106315 0.0757439134355275 0.23261390887290168 0.03967538322813345 0.23661071143085532 0.03651938683498648 0.24380495603517185 0.03606853020739405 0.27258193445243806 0.03877366997294861 0.2805755395683453
0 0.6713255184851218 0.02158273381294964 0.675834084761046 0.023181454836131096 0.6803426510369702 0.019984012789768184 0.6893597835888188 0.020783373301358914 0.6911632100991884 0.016786570743405275 0.6911632100991884 0 0.6690712353471596 0 0.6713255184851218 0.02158273381294964
0 0.9066726780883679 0.533972821742606 0.9224526600541028 0.533972821742606 0.9260595130748422 0.5299760191846523 0.926961226330027 0.5035971223021583 0.9247069431920649 0.4948041566746603 0.9215509467989179 0.49160671462829736 0.9071235347159603 0.4908073541167067 0.8990081154192966 0.49800159872102323 0.8990081154192966 0.5299760191846523 0.9066726780883679 0.533972821742606
0 0.7448151487826871 0.9808153477218226 0.7808836789900812 0.9784172661870505 0.7871956717763752 0.9744204636290967 0.7862939585211903 0.9640287769784173 0.7831379621280433 0.9600319744204637 0.7475202885482417 0.9616306954436452 0.7421100090171326 0.9640287769784173 0.74165915238954 0.9752198241406874 0.7448151487826871 0.9808153477218226