0 0.2655545536519387 0.17346123101518784 0.2799819657348963 0.17585931254996007 0.2822362488728584 0.16946442845723422 0.2822362488728584 0.16386890487609912 0.2795311091073039 0.16067146282973624 0.2673579801623084 0.1574740207833733 0.2651036970243463 0.1574740207833733 0.2633002705139766 0.16067146282973624 0.2633002705139766 0.16946442845723422 0.2655545536519387 0.17346123101518784
0 0.260595130748422 0.10871302957633892 0.28268710550045084 0.11910471622701839 0.28539224526600543 0.11590727418065548 0.28313796212804326 0.09992006394884093 0.2655545536519387 0.09352517985611512 0.2583408476104599 0.09352517985611512 0.25743913435527505 0.10231814548361312 0.260595130748422 0.10871302957633892
0 0.897204688908927 0.9992006394884093 0.9346257889990982 0.9992006394884093 0.9373309287646528 0.9792166266986412 0.9355275022542832 0.9712230215827339 0.8963029756537422 0.9704236610711432 0.8958521190261496 0.9960031974420465 0.897204688908927 0.9992006394884093
0 0.9341749323715058 0.9424460431654678 0.9386834986474301 0.9464428457234213 0.9630297565374212 0.9464428457234213 0.9648331830477908 0.9400479616306955 0.9661857529305681 0.9192645883293366 0.9661857529305681 0.8888888888888888 0.9643823264201984 0.8832933653077538 0.9567177637511272 0.8784972022382095 0.9382326420198377 0.8776978417266187 0.9350766456266908 0.8808952837729817 0.9337240757439135 0.8896882494004797 0.9323715058611362 0.9256594724220625 0.9341749323715058 0.9424460431654678
0 0.2407574391343553 0.15347721822541965 0.24030658250676284 0.1574740207833733 0.2520288548241659 0.1566746602717826 0.2583408476104599 0.16067146282973624 0.26194770063119927 0.15507593924860114 0.26420198376916143 0.13828936850519585 0.26420198376916143 0.13269384492406078 0.2623985572587917 0.12949640287769784 0.24165915238954014 0.12070343725019984 0.23895401262398558 0.12310151878497202 0.23850315599639313 0.12709832134292565 0.23760144274120829 0.14308553157474022 0.2407574391343553 0.15347721822541965
0 0.1618575293056808 0.08792965627498003 0.20198376916140667 0.09912070343725021 0.2231740306582507 0.10071942446043165 0.2249774571686204 0.09512390087929656 0.22452660054102797 0.07034372501998402 0.2218214607754734 0.06634692246203039 0.18665464382326422 0.059952038369304565 0.16456266907123535 0.05915267785771383 0.16140667267808836 0.0639488409272582 0.16050495942290352 0.07034372501998402 0.15960324616771868 0.08473221422861711 0.1618575293056808 0.08792965627498003
0 0.21190261496844004 0.16946442845723422 0.24932371505861137 0.18225419664268586 0.2551848512173129 0.1830535571542766 0.25969341749323716 0.1806554756195044 0.25969341749323716 0.1750599520383693 0.2556357078449053 0.17026378896882494 0.21596032461677186 0.1566746602717826 0.21145175834084762 0.1566746602717826 0.21009918845807032 0.15907274180655476 0.2096483318304779 0.1654676258992806 0.21190261496844004 0.16946442845723422
0 0.9071235347159603 0.8840927258193446 0.9287646528403968 0.8840927258193446 0.9373309287646528 0.8601119104716227 0.9404869251577999 0.8553157474020784 0.9422903516681695 0.844924060751399 0.9377817853922452 0.8409272581934453 0.9075743913435527 0.8369304556354917 0.9039675383228134 0.841726618705036 0.9030658250676284 0.850519584332534 0.903516681695221 0.8816946442845724 0.9071235347159603 0.8840927258193446
0 0.9030658250676284 0.9248601119104717 0.9292155094679891 0.9264588329336532 0.9305680793507665 0.9232613908872902 0.9323715058611362 0.8968824940047961 0.9296663660955816 0.8920863309352519 0.9062218214607755 0.8896882494004797 0.9026149684400361 0.8912869704236611 0.900360685302074 0.8992805755395684 0.900360685302074 0.9216626698641087 0.9030658250676284 0.9248601119104717
0 0.963931469792606 0.9992006394884093 0.9648331830477908 0.9624300559552359 0.9634806131650135 0.959232613908873 0.9458972046889089 0.9560351718625101 0.9436429215509469 0.9584332533972821 0.9418394950405771 0.9696243005595524 0.9409377817853922 0.9992006394884093 0.963931469792606 0.9992006394884093
0 0.27141568981064024 0.15587529976019188 0.28268710550045084 0.15827338129496404 0.28403967538322816 0.1510791366906475 0.28403967538322816 0.14388489208633096 0.28268710550045084 0.14068745003996805 0.27006311992786297 0.1342925659472422 0.2660054102795311 0.13509192645883294 0.2651036970243463 0.13908872901678657 0.2655545536519387 0.15187849720223823 0.27141568981064024 0.15587529976019188
0 0.22091974752028853 0.15587529976019188 0.24165915238954014 0.15987210231814547 0.25473399458972046 0.1654676258992806 0.2583408476104599 0.16067146282973624 0.25743913435527505 0.1574740207833733 0.2515779981965735 0.15267785771382894 0.2407574391343553 0.15027977617905677 0.23534715960324618 0.1398880895283773 0.22768259693417492 0.1374900079936051 0.21190261496844004 0.1398880895283773 0.21145175834084762 0.15027977617905677 0.22091974752028853 0.15587529976019188
0 0.897204688908927 0.9640287769784173 0.9156898106402165 0.9672262190247802 0.9323715058611362 0.9664268585131894 0.9310189359783588 0.9408473221422862 0.9287646528403968 0.9344524380495605 0.9044183949504058 0.9304556354916067 0.8990081154192966 0.9352517985611511 0.8967538322813345 0.9560351718625101 0.897204688908927 0.9640287769784173
0 0.25924256086564473 0.12549960031974422 0.27908025247971147 0.1334932054356515 0.28403967538322816 0.1334932054356515 0.2862939585211903 0.1310951239008793 0.2862939585211903 0.12390087929656275 0.2822362488728584 0.11830535571542766 0.26375112714156895 0.1111111111111111 0.2583408476104599 0.1111111111111111 0.2569882777276826 0.12070343725019984 0.25924256086564473 0.12549960031974422