0 0.22993688007213708 0.9840127897681855 0.2339945897204689 0.9880095923261392 0.25293056807935077 0.9920063948840928 0.2578899909828674 0.991207034372502 0.25924256086564473 0.9888089528377298 0.25969341749323716 0.9760191846522782 0.2556357078449053 0.9632294164668266 0.2357980162308386 0.959232613908873 0.23038773669972948 0.9600319744204637 0.2285843101893598 0.9632294164668266 0.22768259693417492 0.9784172661870505 0.22993688007213708 0.9840127897681855
0 0.42019837691614065 0.7833733013589129 0.4269612263300271 0.7865707434052758 0.4368800721370604 0.7865707434052758 0.44003606853020744 0.7825739408473221 0.44183949504057707 0.7689848121502798 0.43733092876465285 0.756994404476419 0.430117222723174 0.7505995203836932 0.4224526600541028 0.7505995203836932 0.418394950405771 0.756994404476419 0.41794409377817854 0.7793764988009593 0.42019837691614065 0.7833733013589129
0 0.11316501352569883 0.40447641886490815 0.1266907123534716 0.4060751398880896 0.13074842200180342 0.40527577937649883 0.13345356176735798 0.4004796163069545 0.13119927862939584 0.3868904876099121 0.1266907123534716 0.3820943245403677 0.11587015329125337 0.3820943245403677 0.11226330027051398 0.38848920863309355 0.11181244364292155 0.4004796163069545 0.11316501352569883 0.40447641886490815
0 0.7015329125338142 0.10791366906474821 0.7096483318304779 0.11191047162270185 0.7191163210099188 0.11031175059952039 0.7195671776375113 0.09672262190247803 0.7137060414788097 0.0815347721822542 0.7096483318304779 0.0783373301358913 0.7028854824165914 0.07753796962430057 0.700180342651037 0.07993605115907274 0.6988277727682598 0.08473221422861711 0.6988277727682598 0.10231814548361312 0.7015329125338142 0.10791366906474821
0 0.4927862939585212 0.2334132693844924 0.4927862939585212 0.2533972821742606 0.49729486023444547 0.26618705035971224 0.5013525698827773 0.2701838529176659 0.5036068530207394 0.26938449240607515 0.5058611361587015 0.26538768984812156 0.5076645626690712 0.25099920063948844 0.5072137060414789 0.2358113509192646 0.5013525698827773 0.22062350119904078 0.4945897204688909 0.21742605915267785 0.49504057709648336 0.2238209432454037 0.4927862939585212 0.2334132693844924
0 0.017132551848512173 0.36211031175059955 0.033363390441839495 0.36370903277378097 0.03606853020739405 0.354916067146283 0.03606853020739405 0.3317346123101519 0.032461677186654644 0.3261390887290168 0.02614968440036069 0.3237410071942446 0.018935978358881875 0.32454036770583533 0.016230838593327322 0.32773780975219824 0.015779981965734897 0.3597122302158273 0.017132551848512173 0.36211031175059955
0 0.40396753832281335 0.2549960031974421 0.4116321009918846 0.25259792166266987 0.4129846708746619 0.22861710631494805 0.412082957619477 0.21822541966426862 0.4075743913435528 0.21422861710631497 0.4030658250676285 0.21422861710631497 0.4008115419296664 0.21502797761790568 0.3990081154192967 0.21982414068745004 0.3985572587917043 0.25099920063948844 0.40396753832281335 0.2549960031974421
0 0.8205590622182147 0.019984012789768184 0.825067628494139 0.023181454836131096 0.8521190261496844 0.024780175859312553 0.8552750225428314 0.019184652278177457 0.8557258791704238 0.007993605115907274 0.8543733092876465 0 0.8205590622182147 0 0.8205590622182147 0.019984012789768184
0 0.6789900811541929 0.7090327737809753 0.6916140667267809 0.709832134292566 0.6961226330027052 0.7026378896882494 0.6956717763751128 0.6922462030375699 0.6925157799819658 0.6874500399680257 0.6812443642921551 0.6866506794564349 0.6767357980162308 0.6898481215027978 0.675834084761046 0.697841726618705 0.6789900811541929 0.7090327737809753
0 0.9738503155996393 0.4028776978417266 0.9860234445446348 0.4004796163069545 0.9878268710550046 0.38049560351718625 0.9842200180342651 0.3597122302158273 0.9747520288548243 0.3581135091926459 0.9724977457168621 0.3597122302158273 0.9711451758340848 0.36530775379696245 0.9720468890892696 0.3996802557953637 0.9738503155996393 0.4028776978417266
0 0.9724977457168621 0.7689848121502798 0.9770063119927863 0.7673860911270984 0.9810640216411182 0.7617905675459633 0.9806131650135257 0.7234212629896084 0.9770063119927863 0.7210231814548362 0.9702434625789 0.7266187050359713 0.9616771866546439 0.7266187050359713 0.9549143372407575 0.7306155075939249 0.9531109107303878 0.7665867306155076 0.9724977457168621 0.7689848121502798
0 0.16591523895401264 0.10871302957633892 0.178990081154193 0.10871302957633892 0.17944093778178538 0.09432454036770584 0.17538322813345356 0.0815347721822542 0.16907123534715962 0.08073541167066348 0.16456266907123535 0.08633093525179857 0.16411181244364292 0.10391686650679458 0.16591523895401264 0.10871302957633892
0 0.8408476104598738 0.5691446842525979 0.8449053201082056 0.5715427657873702 0.8539224526600542 0.5707434052757794 0.8552750225428314 0.5667466027178258 0.8561767357980163 0.5291766586730615 0.8521190261496844 0.525179856115108 0.8417493237150586 0.525179856115108 0.8381424706943192 0.5363709032773781 0.8381424706943192 0.5643485211830536 0.8408476104598738 0.5691446842525979
0 0.27862939585211904 0.7969624300559552 0.29260595130748424 0.797761790567546 0.29621280432822367 0.7921662669864108 0.29486023444544635 0.7737809752198243 0.2912533814247069 0.7641886490807354 0.27908025247971147 0.762589928057554 0.27682596934174936 0.7689848121502798 0.2763751127141569 0.7929656274980017 0.27862939585211904 0.7969624300559552
0 0.3660955816050496 0.9176658673061552 0.38818755635707847 0.920863309352518 0.39269612263300274 0.9168665067945644 0.3944995491433724 0.897681854516387 0.3944995491433724 0.885691446842526 0.39269612263300274 0.8792965627498002 0.3692515779981966 0.8752997601918465 0.3647430117222723 0.8808952837729817 0.3629395852119026 0.906474820143885 0.3660955816050496 0.9176658673061552
0 0.018935978358881875 0.5003996802557954 0.029305680793507663 0.5011990407673861 0.031109107303877368 0.49800159872102323 0.030658250676284943 0.47641886490807356 0.029305680793507663 0.4716227018385292 0.023444544634806132 0.46522781774580335 0.01848512173128945 0.4660271782573941 0.017132551848512173 0.469224620303757 0.016681695220919748 0.49720223820943243 0.018935978358881875 0.5003996802557954
0 0.35933273219116324 0.5347721822541966 0.3642921550946799 0.5331734612310152 0.3674481514878269 0.5243804956035172 0.36880072137060416 0.4948041566746603 0.3660955816050496 0.4876099120703437 0.35933273219116324 0.486810551558753 0.35527502254283133 0.49640287769784175 0.35437330928764654 0.5291766586730615 0.35933273219116324 0.5347721822541966
0 0.3674481514878269 0.78017585931255 0.3782687105500451 0.78017585931255 0.3800721370604148 0.765787370103917 0.37917042380523 0.7474020783373301 0.3764652840396754 0.7434052757793765 0.3669972948602344 0.7410071942446044 0.35888187556357076 0.7442046362909672 0.35933273219116324 0.7729816147082335 0.3674481514878269 0.78017585931255
0 0.5653742110009017 0.46522781774580335 0.566726780883679 0.47002398081534774 0.5703336339044184 0.4740207833733014 0.5743913435527502 0.4740207833733014 0.5779981965734896 0.46522781774580335 0.5766456266907123 0.45003996802557955 0.5779981965734896 0.44364508393285373 0.5775473399458972 0.4292565947242206 0.5743913435527502 0.416466826538769 0.5716862037871957 0.4140687450039968 0.5671776375112715 0.41486810551558756 0.5640216411181245 0.42206235011990406 0.5631199278629396 0.44684252597921664 0.5653742110009017 0.46522781774580335
0 0.45626690712353474 0.17266187050359713 0.45761947700631195 0.16786570743405277 0.45761947700631195 0.1574740207833733 0.4540126239855726 0.14148681055155876 0.4508566275924256 0.13828936850519585 0.4449954914337241 0.13828936850519585 0.44274120829576197 0.14708233413269386 0.4431920649233544 0.17106314948041568 0.45626690712353474 0.17266187050359713
0 0.4147880973850316 0.5227817745803358 0.4260595130748422 0.525179856115108 0.42831379621280435 0.521982414068745 0.4292155094679892 0.504396482813749 0.42560865644724977 0.495603517186251 0.42155094679891797 0.4940047961630696 0.4147880973850316 0.49640287769784175 0.4116321009918846 0.504396482813749 0.41118124436429215 0.5147881694644285 0.4147880973850316 0.5227817745803358
0 0.23895401262398558 0.39408473221422863 0.25473399458972046 0.39568345323741005 0.25653742110009015 0.3924860111910472 0.2578899909828674 0.3756994404476419 0.2551848512173129 0.3605115907274181 0.239404869251578 0.3605115907274181 0.23624887285843102 0.3645083932853717 0.23715058611361586 0.390087929656275 0.23895401262398558 0.39408473221422863
0 0.38954012623985573 0.5411670663469225 0.3976555455365194 0.5443645083932854 0.40847610459873757 0.542765787370104 0.40892696122633004 0.5379696243005596 0.4044183949504058 0.5115907274180655 0.39495040577096485 0.5115907274180655 0.3890892696122633 0.5203836930455635 0.38818755635707847 0.5355715427657874 0.38954012623985573 0.5411670663469225
0 0.004959422903516681 0.16866506794564348 0.022993688007213707 0.16946442845723422 0.02569882777276826 0.16067146282973624 0.02569882777276826 0.1542765787370104 0.023895401262398558 0.14148681055155876 0.02164111812443643 0.13589128697042366 0.009918845807033363 0.13269384492406078 0.0031559963931469793 0.13589128697042366 0.0031559963931469793 0.15827338129496404 0.004959422903516681 0.16866506794564348
0 0.9706943192064924 0.6394884092725819 0.9810640216411182 0.642685851318945 0.9882777276825969 0.6410871302957634 0.9891794409377818 0.6211031175059952 0.9873760144274121 0.6107114308553158 0.9810640216411182 0.6067146282973622 0.9733994589720468 0.6059152677857713 0.9697926059513075 0.6067146282973622 0.967087466185753 0.6115107913669064 0.9666366095581606 0.6282973621103117 0.9706943192064924 0.6394884092725819
0 0.7953110910730388 0.10951239008792966 0.7953110910730388 0.12629896083133493 0.796663660955816 0.12869704236610713 0.8106402164111812 0.12949640287769784 0.8142470694319207 0.12230215827338131 0.8137962128043282 0.08872901678657075 0.8106402164111812 0.08313349320543566 0.8025247971145176 0.08233413269384492 0.799819657348963 0.08473221422861711 0.7984670874661858 0.09912070343725021 0.7953110910730388 0.10951239008792966
0 0.40216411181244366 0.7202238209432456 0.40396753832281335 0.7226219024780176 0.4197475202885482 0.7242206235011991 0.4224526600541028 0.7202238209432456 0.42200180342651034 0.7018385291766587 0.4206492335437331 0.6986410871302958 0.40486925157799825 0.6986410871302958 0.40216411181244366 0.7034372501998403 0.40171325518485124 0.7154276578737011 0.40216411181244366 0.7202238209432456
0 0.2867448151487827 0.6203037569944045 0.2957619477006312 0.6235011990407675 0.3043282236248873 0.6219024780175859 0.3056807935076645 0.6059152677857713 0.3034265103697024 0.5931254996003198 0.3007213706041479 0.5907274180655476 0.2862939585211903 0.5899280575539568 0.2844905320108206 0.5947242206235012 0.28403967538322816 0.6131095123900879 0.2867448151487827 0.6203037569944045
0 0.45897204688908927 0.8209432454036771 0.46032461677186653 0.8169464428457234 0.4612263300270514 0.7929656274980017 0.45626690712353474 0.7729816147082335 0.45311091073038773 0.7689848121502798 0.44454463480613166 0.7705835331734613 0.44003606853020744 0.7897681854516387 0.4386834986474301 0.8025579536370904 0.43913435527502254 0.8209432454036771 0.45897204688908927 0.8209432454036771
0 0.10144274120829576 0.7354116706634692 0.12218214607754734 0.7378097521982414 0.12984670874661858 0.7330135891286971 0.13210099188458072 0.7250199840127898 0.130297565374211 0.7162270183852918 0.12218214607754734 0.7130295763389289 0.11902614968440037 0.7090327737809753 0.10504959422903516 0.7074340527577938 0.10234445446348062 0.7090327737809753 0.10009017132551848 0.7162270183852918 0.09963931469792607 0.7298161470823342 0.10144274120829576 0.7354116706634692
0 0.3480613165013526 0.24540367705835334 0.351668169522092 0.24940047961630699 0.35752930568079355 0.24860111910471622 0.35933273219116324 0.24380495603517185 0.3602344454463481 0.22861710631494805 0.3602344454463481 0.2094324540367706 0.35843101893597834 0.19984012789768185 0.35617673579801623 0.19584332533972823 0.3494138863841299 0.1950439648281375 0.3467087466185753 0.19824140687450043 0.34490532010820557 0.20623501199040767 0.34445446348061315 0.2278177458033573 0.3480613165013526 0.24540367705835334
0 0.24706943192064923 0.7897681854516387 0.2511271415689811 0.7937649880095924 0.26194770063119927 0.7913669064748201 0.26375112714156895 0.7857713828936851 0.26465284039675385 0.7697841726618705 0.26420198376916143 0.7474020783373301 0.26194770063119927 0.7370103916866507 0.2601442741208296 0.7338129496402878 0.2551848512173129 0.7322142286171064 0.24571686203787196 0.7322142286171064 0.24346257889990983 0.7362110311750599 0.2430117222723174 0.7697841726618705 0.24706943192064923 0.7897681854516387
0 0.481965734896303 0.2805755395683453 0.4842200180342651 0.2829736211031175 0.4905320108205591 0.2829736211031175 0.49413886384129846 0.27817745803357313 0.49504057709648336 0.2685851318944844 0.4914337240757439 0.25259792166266987 0.4837691614066727 0.25259792166266987 0.4815148782687106 0.2541966426858513 0.48016230838593327 0.2589928057553957 0.48016230838593327 0.2765787370103917 0.481965734896303 0.2805755395683453
0 0.09963931469792607 0.6794564348521184 0.10234445446348062 0.6898481215027978 0.11406672678088368 0.6914468425259792 0.12037871956717765 0.689048760991207 0.1212804328223625 0.6778577138289369 0.11812443642921551 0.6682653876898482 0.10595130748422002 0.6602717825739409 0.1018935978358882 0.6626698641087131 0.09963931469792607 0.6682653876898482 0.09963931469792607 0.6794564348521184
0 0.7691614066726781 0.17026378896882494 0.7727682596934174 0.16786570743405277 0.7736699729486024 0.1542765787370104 0.7718665464382326 0.14708233413269386 0.7547339945897205 0.14468425259792167 0.7515779981965736 0.15187849720223823 0.7515779981965736 0.16866506794564348 0.7691614066726781 0.17026378896882494
0 0.6911632100991884 0.9992006394884093 0.6920649233543733 0.9960031974420465 0.690712353471596 0.9864108713029576 0.6880072137060416 0.982414068745004 0.6744815148782687 0.9808153477218226 0.6713255184851218 0.9880095923261392 0.6699729486023445 0.9992006394884093 0.6911632100991884 0.9992006394884093
0 0.37601442741208296 0.9992006394884093 0.37691614066726786 0.9872102318145485 0.3742110009017133 0.9800159872102319 0.3669972948602344 0.9768185451638689 0.3642921550946799 0.9792166266986412 0.36158701532912535 0.9864108713029576 0.36158701532912535 0.9992006394884093 0.37601442741208296 0.9992006394884093
0 0.3976555455365194 0.3573141486810552 0.41118124436429215 0.35891286970423664 0.415238954012624 0.3557154276578737 0.415238954012624 0.33812949640287776 0.41118124436429215 0.3309352517985612 0.40577096483318303 0.32773780975219824 0.3990081154192967 0.32773780975219824 0.3954012623985573 0.3317346123101519 0.3944995491433724 0.3365307753796963 0.39404869251577995 0.34852118305355717 0.3976555455365194 0.3573141486810552
0 0 0.4708233413269384 0.008566275924256087 0.4708233413269384 0.01036970243462579 0.4676258992805756 0.01036970243462579 0.44844124700239807 0.008566275924256087 0.442845723421263 0.003606853020739405 0.442845723421263 0 0.4452438049560352 0 0.4708233413269384
0 0.2867448151487827 0.5315747402078338 0.29305680793507666 0.533972821742606 0.29981965734896304 0.5323741007194245 0.3002705139765554 0.5051958433253397 0.2980162308385933 0.49640287769784175 0.2894499549143373 0.495603517186251 0.28539224526600543 0.5115907274180655 0.284941388638413 0.5259792166266987 0.2867448151487827 0.5315747402078338
0 0.6321009918845808 0.29096722621902477 0.6406672678088369 0.293365307753797 0.6447249774571686 0.28936850519584334 0.6456266907123535 0.27577937649880097 0.6433724075743913 0.2701838529176659 0.6402164111812444 0.266986410871303 0.633453561767358 0.266986410871303 0.630297565374211 0.2717825739408473 0.6298467087466186 0.28457234212629895 0.6321009918845808 0.29096722621902477
0 0.3340847610459874 0.43884892086330934 0.34761045987376016 0.44124700239808157 0.35121731289449953 0.43804956035171866 0.3525698827772768 0.4188649080735412 0.3507664562669071 0.3996802557953637 0.34355275022542836 0.39728217426059154 0.33543733092876465 0.3980815347721823 0.3336339044183949 0.4004796163069545 0.3322813345356177 0.4132693844924061 0.3322813345356177 0.4324540367705836 0.3340847610459874 0.43884892086330934
0 0.3800721370604148 0.2470023980815348 0.3863841298467087 0.24940047961630699 0.39720468890892696 0.24940047961630699 0.3985572587917043 0.2470023980815348 0.3994589720468891 0.2294164668265388 0.3967538322813345 0.22062350119904078 0.38322813345356177 0.21742605915267785 0.3796212804328224 0.2214228617106315 0.3787195671776375 0.24380495603517185 0.3800721370604148 0.2470023980815348
0 0.3660955816050496 0.6986410871302958 0.37240757439134353 0.6962430055955237 0.37376014427412085 0.6922462030375699 0.37330928764652843 0.6714628297362111 0.3692515779981966 0.6666666666666666 0.36113615870153287 0.6730615507593926 0.36203787195671777 0.6962430055955237 0.3660955816050496 0.6986410871302958
0 0.13796212804328223 0.5643485211830536 0.14743011722272317 0.5627498001598722 0.14878268710550044 0.5363709032773781 0.14697926059513075 0.5283772981614708 0.14201983769161408 0.5259792166266987 0.12984670874661858 0.5275779376498801 0.1280432822362489 0.5315747402078338 0.12714156898106402 0.542765787370104 0.12759242560865644 0.5603517186250999 0.13796212804328223 0.5643485211830536
0 0.9220018034265104 0.1374900079936051 0.9256086564472498 0.14068745003996805 0.9328223624887286 0.1342925659472422 0.9341749323715058 0.12949640287769784 0.9341749323715058 0.11590727418065548 0.933273219116321 0.10791366906474821 0.9314697926059514 0.1047162270183853 0.9211000901713255 0.10231814548361312 0.9156898106402165 0.10631494804156676 0.9170423805229937 0.12070343725019984 0.9220018034265104 0.1374900079936051
0 0.900360685302074 0.771382893685052 0.9102795311091073 0.7689848121502798 0.9116321009918846 0.7649880095923263 0.9116321009918846 0.7505995203836932 0.9098286744815148 0.7410071942446044 0.9075743913435527 0.7386091127098321 0.9008115419296664 0.7386091127098321 0.8994589720468892 0.7410071942446044 0.8985572587917042 0.7689848121502798 0.900360685302074 0.771382893685052
0 0.4486023444544635 0.709832134292566 0.45852119026149685 0.7106314948041567 0.4612263300270514 0.7082334132693845 0.4630297565374211 0.7002398081534772 0.4625788999098287 0.6850519584332534 0.4612263300270514 0.6810551558752997 0.4558160504959423 0.6802557953637091 0.44905320108205593 0.6834532374100719 0.44679891794409377 0.6914468425259792 0.44679891794409377 0.704236610711431 0.4486023444544635 0.709832134292566
0 0.6185752930568079 0.7378097521982414 0.6226330027051398 0.7426059152677859 0.6348061316501352 0.7418065547561951 0.6357078449053201 0.7170263788968825 0.6325518485121732 0.7050359712230216 0.6257889990982868 0.6994404476418865 0.6199278629395851 0.6994404476418865 0.6163210099188459 0.7026378896882494 0.6158701532912535 0.7274180655475619 0.6185752930568079 0.7378097521982414
0 0.48647430117222723 0.34852118305355717 0.4882777276825969 0.35091926458832934 0.4977457168620379 0.3501199040767386 0.4990982867448151 0.34532374100719426 0.4990982867448151 0.3341326938449241 0.496844003606853 0.3181454836131095 0.4914337240757439 0.3149480415667466 0.48467087466185754 0.31734612310151883 0.48467087466185754 0.33733013589128696 0.48647430117222723 0.34852118305355717
0 0.3868349864743012 0.16706634692246206 0.39314697926059516 0.17106314948041568 0.4008115419296664 0.17026378896882494 0.402614968440036 0.1574740207833733 0.402614968440036 0.12230215827338131 0.3981064021641118 0.11830535571542766 0.39404869251577995 0.12070343725019984 0.38999098286744815 0.1334932054356515 0.38548241659152394 0.14148681055155876 0.3841298467087466 0.14708233413269386 0.3868349864743012 0.16706634692246206
0 0.9765554553651938 0.22462030375699443 0.9959422903516681 0.22621902478017586 0.9977457168620378 0.21662669864108713 0.9995491433724076 0.21582733812949642 0.9995491433724076 0.19984012789768185 0.9941388638412986 0.1918465227817746 0.9783588818755636 0.1918465227817746 0.9761045987376015 0.19424460431654678 0.9747520288548243 0.2030375699440448 0.9743011722272317 0.21662669864108713 0.9765554553651938 0.22462030375699443
0 0.6898106402164111 0.9040767386091128 0.703336339044184 0.9056754596322941 0.706492335437331 0.8920863309352519 0.7060414788097384 0.8657074340527579 0.7046889089269612 0.859312549960032 0.700180342651037 0.8553157474020784 0.6884580703336339 0.8553157474020784 0.6853020739404869 0.859312549960032 0.6853020739404869 0.9000799360511591 0.6898106402164111 0.9040767386091128
0 0.20829576194770064 0.7721822541966427 0.21009918845807032 0.7785771382893686 0.21956717763751127 0.7793764988009593 0.2218214607754734 0.7745803357314149 0.22137060414788098 0.7633892885691447 0.2236248872858431 0.7426059152677859 0.22227231740306583 0.7266187050359713 0.22046889089269614 0.7226219024780176 0.2146077547339946 0.7202238209432456 0.20829576194770064 0.7210231814548362 0.20559062218214608 0.7250199840127898 0.20513976555455368 0.7410071942446044 0.20829576194770064 0.7721822541966427
0 0.6686203787195673 0.8489208633093526 0.6753832281334536 0.8489208633093526 0.6780883678990081 0.8377298161470824 0.6794409377817855 0.8017585931254997 0.6731289449954915 0.7929656274980017 0.6690712353471596 0.7929656274980017 0.6645626690712354 0.7993605115907274 0.6627592425608656 0.8137490007993605 0.6627592425608656 0.8433253397282174 0.6686203787195673 0.8489208633093526
0 0.3872858431018936 0.60431654676259 0.3990081154192967 0.6059152677857713 0.4044183949504058 0.6011191047162271 0.40577096483318303 0.5771382893685052 0.4035166816952209 0.5699440447641887 0.3904418394950406 0.5667466027178258 0.3863841298467087 0.5731414868105515 0.3859332732191163 0.5995203836930456 0.3872858431018936 0.60431654676259
0 0.20649233543733095 0.12230215827338131 0.21776375112714155 0.12470023980815349 0.22272317403065825 0.11990407673860913 0.22272317403065825 0.11031175059952039 0.22001803426510372 0.10311750599520383 0.215058611361587 0.09992006394884093 0.2037871956717764 0.10311750599520383 0.20288548241659152 0.10871302957633892 0.20649233543733095 0.12230215827338131
0 0.4247069431920649 0.9016786570743406 0.43958521190261496 0.9040767386091128 0.44183949504057707 0.9008792965627499 0.44274120829576197 0.8784972022382095 0.44048692515779986 0.8705035971223022 0.4269612263300271 0.8657074340527579 0.42200180342651034 0.8657074340527579 0.4206492335437331 0.8705035971223022 0.42019837691614065 0.8936850519584333 0.4247069431920649 0.9016786570743406
0 0.02073940486925158 0.28457234212629895 0.03606853020739405 0.28617106314948043 0.03967538322813345 0.2797761790567546 0.04057709648331831 0.25259792166266987 0.03922452660054102 0.2478017585931255 0.03381424706943192 0.24540367705835334 0.025247971145175834 0.24620303756994405 0.02164111812443643 0.2517985611510791 0.019837691614066726 0.2613908872901679 0.019386834986474304 0.2821742605915268 0.02073940486925158 0.28457234212629895
0 0.521190261496844 0.809752198241407 0.5369702434625789 0.8113509192645884 0.5401262398557259 0.8081534772182254 0.5410279531109107 0.7873701039168666 0.5396753832281335 0.7825739408473221 0.5266005410279532 0.7753796962430056 0.5225428313796213 0.7753796962430056 0.5184851217312895 0.7857713828936851 0.5180342651036971 0.800959232613909 0.521190261496844 0.809752198241407
0 0.59107303877367 0.1566746602717826 0.5978358881875564 0.16067146282973624 0.6050495942290353 0.15907274180655476 0.6068530207394048 0.15027977617905677 0.6055004508566276 0.1342925659472422 0.5991884580703336 0.12390087929656275 0.5919747520288549 0.12390087929656275 0.5897204688908927 0.14388489208633096 0.59107303877367 0.1566746602717826
0 0.5748422001803427 0.9336530775379696 0.6018935978358882 0.9360511590727418 0.6041478809738504 0.9328537170263789 0.6055004508566276 0.9256594724220625 0.6068530207394048 0.9008792965627499 0.6045987376014428 0.8960831334932055 0.5987376014427412 0.8912869704236611 0.5798016230838593 0.8912869704236611 0.5739404869251578 0.9000799360511591 0.573038773669973 0.91207034372502 0.5725879170423805 0.9288569144684253 0.5748422001803427 0.9336530775379696
0 0.1424706943192065 0.7809752198241406 0.15509467989179443 0.7849720223820944 0.16140667267808836 0.78017585931255 0.16140667267808836 0.7633892885691447 0.15554553651938682 0.7601918465227818 0.15193868349864742 0.753796962430056 0.14337240757439135 0.7529976019184652 0.1411181244364292 0.7601918465227818 0.1406672678088368 0.7745803357314149 0.1424706943192065 0.7809752198241406
0 0.8313796212804329 0.21902478017585933 0.8340847610459874 0.2222222222222222 0.8390441839495041 0.2222222222222222 0.8489630297565375 0.21742605915267785 0.8503155996393147 0.21422861710631497 0.8503155996393147 0.18545163868904876 0.8489630297565375 0.17905675459632295 0.8422001803426511 0.17585931254996007 0.8331830477908025 0.17585931254996007 0.830477908025248 0.17985611510791366 0.8300270513976555 0.2094324540367706 0.8313796212804329 0.21902478017585933
0 0.706492335437331 0.4684252597921663 0.7164111812443643 0.4708233413269384 0.7195671776375113 0.4684252597921663 0.7209197475202885 0.44844124700239807 0.7195671776375113 0.4396482813749001 0.7168620378719567 0.434052757793765 0.7119026149684401 0.4292565947242206 0.706492335437331 0.4292565947242206 0.703336339044184 0.4420463629096723 0.7037871956717764 0.460431654676259 0.706492335437331 0.4684252597921663
0 0.5387736699729486 0.9800159872102319 0.5491433724075744 0.9840127897681855 0.5536519386834987 0.982414068745004 0.5572587917042381 0.9672262190247802 0.5572587917042381 0.9440447641886491 0.5482416591523895 0.9368505195843326 0.5360685302073941 0.938449240607514 0.5365193868349865 0.9704236610711432 0.5387736699729486 0.9800159872102319
0 0.7777276825969343 0.10871302957633892 0.7885482416591524 0.11031175059952039 0.7930568079350766 0.10551558752997602 0.7939585211902616 0.0815347721822542 0.7926059513074842 0.0783373301358913 0.7889990982867447 0.07513988808952839 0.7826871055004508 0.07434052757793765 0.7786293958521191 0.07593924860111911 0.7763751127141569 0.0815347721822542 0.7759242560865645 0.10231814548361312 0.7777276825969343 0.10871302957633892
0 0.351668169522092 0.016786570743405275 0.369702434625789 0.017585931254996006 0.37285843101893595 0.005595523581135092 0.37240757439134353 0 0.3507664562669071 0 0.3503155996393147 0.01278976818545164 0.351668169522092 0.016786570743405275