0 0.9233543733092877 0.032773780975219824 0.9215509467989179 0.03916866506794565 0.9224526600541028 0.05915267785771383 0.9319206492335438 0.06474820143884892 0.939585211902615 0.0639488409272582 0.9436429215509469 0.05355715427657874 0.9436429215509469 0.049560351718625106 0.9386834986474301 0.04396482813749002 0.9328223624887286 0.0319744204636291 0.9292155094679891 0.029576338928856916 0.9283137962128044 0.023980815347721826 0.9251577998196574 0.02557953637090328 0.9265103697024346 0.02877697841726619 0.9233543733092877 0.032773780975219824
0 0.5261496844003607 0.8521183053557154 0.5396753832281335 0.862509992006395 0.5437330928764653 0.862509992006395 0.5468890892696122 0.859312549960032 0.548692515779982 0.8481215027977619 0.548692515779982 0.8377298161470824 0.5473399458972047 0.8345323741007195 0.5311091073038774 0.8217426059152678 0.5266005410279532 0.8233413269384493 0.5216411181244364 0.8337330135891287 0.521190261496844 0.844924060751399 0.5261496844003607 0.8521183053557154
0 0.3624887285843102 0.9456434852118306 0.3660955816050496 0.9456434852118306 0.37376014427412085 0.9256594724220625 0.3719567177637511 0.9104716227018386 0.35978358881875566 0.8984812150279777 0.35662759242560865 0.9016786570743406 0.34986474301172227 0.9176658673061552 0.34986474301172227 0.9272581934452439 0.3624887285843102 0.9456434852118306
0 0.5743913435527502 0.4356514788169465 0.587917042380523 0.45003996802557955 0.5919747520288549 0.4524380495603517 0.5960324616771866 0.44924060751398887 0.5964833183047792 0.43165467625899284 0.5924256086564473 0.4212629896083134 0.5834084761045988 0.41247002398081534 0.5748422001803427 0.3996802557953637 0.5707844905320109 0.4012789768185452 0.566726780883679 0.41167066346922465 0.5671776375112715 0.4212629896083134 0.5743913435527502 0.4356514788169465
0 0.59107303877367 0.1950439648281375 0.6000901713255185 0.2070343725019984 0.6036970243462578 0.20783373301358915 0.609107303877367 0.19904076738609114 0.6095581605049595 0.18145483613109514 0.602795311091073 0.17106314948041568 0.5960324616771866 0.1654676258992806 0.5928764652840397 0.1654676258992806 0.5883678990081154 0.1774580335731415 0.587917042380523 0.18625099920063948 0.59107303877367 0.1950439648281375
0 0.6505861136158702 0.21502797761790568 0.6550946798917944 0.21502797761790568 0.6600541027953112 0.20623501199040767 0.6596032461677187 0.2014388489208633 0.6496844003606853 0.19104716227018384 0.6460775473399459 0.19104716227018384 0.6438232642019839 0.19824140687450043 0.6442741208295762 0.20783373301358915 0.6505861136158702 0.21502797761790568
0 0.7610459873760144 0.3205435651478817 0.770063119927863 0.328537170263789 0.7754733994589721 0.328537170263789 0.7795311091073039 0.3205435651478817 0.7777276825969343 0.30375699440447645 0.7732191163210099 0.29896083133493206 0.7651036970243462 0.2973621103117506 0.7610459873760144 0.30375699440447645 0.7596934174932372 0.30935251798561153 0.7592425608656448 0.3149480415667466 0.7610459873760144 0.3205435651478817
0 0.8431018935978359 0.09832134292565947 0.8512173128944995 0.10631494804156676 0.8557258791704238 0.10551558752997602 0.8597835888187556 0.09512390087929656 0.8557258791704238 0.07513988808952839 0.8539224526600542 0.07354116706634693 0.8444544634806133 0.07593924860111911 0.8417493237150586 0.08713029576338929 0.8412984670874663 0.09192645883293366 0.8431018935978359 0.09832134292565947
0 0.89404869251578 0.8233413269384493 0.8981064021641119 0.82414068745004 0.9066726780883679 0.7961630695443646 0.9071235347159603 0.7865707434052758 0.9012623985572588 0.7817745803357314 0.8944995491433724 0.7825739408473221 0.8904418394950405 0.7905675459632294 0.8868349864743011 0.8049560351718625 0.8868349864743011 0.8169464428457234 0.89404869251578 0.8233413269384493
0 0.9251577998196574 0.9624300559552359 0.9341749323715058 0.9712230215827339 0.9400360685302074 0.9808153477218226 0.9454463480613166 0.9800159872102319 0.9504057709648331 0.9648281374900081 0.9495040577096483 0.9528377298161471 0.9350766456266908 0.9376498800959233 0.9305680793507665 0.9376498800959233 0.9278629395852119 0.9424460431654678 0.9251577998196574 0.9528377298161471 0.9251577998196574 0.9624300559552359
0 0.9386834986474301 0.5283772981614708 0.9490532010820559 0.5435651478816946 0.9531109107303878 0.5451638689048761 0.9594229035166817 0.5331734612310152 0.9643823264201984 0.5163868904876099 0.9675383228133454 0.49800159872102323 0.9634806131650135 0.48840927258193445 0.9526600541027953 0.4804156674660272 0.9495040577096483 0.48121502797761795 0.9445446348061317 0.49000799360511593 0.9386834986474301 0.5107913669064749 0.9368800721370605 0.5187849720223822 0.9386834986474301 0.5283772981614708
0 0.4012623985572588 0.6786570743405277 0.4030658250676285 0.6826538768984812 0.41027953110910736 0.6882494004796164 0.418394950405771 0.6898481215027978 0.42515779981965734 0.6994404476418865 0.4296663660955816 0.6994404476418865 0.4328223624887286 0.695443645083933 0.4346257889990983 0.689048760991207 0.433273219116321 0.6794564348521184 0.4296663660955816 0.6698641087130296 0.42110009017132555 0.657074340527578 0.41794409377817854 0.6538768984812151 0.41073038773669973 0.6522781774580336 0.40802524797114514 0.6538768984812151 0.40396753832281335 0.6618705035971224 0.4012623985572588 0.6714628297362111 0.4012623985572588 0.6786570743405277
0 0.44003606853020744 0.9992006394884093 0.43958521190261496 0.9952038369304558 0.4359783588818755 0.9896083133493206 0.4174932371505861 0.9744204636290967 0.41073038773669973 0.973621103117506 0.40622182146077546 0.9832134292565947 0.40486925157799825 0.9992006394884093 0.44003606853020744 0.9992006394884093
0 0.7366997294860235 0.24860111910471622 0.7506762849413887 0.2597921662669864 0.7556357078449053 0.2589928057553957 0.7587917042380523 0.2478017585931255 0.7592425608656448 0.23820943245403678 0.7578899909828674 0.2358113509192646 0.74165915238954 0.2214228617106315 0.7389540126239856 0.2222222222222222 0.7353471596032463 0.23501199040767387 0.7348963029756538 0.24300559552358114 0.7366997294860235 0.24860111910471622
0 0.11767357980162309 0.7553956834532374 0.12984670874661858 0.771382893685052 0.1375112714156898 0.7609912070343725 0.1406672678088368 0.7505995203836932 0.1375112714156898 0.7346123101518786 0.12984670874661858 0.7242206235011991 0.12714156898106402 0.7234212629896084 0.12218214607754734 0.7266187050359713 0.11541929666366096 0.7442046362909672 0.11541929666366096 0.7505995203836932 0.11767357980162309 0.7553956834532374
0 0.3692515779981966 0.6003197442046363 0.3800721370604148 0.6195043964828137 0.3836789900811542 0.6219024780175859 0.3904418394950406 0.6147082334132695 0.39179440937781784 0.6019184652278178 0.3800721370604148 0.5795363709032775 0.3764652840396754 0.5755395683453238 0.37240757439134353 0.574740207833733 0.36834986474301173 0.5811350919264588 0.3678990081154193 0.5947242206235012 0.3692515779981966 0.6003197442046363
0 0.09738503155996393 0.9088729016786572 0.10414788097385032 0.9168665067945644 0.11226330027051398 0.9104716227018386 0.11947700631199279 0.8896882494004797 0.11632100991884581 0.8745003996802558 0.10234445446348062 0.8561151079136692 0.09873760144274121 0.8569144684252599 0.09287646528403969 0.8705035971223022 0.08972046889089269 0.8872901678657075 0.09738503155996393 0.9088729016786572
0 0.357980162308386 0.23661071143085532 0.36384129846708746 0.23421262989608316 0.36834986474301173 0.22462030375699443 0.366546438232642 0.21342925659472425 0.3557258791704238 0.2006394884092726 0.3494138863841299 0.2030375699440448 0.34490532010820557 0.21342925659472425 0.345356176735798 0.2270183852917666 0.357980162308386 0.23661071143085532
0 0.28990081154192965 0.6250999200639489 0.2935076645626691 0.6322941646682655 0.2966636609558161 0.6338928856914469 0.30477908025247974 0.6258992805755397 0.31154192966636607 0.6051159072741806 0.30252479711451763 0.5947242206235012 0.2966636609558161 0.5915267785771383 0.2885482416591524 0.6115107913669064 0.28809738503155996 0.6179056754596324 0.28990081154192965 0.6250999200639489
0 0.9463480613165013 0.8992805755395684 0.9458972046889089 0.91207034372502 0.9472497745716862 0.9136690647482014 0.95536519386835 0.9168665067945644 0.9603246167718665 0.915267785771383 0.9706943192064924 0.8928856914468426 0.9711451758340848 0.8864908073541167 0.9675383228133454 0.8760991207034373 0.9679891794409378 0.859312549960032 0.9634806131650135 0.8489208633093526 0.9535617673579802 0.8521183053557154 0.9445446348061317 0.8752997601918465 0.9431920649233544 0.8880895283772982 0.9463480613165013 0.8992805755395684
0 0.6943192064923354 0.4084732214228617 0.7096483318304779 0.4188649080735412 0.7132551848512173 0.4172661870503597 0.7146077547339945 0.4140687450039968 0.7146077547339945 0.39648281374900085 0.6997294860234445 0.38529176658673064 0.694770063119928 0.3932853717026379 0.6934174932371506 0.4004796163069545 0.6943192064923354 0.4084732214228617
0 0.6262398557258791 0.1950439648281375 0.6311992786293958 0.2006394884092726 0.6406672678088369 0.2030375699440448 0.6447249774571686 0.19264588329336532 0.6442741208295762 0.18705035971223025 0.6370604147880974 0.1774580335731415 0.6298467087466186 0.1774580335731415 0.6257889990982868 0.1830535571542766 0.6248872858431019 0.18864908073541167 0.6262398557258791 0.1950439648281375
0 0.7110009017132553 0.5411670663469225 0.7182146077547341 0.5435651478816946 0.7240757439134355 0.533972821742606 0.7231740306582507 0.525179856115108 0.7168620378719567 0.5171862509992007 0.7091974752028855 0.513189448441247 0.706492335437331 0.5171862509992007 0.7060414788097384 0.521982414068745 0.7060414788097384 0.5315747402078338 0.7110009017132553 0.5411670663469225
0 0.45311091073038773 0.7082334132693845 0.46032461677186653 0.7106314948041567 0.4648331830477908 0.7026378896882494 0.4661857529305681 0.6938449240607514 0.46393146979260597 0.6778577138289369 0.4558160504959423 0.6642685851318945 0.44905320108205593 0.6586730615507593 0.44183949504057707 0.6690647482014389 0.43913435527502254 0.6778577138289369 0.43913435527502254 0.6882494004796164 0.45311091073038773 0.7082334132693845
0 0.04283137962128043 0.9232613908872902 0.05139765554553652 0.9280575539568345 0.05680793507664563 0.938449240607514 0.06672678088367899 0.9184652278177459 0.06447249774571685 0.9048760991207034 0.05680793507664563 0.8952837729816148 0.05365193868349865 0.885691446842526 0.05049594229035167 0.8840927258193446 0.045987376014427414 0.8912869704236611 0.04012623985572588 0.9072741806554757 0.03967538322813345 0.9160671462829737 0.04283137962128043 0.9232613908872902
0 0.32416591523895405 0.5211830535571543 0.3417493237150586 0.5435651478816946 0.348512173128945 0.5355715427657874 0.3489630297565374 0.525179856115108 0.3309287646528404 0.4940047961630696 0.32777276825969337 0.4924060751398881 0.32281334535617673 0.5011990407673861 0.32146077547339946 0.5147881694644285 0.32416591523895405 0.5211830535571543
0 0.2750225428313796 0.9872102318145485 0.2777276825969342 0.9864108713029576 0.28268710550045084 0.973621103117506 0.28088367899008115 0.9624300559552359 0.2723174030658251 0.9520383693045564 0.2687105500450857 0.9568345323741008 0.2655545536519387 0.9696243005595524 0.2655545536519387 0.9768185451638689 0.2750225428313796 0.9872102318145485
0 0.766907123534716 0.13029576338928858 0.7754733994589721 0.1310951239008793 0.7804328223624887 0.12390087929656275 0.7795311091073039 0.10951239008792966 0.7736699729486024 0.10071942446043165 0.7691614066726781 0.10071942446043165 0.7660054102795312 0.10551558752997602 0.7628494138863842 0.11750599520383694 0.7628494138863842 0.12629896083133493 0.766907123534716 0.13029576338928858
0 0.9738503155996393 0.7609912070343725 0.9837691614066727 0.7681854516386891 0.9878268710550046 0.7681854516386891 0.9909828674481516 0.762589928057554 0.9945897204688909 0.748201438848921 0.9954914337240758 0.7306155075939249 0.9905320108205591 0.7226219024780176 0.9806131650135257 0.7138289368505196 0.9774571686203787 0.718625099920064 0.9702434625789 0.7490007993605117 0.9702434625789 0.7545963229416467 0.9738503155996393 0.7609912070343725
0 0.48737601442741213 0.8129496402877698 0.49098286744815145 0.8121502797761792 0.49368800721370604 0.806554756195044 0.49864743011722273 0.7841726618705037 0.4977457168620379 0.7753796962430056 0.4806131650135257 0.7585931254996003 0.47294860234445446 0.7641886490807354 0.46934174932371503 0.7785771382893686 0.46934174932371503 0.7897681854516387 0.48737601442741213 0.8129496402877698
0 0.6474301172227231 0.6650679456434853 0.657799819657349 0.6714628297362111 0.6623083859332732 0.6690647482014389 0.6650135256988278 0.6634692246203038 0.666366095581605 0.6522781774580336 0.6623083859332732 0.636290967226219 0.6519386834986475 0.627498001598721 0.6487826871055005 0.627498001598721 0.6465284039675383 0.6322941646682655 0.6442741208295762 0.6474820143884892 0.6474301172227231 0.6650679456434853
0 0.42019837691614065 0.3876898481215028 0.42155094679891797 0.38848920863309355 0.4260595130748422 0.3836930455635492 0.4323715058611362 0.37170263788968827 0.4323715058611362 0.3597122302158273 0.42155094679891797 0.3413269384492406 0.41794409377817854 0.3405275779376499 0.4147880973850316 0.3429256594724221 0.40847610459873757 0.3557154276578737 0.4075743913435528 0.3629096722621903 0.42019837691614065 0.3876898481215028
0 0.6122633002705139 0.302158273381295 0.6194770063119928 0.30935251798561153 0.6230838593327321 0.30935251798561153 0.6244364292155096 0.3069544364508393 0.6266907123534716 0.29176658673061556 0.6235347159603246 0.2853717026378897 0.6199278629395851 0.2813749000799361 0.6154192966636609 0.2805755395683453 0.6127141568981065 0.2829736211031175 0.6104598737601443 0.28936850519584334 0.609107303877367 0.2965627498001599 0.6122633002705139 0.302158273381295
0 0.47069431920649235 0.6011191047162271 0.47249774571686204 0.6035171862509993 0.478809738503156 0.6011191047162271 0.49864743011722273 0.5619504396482814 0.5004508566275925 0.5547561950439649 0.49864743011722273 0.5403677058353318 0.48782687105500455 0.5307753796962431 0.4837691614066727 0.5347721822541966 0.478809738503156 0.5451638689048761 0.47745716862037874 0.5563549160671463 0.4743011722272317 0.5651478816946442 0.4679891794409378 0.5763389288569145 0.4670874661857529 0.5835331734612311 0.47069431920649235 0.6011191047162271
0 0.4697926059513075 0.7633892885691447 0.47790802524797116 0.7593924860111911 0.4810640216411181 0.753796962430056 0.4815148782687106 0.7450039968025579 0.47745716862037874 0.7330135891286971 0.4666366095581605 0.7194244604316546 0.4634806131650135 0.7178257394084733 0.45987376014427417 0.7202238209432456 0.45671776375112716 0.7274180655475619 0.45446348061316505 0.7402078337330137 0.4549143372407574 0.7490007993605117 0.4697926059513075 0.7633892885691447
0 0.9882777276825969 0.030375699440447643 0.9950405770964834 0.032773780975219824 0.9972948602344455 0.02557953637090328 0.9995491433724076 0.023980815347721826 0.9995491433724076 0 0.9824165915238955 0 0.978809738503156 0.007194244604316547 0.9783588818755636 0.01598721023181455 0.9882777276825969 0.030375699440447643
0 0.6789900811541929 0.04396482813749002 0.6862037871956718 0.045563549160671464 0.6920649233543733 0.03836930455635491 0.693868349864743 0.02158273381294964 0.6884580703336339 0.013589128697042365 0.6816952209197475 0.011990407673860913 0.6771866546438233 0.02158273381294964 0.6762849413886385 0.02797761790567546 0.6767357980162308 0.03996802557953637 0.6789900811541929 0.04396482813749002
0 0.2236248872858431 0.5755395683453238 0.23489630297565375 0.5763389288569145 0.24436429215509467 0.5843325339728218 0.2479711451758341 0.5819344524380495 0.25247971145175835 0.5691446842525979 0.2484220018034265 0.5579536370903277 0.24616771866546439 0.5403677058353318 0.2412082957619477 0.5323741007194245 0.2321911632100992 0.5395683453237411 0.22587917042380526 0.5499600319744204 0.2218214607754734 0.5611510791366906 0.22046889089269614 0.5683453237410072 0.2236248872858431 0.5755395683453238
0 0.23669972948602347 0.9392486011191048 0.24706943192064923 0.9528377298161471 0.25067628494138866 0.9528377298161471 0.2551848512173129 0.947242206235012 0.26149684400360684 0.9352517985611511 0.26690712353471596 0.9184652278177459 0.26420198376916143 0.9072741806554757 0.26420198376916143 0.9008792965627499 0.2551848512173129 0.8872901678657075 0.24887285843101895 0.8824940047961631 0.24436429215509467 0.8824940047961631 0.23038773669972948 0.915267785771383 0.22993688007213708 0.9184652278177459 0.23669972948602347 0.9392486011191048
0 0.8174030658250677 0.4804156674660272 0.8232642019837692 0.49160671462829736 0.8277727682596934 0.495603517186251 0.8313796212804329 0.4948041566746603 0.836789900811542 0.47801758593125504 0.8363390441839494 0.46442845723421267 0.8322813345356176 0.45803357314148685 0.8246167718665464 0.45163868904876103 0.8219116321009919 0.4524380495603517 0.8205590622182147 0.4556354916067146 0.8205590622182147 0.46522781774580335 0.8174030658250677 0.4804156674660272
0 0.7587917042380523 0.37809752198241414 0.7682596934174932 0.37809752198241414 0.7727682596934174 0.36930455635491605 0.7732191163210099 0.36211031175059955 0.7709648331830479 0.3557154276578737 0.7551848512173129 0.33812949640287776 0.7497745716862038 0.33892885691446845 0.7466185752930569 0.3493205435651479 0.7466185752930569 0.3661071143085532 0.7587917042380523 0.37809752198241414
0 0.6880072137060416 0.07034372501998402 0.7028854824165914 0.08473221422861711 0.7069431920649234 0.0815347721822542 0.7137060414788097 0.059952038369304565 0.7114517583408476 0.050359712230215826 0.7028854824165914 0.03996802557953637 0.6997294860234445 0.04156674660271783 0.6956717763751128 0.04876099120703437 0.6889089269612263 0.049560351718625106 0.6880072137060416 0.05195843325339729 0.6862037871956718 0.059952038369304565 0.6880072137060416 0.07034372501998402
0 0.6532912533814247 0.29096722621902477 0.6645626690712354 0.29896083133493206 0.6686203787195673 0.29576338928856916 0.6708746618575293 0.28457234212629895 0.6681695220919748 0.2717825739408473 0.6609558160504959 0.26458832933653076 0.6568981064021642 0.2637889688249401 0.6537421100090172 0.26538768984812156 0.65238954012624 0.27258193445243806 0.6519386834986475 0.2877697841726619 0.6532912533814247 0.29096722621902477
0 0.21145175834084762 0.8217426059152678 0.215058611361587 0.8289368505195844 0.22046889089269614 0.832933653077538 0.22723174030658252 0.82414068745004 0.22813345356176737 0.8137490007993605 0.22272317403065825 0.8025579536370904 0.21235347159603246 0.7953637090327739 0.21055004508566277 0.8089528377298163 0.21145175834084762 0.8217426059152678
0 0.7137060414788097 0.5067945643485212 0.721370604147881 0.5155875299760192 0.7344454463480614 0.5235811350919265 0.7407574391343553 0.5235811350919265 0.7479711451758341 0.5019984012789769 0.7470694319206492 0.49800159872102323 0.7434625788999099 0.4948041566746603 0.7376014427412083 0.4932054356514788 0.7236248872858432 0.4828137490007994 0.7200180342651037 0.4836131095123901 0.7128043282236249 0.49800159872102323 0.7123534715960325 0.5035971223021583 0.7137060414788097 0.5067945643485212
0 0.7470694319206492 0.026378896882494004 0.7592425608656448 0.031175059952038373 0.7633002705139765 0.026378896882494004 0.766907123534716 0.007993605115907274 0.7633002705139765 0 0.7497745716862038 0 0.7475202885482417 0.004796163069544364 0.7461677186654645 0.015187849720223821 0.7457168620378719 0.023980815347721826 0.7470694319206492 0.026378896882494004
0 0.34355275022542836 0.4108713029576339 0.35752930568079355 0.4260591526778577 0.3624887285843102 0.425259792166267 0.37060414788097384 0.41486810551558756 0.37060414788097384 0.4100719424460432 0.3678990081154193 0.40367705835331735 0.3530207394048692 0.3788968824940048 0.34761045987376016 0.37969624300559557 0.34039675383228135 0.390087929656275 0.33994589720468893 0.398880895283773 0.34355275022542836 0.4108713029576339
0 0.42200180342651034 0.7913669064748201 0.42651036970243467 0.7905675459632294 0.43192064923354373 0.7777777777777778 0.4292155094679892 0.7689848121502798 0.4188458070333634 0.7593924860111911 0.415238954012624 0.7601918465227818 0.41343552750225426 0.7673860911270984 0.4125338142470695 0.7809752198241406 0.42200180342651034 0.7913669064748201
0 0.2732191163210099 0.5107913669064749 0.28313796212804326 0.5099920063948842 0.2894499549143373 0.49800159872102323 0.28539224526600543 0.4852118305355716 0.2763751127141569 0.47322142286171065 0.26916140667267807 0.4740207833733014 0.26149684400360684 0.48441247002398086 0.2610459873760144 0.49160671462829736 0.2732191163210099 0.5107913669064749
0 0.9634806131650135 0.3213429256594725 0.9733994589720468 0.3253397282174261 0.9801623083859333 0.33253397282174263 0.9846708746618575 0.33253397282174263 0.9887285843101894 0.3237410071942446 0.9882777276825969 0.31414868105515587 0.9846708746618575 0.30375699440447645 0.967087466185753 0.2885691446842526 0.9634806131650135 0.29576338928856916 0.9621280432822362 0.3061550759392486 0.9616771866546439 0.31734612310151883 0.9634806131650135 0.3213429256594725
0 0.06357078449053201 0.8808952837729817 0.07709648331830478 0.8984812150279777 0.08205590622182146 0.897681854516387 0.08972046889089269 0.8832933653077538 0.09197475202885483 0.8737010391686652 0.08836789900811542 0.8561151079136692 0.08431018935978359 0.8481215027977619 0.07439134355275022 0.8361310951239008 0.06898106402164111 0.8409272581934453 0.05725879170423805 0.862509992006395 0.05770964833183048 0.8689048760991207 0.06357078449053201 0.8808952837729817
0 0.12443642921550947 0.9680255795363709 0.13570784490532012 0.9952038369304558 0.14472497745716864 0.9968025579536371 0.14833183047790804 0.9944044764188649 0.14562669071235346 0.982414068745004 0.14562669071235346 0.9712230215827339 0.14743011722272317 0.9640287769784173 0.1460775473399459 0.9560351718625101 0.13706041478809738 0.9448441247002399 0.13345356176735798 0.9432454036770584 0.1248872858431019 0.9560351718625101 0.12353471596032461 0.9632294164668266 0.12443642921550947 0.9680255795363709
0 0.8985572587917042 0.19264588329336532 0.9008115419296664 0.19664268585131894 0.9084761045987376 0.19904076738609114 0.9116321009918846 0.19824140687450043 0.9147880973850315 0.19344524380495606 0.9161406672678089 0.17266187050359713 0.9116321009918846 0.16067146282973624 0.897204688908927 0.1510791366906475 0.8895401262398558 0.17825739408473223 0.8899909828674482 0.18625099920063948 0.8985572587917042 0.19264588329336532
0 0.9752028854824166 0.26538768984812156 0.9846708746618575 0.27098321342925663 0.9905320108205591 0.27737809752198245 0.9945897204688909 0.27817745803357313 0.9995491433724076 0.27258193445243806 0.9995491433724076 0.2613908872901679 0.9950405770964834 0.2557953637090328 0.9797114517583408 0.24300559552358114 0.9770063119927863 0.24220623501199043 0.9747520288548243 0.24460431654676262 0.9738503155996393 0.2621902478017586 0.9752028854824166 0.26538768984812156
0 0.9815148782687105 0.9328537170263789 0.9995491433724076 0.9360511590727418 0.9995491433724076 0.9024780175859313 0.9900811541929667 0.9008792965627499 0.9837691614066727 0.9032773780975221 0.9806131650135257 0.9080735411670664 0.9797114517583408 0.9192645883293366 0.9815148782687105 0.9328537170263789
0 0.5802524797114518 0.6754596322941646 0.5919747520288549 0.6786570743405277 0.5964833183047792 0.6714628297362111 0.5987376014427412 0.6498800959232613 0.5829576194770063 0.6322941646682655 0.5770964833183048 0.6322941646682655 0.5725879170423805 0.6514788169464429 0.5721370604147881 0.6658673061550759 0.5802524797114518 0.6754596322941646
0 0.8944995491433724 0.3501199040767386 0.9062218214607755 0.34852118305355717 0.9102795311091073 0.34212629896083135 0.9084761045987376 0.32773780975219824 0.8976555455365194 0.31734612310151883 0.89404869251578 0.3165467625899281 0.8895401262398558 0.3237410071942446 0.8863841298467088 0.3341326938449241 0.8863841298467088 0.3413269384492406 0.8944995491433724 0.3501199040767386
0 0.7218214607754734 0.32454036770583533 0.7371505861136158 0.33573141486810554 0.7407574391343553 0.3349320543565148 0.7448151487826871 0.32693844924060755 0.7452660054102795 0.31894484412470026 0.7376014427412083 0.30935251798561153 0.7357980162308386 0.29896083133493206 0.7303877366997296 0.2901678657074341 0.7227231740306583 0.28936850519584334 0.7164111812443643 0.2997601918465228 0.715960324616772 0.31095123900879296 0.7218214607754734 0.32454036770583533
0 0.608205590622182 0.6442845723421263 0.6194770063119928 0.6530775379696243 0.6248872858431019 0.6610711430855316 0.6316501352569882 0.6618705035971224 0.6343552750225429 0.6594724220623502 0.6406672678088369 0.6442845723421263 0.6429215509467989 0.636290967226219 0.6433724075743913 0.6258992805755397 0.6370604147880974 0.6147082334132695 0.6298467087466186 0.6067146282973622 0.6194770063119928 0.6003197442046363 0.6154192966636609 0.60431654676259 0.6068530207394048 0.6314948041566747 0.6064021641118125 0.6402877697841727 0.608205590622182 0.6442845723421263
0 0.9612263300270514 0.9848121502797762 0.9774571686203787 0.9864108713029576 0.9810640216411182 0.982414068745004 0.9801623083859333 0.9672262190247802 0.9761045987376015 0.959232613908873 0.9666366095581606 0.9584332533972821 0.958521190261497 0.9648281374900081 0.9580703336339044 0.9752198241406874 0.9612263300270514 0.9848121502797762
0 0.657799819657349 0.34612310151878495 0.666366095581605 0.3501199040767386 0.6717763751127143 0.3493205435651479 0.674932371505861 0.33892885691446845 0.675834084761046 0.3213429256594725 0.6582506762849414 0.30375699440447645 0.6532912533814247 0.3053557154276579 0.6496844003606853 0.3237410071942446 0.6501352569882777 0.33733013589128696 0.657799819657349 0.34612310151878495
0 0.9305680793507665 0.10071942446043165 0.9368800721370605 0.09912070343725021 0.9413886384129847 0.08792965627498003 0.9400360685302074 0.0783373301358913 0.9328223624887286 0.07194244604316548 0.9251577998196574 0.07194244604316548 0.9206492335437331 0.08233413269384492 0.9206492335437331 0.0903277378097522 0.9305680793507665 0.10071942446043165
0 0.2696122633002705 0.43005595523581136 0.2763751127141569 0.42845723421262993 0.28088367899008115 0.4212629896083134 0.28088367899008115 0.41486810551558756 0.2781785392245266 0.40447641886490815 0.2673579801623084 0.3892885691446843 0.26194770063119927 0.38848920863309355 0.25653742110009015 0.4020783373301359 0.2560865644724978 0.41167066346922465 0.2696122633002705 0.43005595523581136
0 0.6943192064923354 0.48920863309352525 0.6992786293958522 0.4876099120703437 0.703336339044184 0.4740207833733014 0.7019837691614067 0.46282973621103124 0.6974752028854824 0.4596322941646683 0.6920649233543733 0.4596322941646683 0.6871055004508567 0.4684252597921663 0.6880072137060416 0.48441247002398086 0.6943192064923354 0.48920863309352525
0 0.6812443642921551 0.21023181454836132 0.6889089269612263 0.21342925659472425 0.6997294860234445 0.19264588329336532 0.7010820559062219 0.18465227817745802 0.6934174932371506 0.17426059152677859 0.6853020739404869 0.17026378896882494 0.6816952209197475 0.17825739408473223 0.6785392245266005 0.19344524380495606 0.6789900811541929 0.20623501199040767 0.6812443642921551 0.21023181454836132
0 0.7087466185752931 0.09832134292565947 0.7164111812443643 0.11031175059952039 0.721370604147881 0.11270983213429257 0.7294860234445446 0.0903277378097522 0.7303877366997296 0.08393285371702638 0.7272317403065826 0.07753796962430057 0.7191163210099188 0.07034372501998402 0.7141568981064021 0.06954436450839328 0.7119026149684401 0.07274180655475619 0.7087466185752931 0.08393285371702638 0.7087466185752931 0.09832134292565947
0 0.8183047790802525 0.17026378896882494 0.8210099188458071 0.17426059152677859 0.8277727682596934 0.17665867306155078 0.8327321911632102 0.17585931254996007 0.8390441839495041 0.15827338129496404 0.8354373309287646 0.14388489208633096 0.8277727682596934 0.1334932054356515 0.8237150586113616 0.1334932054356515 0.8174030658250677 0.1542765787370104 0.8169522091974751 0.1654676258992806 0.8183047790802525 0.17026378896882494
0 0.9346257889990982 0.20783373301358915 0.9350766456266908 0.2270183852917666 0.9427412082957619 0.2334132693844924 0.9504057709648331 0.23261390887290168 0.9540126239855725 0.22062350119904078 0.9513074842200181 0.2038369304556355 0.9427412082957619 0.19024780175859313 0.9391343552750226 0.18864908073541167 0.9341749323715058 0.19424460431654678 0.9314697926059514 0.19984012789768185 0.9346257889990982 0.20783373301358915
0 0.9792605951307485 0.5707434052757794 0.9873760144274121 0.5739408473221423 0.9941388638412986 0.5707434052757794 0.996844003606853 0.565947242206235 0.9977457168620378 0.5555555555555556 0.9995491433724076 0.5547561950439649 0.9995491433724076 0.5307753796962431 0.9981965734896302 0.5307753796962431 0.9945897204688909 0.521982414068745 0.9837691614066727 0.5179856115107914 0.9810640216411182 0.5227817745803358 0.9743011722272317 0.5515587529976019 0.9738503155996393 0.5619504396482814 0.9792605951307485 0.5707434052757794
0 0.8476104598737602 0.5155875299760192 0.8615870153291254 0.5259792166266987 0.8669972948602345 0.5243804956035172 0.8737601442741209 0.5075939248601119 0.8737601442741209 0.5019984012789769 0.869702434625789 0.4924060751398881 0.8579801623083859 0.4804156674660272 0.8539224526600542 0.4788169464428457 0.8485121731289451 0.48201438848920863 0.8440036068530207 0.49960031974420466 0.8435527502254283 0.5067945643485212 0.8476104598737602 0.5155875299760192
0 0.5563570784490532 0.07434052757793765 0.5613165013525699 0.07513988808952839 0.5640216411181245 0.07274180655475619 0.5680793507664563 0.06314948041566747 0.5676284941388638 0.050359712230215826 0.5644724977457168 0.04156674660271783 0.5608656447249775 0.03756994404476419 0.5568079350766456 0.03836930455635491 0.5527502254283138 0.05195843325339729 0.5518485121731289 0.06794564348521183 0.5563570784490532 0.07434052757793765