0 0.6866546438232641 0.09512390087929656 0.6956717763751128 0.09192645883293366 0.6956717763751128 0.05435651478816946 0.6934174932371506 0.05115907274180656 0.6889089269612263 0.050359712230215826 0.6812443642921551 0.050359712230215826 0.6780883678990081 0.05355715427657874 0.6785392245266005 0.09112709832134293 0.6866546438232641 0.09512390087929656
0 0.6925157799819658 0.18225419664268586 0.6956717763751128 0.17905675459632295 0.6965734896302976 0.15987210231814547 0.6952209197475203 0.1542765787370104 0.6807935076645627 0.15187849720223823 0.6771866546438233 0.15507593924860114 0.6776375112714157 0.1806554756195044 0.6925157799819658 0.18225419664268586
0 0.9341749323715058 0.4012789768185452 0.9350766456266908 0.38529176658673064 0.9314697926059514 0.3661071143085532 0.9215509467989179 0.3645083932853717 0.9197475202885483 0.3661071143085532 0.9179440937781785 0.3733013589128697 0.9183949504057709 0.4020783373301359 0.9341749323715058 0.4012789768185452
0 0.8124436429215509 0.18545163868904876 0.8142470694319207 0.19744204636290968 0.8282236248872858 0.19904076738609114 0.8295761947700632 0.19664268585131894 0.8300270513976555 0.18145483613109514 0.8277727682596934 0.17266187050359713 0.8137962128043282 0.17266187050359713 0.8124436429215509 0.1750599520383693 0.8124436429215509 0.18545163868904876
0 0.09828674481514879 0.4924060751398881 0.1127141568981064 0.49160671462829736 0.11587015329125337 0.4876099120703437 0.11587015329125337 0.4796163069544365 0.11406672678088368 0.4772182254196643 0.09918845807033362 0.4788169464428457 0.09648331830477908 0.48201438848920863 0.09603246167718665 0.4852118305355716 0.09828674481514879 0.4924060751398881
0 0.5432822362488728 0.036770583533173466 0.5536519386834987 0.03836930455635491 0.5563570784490532 0.03597122302158274 0.5568079350766456 0.019984012789768184 0.5550045085662759 0.013589128697042365 0.5450856627592425 0.011191047162270184 0.5419296663660956 0.014388489208633094 0.5414788097385032 0.02557953637090328 0.5432822362488728 0.036770583533173466
0 0.4129846708746619 0.6826538768984812 0.433273219116321 0.6826538768984812 0.44679891794409377 0.6882494004796164 0.45356176735798015 0.6826538768984812 0.45671776375112716 0.6698641087130296 0.4549143372407574 0.6578737010391686 0.4486023444544635 0.6498800959232613 0.4368800721370604 0.6458832933653078 0.42335437330928766 0.645083932853717 0.41568981064021643 0.645083932853717 0.4125338142470695 0.6498800959232613 0.41073038773669973 0.6698641087130296 0.4129846708746619 0.6826538768984812
0 0.6690712353471596 0.23980815347721826 0.6704238052299368 0.21822541966426862 0.6690712353471596 0.2030375699440448 0.6605049594229035 0.19984012789768185 0.6573489630297565 0.20463629096722624 0.657799819657349 0.23900879296562752 0.6690712353471596 0.23980815347721826
0 0.8724075743913436 0.05115907274180656 0.8877366997294861 0.05275779376498801 0.8899909828674482 0.050359712230215826 0.8890892696122633 0.03517186250999201 0.872858431018936 0.03437250199840128 0.8710550045085662 0.03597122302158274 0.8724075743913436 0.05115907274180656
0 0.7339945897204688 0.9744204636290967 0.7448151487826871 0.9808153477218226 0.7578899909828674 0.9808153477218226 0.7614968440036068 0.9552358113509193 0.7646528403967539 0.9584332533972821 0.7777276825969343 0.9616306954436452 0.796663660955816 0.9624300559552359 0.8007213706041478 0.9432454036770584 0.80297565374211 0.9216626698641087 0.8043282236248873 0.8872901678657075 0.7984670874661858 0.8832933653077538 0.7236248872858432 0.8633093525179857 0.7200180342651037 0.8745003996802558 0.7168620378719567 0.8928856914468426 0.7141568981064021 0.9312549960031975 0.7114517583408476 0.9456434852118306 0.7119026149684401 0.9672262190247802 0.7339945897204688 0.9744204636290967
0 0.9598737601442742 0.4268585131894485 0.967087466185753 0.42845723421262993 0.9702434625789 0.4196642685851319 0.9715960324616773 0.407673860911271 0.9706943192064924 0.3876898481215028 0.967087466185753 0.3828936850519585 0.9598737601442742 0.37969624300559557 0.9562669071235348 0.3820943245403677 0.95536519386835 0.38848920863309355 0.95536519386835 0.4212629896083134 0.9598737601442742 0.4268585131894485
0 0.872858431018936 0.07194244604316548 0.8868349864743011 0.07274180655475619 0.8895401262398558 0.06794564348521183 0.8895401262398558 0.059952038369304565 0.8872858431018936 0.05435651478816946 0.8733092876465285 0.05275779376498801 0.8710550045085662 0.05755395683453238 0.8706041478809738 0.0671462829736211 0.872858431018936 0.07194244604316548
0 0.9165915238954013 0.3309352517985612 0.9192966636609557 0.35411670663469225 0.9247069431920649 0.3581135091926459 0.9341749323715058 0.3573141486810552 0.9355275022542832 0.3525179856115108 0.9355275022542832 0.3349320543565148 0.9323715058611362 0.32214228617106316 0.9283137962128044 0.31894484412470026 0.9188458070333634 0.3205435651478817 0.9165915238954013 0.32454036770583533 0.9165915238954013 0.3309352517985612
0 0.13570784490532012 0.9768185451638689 0.14021641118124437 0.9880095923261392 0.1492335437330929 0.9880095923261392 0.1568981064021641 0.9952038369304558 0.17177637511271418 0.9904076738609113 0.17132551848512173 0.9728217426059154 0.16816952209197475 0.9616306954436452 0.14833183047790804 0.9624300559552359 0.1375112714156898 0.9672262190247802 0.13570784490532012 0.9704236610711432 0.13570784490532012 0.9768185451638689
0 0.5446348061316502 0.08313349320543566 0.5554553651938684 0.08393285371702638 0.5572587917042381 0.07993605115907274 0.5581605049594229 0.0671462829736211 0.5559062218214608 0.045563549160671464 0.5541027953110911 0.042366107114308556 0.5468890892696122 0.042366107114308556 0.5432822362488728 0.04636290967226219 0.5428313796212805 0.07034372501998402 0.5446348061316502 0.08313349320543566
0 0.675834084761046 0.03597122302158274 0.6767357980162308 0.03916866506794565 0.6821460775473399 0.04396482813749002 0.6956717763751128 0.042366107114308556 0.69702434625789 0.019984012789768184 0.6961226330027052 0 0.6780883678990081 0 0.6771866546438233 0.00639488409272582 0.6776375112714157 0.02158273381294964 0.675834084761046 0.03597122302158274
0 0.7642019837691614 0.9920063948840928 0.7664562669071235 0.9944044764188649 0.7768259693417493 0.9968025579536371 0.7781785392245266 0.9992006394884093 0.7953110910730388 0.9992006394884093 0.7971145175834086 0.9928057553956835 0.7975653742110009 0.9776179056754596 0.7944093778178539 0.9728217426059154 0.7682596934174932 0.9656274980015987 0.7646528403967539 0.9688249400479617 0.763751127141569 0.9752198241406874 0.7633002705139765 0.9872102318145485 0.7642019837691614 0.9920063948840928
0 0.784941388638413 0.30295763389288566 0.793507664562669 0.3077537969624301 0.8038773669972948 0.3069544364508393 0.8047790802524797 0.2805755395683453 0.80297565374211 0.27098321342925663 0.7971145175834086 0.2677857713828937 0.7894499549143373 0.2685851318944844 0.784941388638413 0.27577937649880097 0.7840396753832282 0.2813749000799361 0.7835888187556357 0.2997601918465228 0.784941388638413 0.30295763389288566
0 0.1708746618575293 0.48201438848920863 0.1898106402164112 0.48201438848920863 0.19251577998196576 0.48121502797761795 0.19386834986474302 0.47801758593125504 0.19251577998196576 0.44924060751398887 0.19071235347159604 0.4452438049560352 0.17853922452660054 0.4452438049560352 0.16862037871956717 0.4572342126298961 0.16862037871956717 0.4772182254196643 0.1708746618575293 0.48201438848920863
0 0.8706041478809738 0.18545163868904876 0.872858431018936 0.19024780175859313 0.8872858431018936 0.1918465227817746 0.8890892696122633 0.18864908073541167 0.8890892696122633 0.18145483613109514 0.8868349864743011 0.17825739408473223 0.8724075743913436 0.17825739408473223 0.8706041478809738 0.18145483613109514 0.8706041478809738 0.18545163868904876
0 0.7218214607754734 0.34212629896083135 0.7272317403065826 0.3445243804956035 0.74165915238954 0.34372501998401284 0.7443642921550947 0.33573141486810554 0.7448151487826871 0.31095123900879296 0.7430117222723175 0.3045563549160672 0.739404869251578 0.30135891286970423 0.7236248872858432 0.302158273381295 0.7218214607754734 0.3085531574740208 0.7204688908926962 0.3261390887290168 0.7200180342651037 0.33812949640287776 0.7218214607754734 0.34212629896083135
0 0.4891794409377818 0.8928856914468426 0.5004508566275925 0.8984812150279777 0.5112714156898106 0.8992805755395684 0.5135256988277728 0.8968824940047961 0.5148782687105501 0.8832933653077538 0.5130748422001803 0.8776978417266187 0.49233543733092877 0.871302957633893 0.49008115419296666 0.871302957633893 0.48737601442741213 0.8752997601918465 0.48692515779981965 0.8864908073541167 0.4891794409377818 0.8928856914468426
0 0.6916140667267809 0.29256594724220625 0.7015329125338142 0.2965627498001599 0.7096483318304779 0.29576338928856916 0.7128043282236249 0.2733812949640288 0.7128043282236249 0.2613908872901679 0.7100991884580703 0.25099920063948844 0.706492335437331 0.2470023980815348 0.6961226330027052 0.24460431654676262 0.6925157799819658 0.2478017585931255 0.6893597835888188 0.25739408473221426 0.6889089269612263 0.26938449240607515 0.6916140667267809 0.29256594724220625
0 0.7889990982867447 0.25819344524380494 0.8043282236248873 0.2597921662669864 0.8070333633904418 0.2549960031974421 0.8070333633904418 0.2334132693844924 0.8038773669972948 0.21982414068745004 0.7903516681695222 0.22062350119904078 0.7880973850315599 0.23741007194244604 0.7876465284039675 0.2517985611510791 0.7889990982867447 0.25819344524380494
0 0.6370604147880974 0.9456434852118306 0.6406672678088369 0.9488409272581935 0.6487826871055005 0.9504396482813751 0.657799819657349 0.9504396482813751 0.6618575293056808 0.9480415667466028 0.6654643823264202 0.9400479616306955 0.6677186654643824 0.9136690647482014 0.6668169522091975 0.9008792965627499 0.6605049594229035 0.8936850519584333 0.6465284039675383 0.8928856914468426 0.6420198376916141 0.894484412470024 0.639765554553652 0.9024780175859313 0.6361587015329125 0.9352517985611511 0.6370604147880974 0.9456434852118306
0 0.4147880973850316 0.9784172661870505 0.42651036970243467 0.9840127897681855 0.4355275022542831 0.9840127897681855 0.43778178539224527 0.959232613908873 0.43507664562669074 0.9504396482813751 0.42425608656447256 0.9480415667466028 0.4143372407574391 0.9504396482813751 0.41343552750225426 0.973621103117506 0.4147880973850316 0.9784172661870505