0 0.9490532010820559 0.9392486011191048 0.9702434625789 0.9408473221422862 0.9711451758340848 0.920863309352518 0.9693417493237151 0.9144684252597922 0.9643823264201984 0.9104716227018386 0.9535617673579802 0.9072741806554757 0.9499549143372408 0.9080735411670664 0.9481514878268711 0.9128697042366107 0.9477006311992787 0.9336530775379696 0.9490532010820559 0.9392486011191048
0 0.445897204688909 0.9376498800959233 0.4743011722272317 0.9392486011191048 0.47610459873760147 0.9352517985611511 0.4765554553651939 0.915267785771383 0.47024346257889993 0.8992805755395684 0.4634806131650135 0.897681854516387 0.45987376014427417 0.9040767386091128 0.4495040577096483 0.9000799360511591 0.4436429215509468 0.9032773780975221 0.44229035166816955 0.906474820143885 0.44183949504057707 0.9216626698641087 0.445897204688909 0.9376498800959233
0 0.587917042380523 0.8561151079136692 0.594229035166817 0.8569144684252599 0.6018935978358882 0.853717026378897 0.6036970243462578 0.841726618705036 0.6023444544634806 0.8369304556354917 0.5996393146979261 0.8345323741007195 0.5883678990081154 0.8345323741007195 0.5856627592425608 0.8377298161470824 0.5852119026149685 0.8489208633093526 0.587917042380523 0.8561151079136692
0 0.9634806131650135 0.8553157474020784 0.9711451758340848 0.8561151079136692 0.9743011722272317 0.8529176658673061 0.9743011722272317 0.8401278976818546 0.9724977457168621 0.8361310951239008 0.9684400360685302 0.8337330135891287 0.9630297565374212 0.8337330135891287 0.9616771866546439 0.8361310951239008 0.9616771866546439 0.8489208633093526 0.9634806131650135 0.8553157474020784
0 0.39720468890892696 0.827338129496403 0.4012623985572588 0.8377298161470824 0.415238954012624 0.841726618705036 0.4287646528403968 0.841726618705036 0.43192064923354373 0.8377298161470824 0.433273219116321 0.8193445243804957 0.42831379621280435 0.800959232613909 0.40577096483318303 0.7961630695443646 0.3954012623985573 0.7961630695443646 0.39314697926059516 0.800959232613909 0.39269612263300274 0.82414068745004 0.39720468890892696 0.827338129496403
0 0.5707844905320109 0.9656274980015987 0.5960324616771866 0.9696243005595524 0.5987376014427412 0.9680255795363709 0.6005410279531108 0.9632294164668266 0.6014427412082958 0.9376498800959233 0.5978358881875564 0.9304556354916067 0.5707844905320109 0.9264588329336532 0.5671776375112715 0.9336530775379696 0.5658250676284942 0.9448441247002399 0.5658250676284942 0.9600319744204637 0.5707844905320109 0.9656274980015987
0 0.5883678990081154 0.7889688249400479 0.6000901713255185 0.7921662669864108 0.60595130748422 0.7905675459632294 0.6064021641118125 0.7753796962430056 0.6023444544634806 0.7681854516386891 0.5901713255184852 0.765787370103917 0.5865644724977458 0.7689848121502798 0.5861136158701533 0.7809752198241406 0.5883678990081154 0.7889688249400479
0 0.8593327321911632 0.9976019184652279 0.8710550045085662 0.9960031974420465 0.8778178539224527 0.9904076738609113 0.8796212804328223 0.9616306954436452 0.8787195671776376 0.9496402877697842 0.8764652840396754 0.9416466826538769 0.8656447249774571 0.9392486011191048 0.8606853020739406 0.9424460431654678 0.8575293056807936 0.9640287769784173 0.8575293056807936 0.9944044764188649 0.8593327321911632 0.9976019184652279
0 0.9404869251577999 0.8425259792166268 0.9486023444544635 0.841726618705036 0.9508566275924257 0.8377298161470824 0.9513074842200181 0.815347721822542 0.9495040577096483 0.809752198241407 0.9368800721370605 0.809752198241407 0.9188458070333634 0.8057553956834532 0.9111812443642923 0.8081534772182254 0.9116321009918846 0.8353317346123101 0.9404869251577999 0.8425259792166268
0 0.5234445446348062 0.9424460431654678 0.5369702434625789 0.9440447641886491 0.5405770964833183 0.9400479616306955 0.5401262398557259 0.929656274980016 0.5365193868349865 0.9240607513988809 0.5252479711451759 0.9240607513988809 0.5216411181244364 0.9280575539568345 0.521190261496844 0.9360511590727418 0.5234445446348062 0.9424460431654678
0 0.963931469792606 0.8968824940047961 0.9770063119927863 0.8992805755395684 0.9779080252479712 0.885691446842526 0.9738503155996393 0.8760991207034373 0.9702434625789 0.876898481215028 0.9630297565374212 0.885691446842526 0.9625788999098286 0.8936850519584333 0.963931469792606 0.8968824940047961
0 0.34986474301172227 0.8145483613109513 0.369702434625789 0.8145483613109513 0.37240757439134353 0.7825739408473221 0.37240757439134353 0.771382893685052 0.3701532912533814 0.7641886490807354 0.3606853020739405 0.7545963229416467 0.3530207394048692 0.7521982414068745 0.348512173128945 0.753796962430056 0.34490532010820557 0.7641886490807354 0.345356176735798 0.8113509192645884 0.34986474301172227 0.8145483613109513
0 0.9612263300270514 0.8201438848920864 0.9630297565374212 0.8289368505195844 0.9878268710550046 0.8305355715427658 0.9905320108205591 0.827338129496403 0.9918845807033364 0.8193445243804957 0.9918845807033364 0.8137490007993605 0.9887285843101894 0.8113509192645884 0.9625788999098286 0.8081534772182254 0.9612263300270514 0.8105515587529977 0.9612263300270514 0.8201438848920864
0 0.6713255184851218 0.9176658673061552 0.6735798016230838 0.9200639488409273 0.694770063119928 0.9240607513988809 0.7006311992786294 0.9240607513988809 0.7037871956717764 0.920863309352518 0.7042380522993689 0.9048760991207034 0.7024346257889991 0.8992805755395684 0.6825969341749324 0.8952837729816148 0.6704238052299368 0.8968824940047961 0.6704238052299368 0.9128697042366107 0.6713255184851218 0.9176658673061552
0 0.5220919747520288 0.9080735411670664 0.5450856627592425 0.9104716227018386 0.5541027953110911 0.9088729016786572 0.5550045085662759 0.8912869704236611 0.5541027953110911 0.8816946442845724 0.5518485121731289 0.876898481215028 0.5225428313796213 0.8729016786570745 0.521190261496844 0.8776978417266187 0.5207394048692516 0.9032773780975221 0.5220919747520288 0.9080735411670664
0 0.6330027051397656 0.8561151079136692 0.6352569882777277 0.8649080735411672 0.6573489630297565 0.8689048760991207 0.6636609558160506 0.8665067945643485 0.6641118124436429 0.8385291766586731 0.6618575293056808 0.827338129496403 0.6573489630297565 0.8161470823341327 0.6519386834986475 0.8121502797761792 0.6375112714156899 0.8105515587529977 0.6298467087466186 0.8105515587529977 0.6257889990982868 0.8137490007993605 0.6257889990982868 0.8481215027977619 0.6330027051397656 0.8561151079136692
0 0.824165915238954 0.8832933653077538 0.8327321911632102 0.8872901678657075 0.8435527502254283 0.8864908073541167 0.8462578899909828 0.8832933653077538 0.8471596032461677 0.8641087130295764 0.8449053201082056 0.844924060751399 0.8390441839495041 0.8457234212629897 0.8376916140667268 0.8529176658673061 0.8349864743011722 0.8569144684252599 0.825067628494139 0.853717026378897 0.8223624887285843 0.8569144684252599 0.8223624887285843 0.871302957633893 0.824165915238954 0.8832933653077538